0.1 1.16324e-05 
0.2 2.3191e-05 
0.3 3.46027e-05 
0.4 4.57952e-05 
0.5 5.66981e-05 
0.6 6.72432e-05 
0.7 7.73651e-05 
0.8 8.70016e-05 
0.9 9.60944e-05 
1 0.00010459 
1.1 0.000112438 
1.2 0.000119596 
1.3 0.000126026 
1.4 0.000131695 
1.5 0.00013658 
1.6 0.000140661 
1.7 0.000143929 
1.8 0.000146381 
1.9 0.000148022 
2 0.000148864 
2.1 0.000148929 
2.2 0.000148247 
2.3 0.000146855 
2.4 0.000144799 
2.5 0.000142132 
2.6 0.000138914 
2.7 0.000135214 
2.8 0.000131105 
2.9 0.000126665 
3 0.00012198 
3.1 0.000117136 
3.2 0.000112224 
3.3 0.000107335 
3.4 0.00010256 
3.5 9.79887e-05 
3.6 9.37086e-05 
3.7 8.98014e-05 
3.8 8.63429e-05 
3.9 8.34008e-05 
4 8.10332e-05 
4.1 7.92866e-05 
4.2 7.81948e-05 
4.3 7.77771e-05 
4.4 7.8037e-05 
4.5 7.89613e-05 
4.6 8.05188e-05 
4.7 8.26597e-05 
4.8 8.53156e-05 
4.9 8.8399e-05 
5 9.18036e-05 
5.1 9.5405e-05 
5.2 9.90619e-05 
5.3 0.000102617 
5.4 0.000105899 
5.5 0.000108726 
5.6 0.000110903 
5.7 0.000112232 
5.8 0.000112508 
5.9 0.000111528 
6 0.000109089 
6.1 0.000104994 
6.2 9.90564e-05 
6.3 9.11003e-05 
6.4 8.09661e-05 
6.5 6.8512e-05 
6.6 5.36173e-05 
6.7 3.61842e-05 
6.8 1.61399e-05 
6.9 -6.56186e-06 
7 -3.19406e-05 
7.1 -5.99881e-05 
7.2 -9.06691e-05 
7.3 -0.000123922 
7.4 -0.00015966 
7.5 -0.000197775 
7.6 -0.000238135 
7.7 -0.000280596 
7.8 -0.000324994 
7.9 -0.000371161 
8 -0.000418919 
8.1 -0.000468091 
8.2 -0.000518501 
8.3 -0.000569983 
8.4 -0.000622381 
8.5 -0.000675556 
8.6 -0.00072939 
8.7 -0.000783788 
8.8 -0.000838683 
8.9 -0.000894036 
9 -0.000949841 
9.1 -0.00100612 
9.2 -0.00106295 
9.3 -0.0011204 
9.4 -0.00117861 
9.5 -0.00123772 
9.6 -0.00129794 
9.7 -0.00135945 
9.8 -0.00142249 
9.9 -0.00148731 
10 -0.00155416 
10.1 -0.0016233 
10.2 -0.001695 
10.3 -0.00176952 
10.4 -0.00184711 
10.5 -0.001928 
10.6 -0.00201241 
10.7 -0.00210052 
10.8 -0.00219249 
10.9 -0.00228845 
11 -0.0023885 
11.1 -0.00249267 
11.2 -0.00260099 
11.3 -0.00271342 
11.4 -0.00282989 
11.5 -0.0029503 
11.6 -0.00307449 
11.7 -0.0032023 
11.8 -0.0033335 
11.9 -0.00346786 
12 -0.00360511 
12.1 -0.00374497 
12.2 -0.00388716 
12.3 -0.00403138 
12.4 -0.00417731 
12.5 -0.00432468 
12.6 -0.00447319 
12.7 -0.00462258 
12.8 -0.00477261 
12.9 -0.00492303 
13 -0.00507368 
13.1 -0.00522437 
13.2 -0.005375 
13.3 -0.00552545 
13.4 -0.00567569 
13.5 -0.00582569 
13.6 -0.00597547 
13.7 -0.00612507 
13.8 -0.00627459 
13.9 -0.00642413 
14 -0.00657382 
14.1 -0.00672381 
14.2 -0.00687427 
14.3 -0.00702537 
14.4 -0.00717729 
14.5 -0.00733019 
14.6 -0.00748426 
14.7 -0.00763963 
14.8 -0.00779645 
14.9 -0.00795483 
15 -0.00811485 
15.1 -0.00827656 
15.2 -0.00843999 
15.3 -0.00860512 
15.4 -0.00877191 
15.5 -0.00894027 
15.6 -0.00911008 
15.7 -0.00928117 
15.8 -0.00945337 
15.9 -0.00962644 
16 -0.00980014 
16.1 -0.00997419 
16.2 -0.0101483 
16.3 -0.0103222 
16.4 -0.0104955 
16.5 -0.0106679 
16.6 -0.0108392 
16.7 -0.0110089 
16.8 -0.0111767 
16.9 -0.0113425 
17 -0.0115058 
17.1 -0.0116665 
17.2 -0.0118242 
17.3 -0.0119789 
17.4 -0.0121302 
17.5 -0.0122781 
17.6 -0.0124224 
17.7 -0.012563 
17.8 -0.0126998 
17.9 -0.0128328 
18 -0.0129619 
18.1 -0.0130871 
18.2 -0.0132084 
18.3 -0.0133257 
18.4 -0.0134392 
18.5 -0.0135487 
18.6 -0.0136544 
18.7 -0.0137561 
18.8 -0.0138539 
18.9 -0.0139477 
19 -0.0140375 
19.1 -0.0141232 
19.2 -0.0142047 
19.3 -0.0142819 
19.4 -0.0143547 
19.5 -0.0144229 
19.6 -0.0144864 
19.7 -0.0145448 
19.8 -0.0145981 
19.9 -0.0146459 
20 -0.0146881 
20.1 -0.0147243 
20.2 -0.0147544 
20.3 -0.014778 
20.4 -0.0147949 
20.5 -0.0148049 
20.6 -0.0148077 
20.7 -0.0148032 
20.8 -0.014791 
20.9 -0.014771 
21 -0.0147431 
21.1 -0.0147072 
21.2 -0.0146631 
21.3 -0.0146107 
21.4 -0.01455 
21.5 -0.014481 
21.6 -0.0144037 
21.7 -0.0143181 
21.8 -0.0142241 
21.9 -0.014122 
22 -0.0140117 
22.1 -0.0138932 
22.2 -0.0137668 
22.3 -0.0136323 
22.4 -0.01349 
22.5 -0.0133398 
22.6 -0.0131818 
22.7 -0.0130159 
22.8 -0.0128422 
22.9 -0.0126607 
23 -0.0124712 
23.1 -0.0122737 
23.2 -0.0120681 
23.3 -0.0118543 
23.4 -0.011632 
23.5 -0.0114011 
23.6 -0.0111614 
23.7 -0.0109126 
23.8 -0.0106546 
23.9 -0.010387 
24 -0.0101097 
24.1 -0.00982239 
24.2 -0.00952483 
24.3 -0.00921682 
24.4 -0.00889817 
24.5 -0.00856871 
24.6 -0.0082283 
24.7 -0.00787686 
24.8 -0.00751432 
24.9 -0.00714067 
25 -0.00675593 
25.1 -0.00636018 
25.2 -0.00595355 
25.3 -0.00553619 
25.4 -0.00510834 
25.5 -0.00467024 
25.6 -0.00422219 
25.7 -0.00376451 
25.8 -0.00329757 
25.9 -0.00282174 
26 -0.00233743 
26.1 -0.00184504 
26.2 -0.00134498 
26.3 -0.00083766 
26.4 -0.00032348 
26.5 0.000197185 
26.6 0.000723979 
26.7 0.00125658 
26.8 0.0017947 
26.9 0.00233809 
27 0.00288654 
27.1 0.0034399 
27.2 0.00399805 
27.3 0.00456094 
27.4 0.00512853 
27.5 0.00570087 
27.6 0.00627803 
27.7 0.00686011 
27.8 0.00744725 
27.9 0.00803963 
28 0.00863745 
28.1 0.0092409 
28.2 0.00985021 
28.3 0.0104656 
28.4 0.0110872 
28.5 0.0117154 
28.6 0.0123501 
28.7 0.0129916 
28.8 0.0136401 
28.9 0.0142954 
29 0.0149577 
29.1 0.0156269 
29.2 0.0163029 
29.3 0.0169856 
29.4 0.0176747 
29.5 0.0183701 
29.6 0.0190714 
29.7 0.0197781 
29.8 0.02049 
29.9 0.0212065 
30 0.0219272 
30.1 0.0226515 
30.2 0.0233789 
30.3 0.0241088 
30.4 0.0248406 
30.5 0.0255738 
30.6 0.0263078 
30.7 0.0270419 
30.8 0.0277758 
30.9 0.0285088 
31 0.0292405 
31.1 0.0299705 
31.2 0.0306984 
31.3 0.0314239 
31.4 0.0321466 
31.5 0.0328664 
31.6 0.0335831 
31.7 0.0342965 
31.8 0.0350066 
31.9 0.0357133 
32 0.0364168 
32.1 0.037117 
32.2 0.0378141 
32.3 0.0385082 
32.4 0.0391995 
32.5 0.0398881 
32.6 0.0405743 
32.7 0.0412582 
32.8 0.04194 
32.9 0.0426198 
33 0.043298 
33.1 0.0439745 
33.2 0.0446494 
33.3 0.045323 
33.4 0.0459951 
33.5 0.0466657 
33.6 0.0473349 
33.7 0.0480025 
33.8 0.0486684 
33.9 0.0493323 
34 0.049994 
34.1 0.0506533 
34.2 0.0513099 
34.3 0.0519633 
34.4 0.0526132 
34.5 0.0532592 
34.6 0.0539009 
34.7 0.0545378 
34.8 0.0551695 
34.9 0.0557956 
35 0.0564155 
35.1 0.0570289 
35.2 0.0576354 
35.3 0.0582346 
35.4 0.058826 
35.5 0.0594094 
35.6 0.0599845 
35.7 0.060551 
35.8 0.0611087 
35.9 0.0616574 
36 0.0621969 
36.1 0.0627272 
36.2 0.0632482 
36.3 0.0637599 
36.4 0.0642622 
36.5 0.0647552 
36.6 0.0652391 
36.7 0.0657138 
36.8 0.0661795 
36.9 0.0666363 
37 0.0670843 
37.1 0.0675238 
37.2 0.0679547 
37.3 0.0683773 
37.4 0.0687917 
37.5 0.069198 
37.6 0.0695963 
37.7 0.0699867 
37.8 0.0703692 
37.9 0.0707439 
38 0.0711107 
38.1 0.0714697 
38.2 0.0718208 
38.3 0.0721639 
38.4 0.072499 
38.5 0.0728258 
38.6 0.0731443 
38.7 0.0734543 
38.8 0.0737555 
38.9 0.0740479 
39 0.0743311 
39.1 0.074605 
39.2 0.0748693 
39.3 0.0751237 
39.4 0.0753682 
39.5 0.0756024 
39.6 0.0758261 
39.7 0.0760392 
39.8 0.0762414 
39.9 0.0764326 
40 0.0766126 
40.1 0.0767813 
40.2 0.0769386 
40.3 0.0770843 
40.4 0.0772185 
40.5 0.077341 
40.6 0.0774518 
40.7 0.0775509 
40.8 0.0776382 
40.9 0.0777139 
41 0.0777779 
41.1 0.0778302 
41.2 0.0778708 
41.3 0.0778999 
41.4 0.0779175 
41.5 0.0779235 
41.6 0.0779181 
41.7 0.0779012 
41.8 0.0778729 
41.9 0.0778332 
42 0.0777821 
42.1 0.0777196 
42.2 0.0776456 
42.3 0.0775601 
42.4 0.0774631 
42.5 0.0773545 
42.6 0.0772341 
42.7 0.077102 
42.8 0.076958 
42.9 0.076802 
43 0.0766338 
43.1 0.0764534 
43.2 0.0762606 
43.3 0.0760552 
43.4 0.0758371 
43.5 0.0756062 
43.6 0.0753623 
43.7 0.0751053 
43.8 0.074835 
43.9 0.0745514 
44 0.0742544 
44.1 0.0739438 
44.2 0.0736195 
44.3 0.0732815 
44.4 0.0729297 
44.5 0.072564 
44.6 0.0721844 
44.7 0.0717909 
44.8 0.0713834 
44.9 0.0709619 
45 0.0705264 
45.1 0.0700768 
45.2 0.0696133 
45.3 0.0691356 
45.4 0.0686439 
45.5 0.0681381 
45.6 0.0676182 
45.7 0.0670841 
45.8 0.0665358 
45.9 0.0659732 
46 0.0653962 
46.1 0.0648048 
46.2 0.0641987 
46.3 0.063578 
46.4 0.0629425 
46.5 0.0622918 
46.6 0.061626 
46.7 0.0609448 
46.8 0.0602479 
46.9 0.0595351 
47 0.0588062 
47.1 0.0580609 
47.2 0.0572989 
47.3 0.05652 
47.4 0.0557239 
47.5 0.0549102 
47.6 0.0540787 
47.7 0.0532291 
47.8 0.0523611 
47.9 0.0514745 
48 0.050569 
48.1 0.0496444 
48.2 0.0487003 
48.3 0.0477367 
48.4 0.0467533 
48.5 0.0457498 
48.6 0.0447262 
48.7 0.0436824 
48.8 0.0426181 
48.9 0.0415333 
49 0.0404278 
49.1 0.0393017 
49.2 0.0381548 
49.3 0.0369871 
49.4 0.0357985 
49.5 0.0345891 
49.6 0.0333587 
49.7 0.0321073 
49.8 0.030835 
49.9 0.0295415 
50 0.028227 
50.1 0.0268913 
50.2 0.0255343 
50.3 0.024156 
50.4 0.0227561 
50.5 0.0213347 
50.6 0.0198914 
50.7 0.0184261 
50.8 0.0169386 
50.9 0.0154286 
51 0.0138958 
51.1 0.0123399 
51.2 0.0107606 
51.3 0.00915754 
51.4 0.00753028 
51.5 0.00587844 
51.6 0.00420159 
51.7 0.0024993 
51.8 0.000771107 
51.9 -0.000983445 
52 -0.00276482 
52.1 -0.00457348 
52.2 -0.00640988 
52.3 -0.00827448 
52.4 -0.0101677 
52.5 -0.01209 
52.6 -0.0140416 
52.7 -0.0160231 
52.8 -0.0180348 
52.9 -0.0200768 
53 -0.0221496 
53.1 -0.0242533 
53.2 -0.0263882 
53.3 -0.0285543 
53.4 -0.0307517 
53.5 -0.0329806 
53.6 -0.035241 
53.7 -0.0375327 
53.8 -0.0398558 
53.9 -0.0422101 
54 -0.0445954 
54.1 -0.0470117 
54.2 -0.0494586 
54.3 -0.0519359 
54.4 -0.0544433 
54.5 -0.0569806 
54.6 -0.0595473 
54.7 -0.0621431 
54.8 -0.0647678 
54.9 -0.0674208 
55 -0.0701019 
55.1 -0.0728106 
55.2 -0.0755466 
55.3 -0.0783094 
55.4 -0.0810987 
55.5 -0.083914 
55.6 -0.0867551 
55.7 -0.0896214 
55.8 -0.0925127 
55.9 -0.0954284 
56 -0.0983682 
56.1 -0.101332 
56.2 -0.104318 
56.3 -0.107328 
56.4 -0.11036 
56.5 -0.113414 
56.6 -0.116489 
56.7 -0.119585 
56.8 -0.122701 
56.9 -0.125837 
57 -0.128991 
57.1 -0.132164 
57.2 -0.135353 
57.3 -0.138559 
57.4 -0.141781 
57.5 -0.145016 
57.6 -0.148264 
57.7 -0.151524 
57.8 -0.154794 
57.9 -0.158072 
58 -0.161358 
58.1 -0.164649 
58.2 -0.167943 
58.3 -0.171239 
58.4 -0.174534 
58.5 -0.177826 
58.6 -0.181114 
58.7 -0.184393 
58.8 -0.187663 
58.9 -0.190919 
59 -0.194161 
59.1 -0.197384 
59.2 -0.200586 
59.3 -0.203764 
59.4 -0.206914 
59.5 -0.210035 
59.6 -0.213123 
59.7 -0.216175 
59.8 -0.219187 
59.9 -0.222156 
60 -0.22508 
60.1 -0.227955 
60.2 -0.230779 
60.3 -0.233547 
60.4 -0.236257 
60.5 -0.238906 
60.6 -0.241491 
60.7 -0.24401 
60.8 -0.246458 
60.9 -0.248834 
61 -0.251135 
61.1 -0.253358 
61.2 -0.255501 
61.3 -0.257561 
61.4 -0.259535 
61.5 -0.261423 
61.6 -0.263221 
61.7 -0.264927 
61.8 -0.26654 
61.9 -0.268057 
62 -0.269478 
62.1 -0.270799 
62.2 -0.27202 
62.3 -0.273139 
62.4 -0.274155 
62.5 -0.275067 
62.6 -0.275873 
62.7 -0.276572 
62.8 -0.277164 
62.9 -0.277648 
63 -0.278023 
63.1 -0.278288 
63.2 -0.278444 
63.3 -0.278489 
63.4 -0.278424 
63.5 -0.278249 
63.6 -0.277964 
63.7 -0.277569 
63.8 -0.277064 
63.9 -0.276451 
64 -0.27573 
64.1 -0.274901 
64.2 -0.273966 
64.3 -0.272926 
64.4 -0.271783 
64.5 -0.270537 
64.6 -0.26919 
64.7 -0.267745 
64.8 -0.266203 
64.9 -0.264566 
65 -0.262837 
65.1 -0.261017 
65.2 -0.259109 
65.3 -0.257116 
65.4 -0.25504 
65.5 -0.252884 
65.6 -0.250651 
65.7 -0.248343 
65.8 -0.245964 
65.9 -0.243516 
66 -0.241002 
66.1 -0.238426 
66.2 -0.23579 
66.3 -0.233098 
66.4 -0.230352 
66.5 -0.227555 
66.6 -0.224711 
66.7 -0.221822 
66.8 -0.218891 
66.9 -0.215921 
67 -0.212916 
67.1 -0.209876 
67.2 -0.206806 
67.3 -0.203708 
67.4 -0.200584 
67.5 -0.197436 
67.6 -0.194268 
67.7 -0.191082 
67.8 -0.187879 
67.9 -0.184662 
68 -0.181433 
68.1 -0.178193 
68.2 -0.174946 
68.3 -0.171692 
68.4 -0.168434 
68.5 -0.165174 
68.6 -0.161912 
68.7 -0.15865 
68.8 -0.155391 
68.9 -0.152135 
69 -0.148885 
69.1 -0.14564 
69.2 -0.142404 
69.3 -0.139176 
69.4 -0.135958 
69.5 -0.132752 
69.6 -0.129559 
69.7 -0.126378 
69.8 -0.123213 
69.9 -0.120063 
70 -0.116929 
70.1 -0.113813 
70.2 -0.110716 
70.3 -0.107637 
70.4 -0.104578 
70.5 -0.10154 
70.6 -0.0985226 
70.7 -0.0955273 
70.8 -0.0925544 
70.9 -0.0896043 
71 -0.0866777 
71.1 -0.0837748 
71.2 -0.080896 
71.3 -0.0780418 
71.4 -0.0752123 
71.5 -0.0724078 
71.6 -0.0696284 
71.7 -0.0668745 
71.8 -0.0641459 
71.9 -0.0614429 
72 -0.0587654 
72.1 -0.0561134 
72.2 -0.0534869 
72.3 -0.0508859 
72.4 -0.0483101 
72.5 -0.0457595 
72.6 -0.0432339 
72.7 -0.0407332 
72.8 -0.0382571 
72.9 -0.0358055 
73 -0.0333781 
73.1 -0.0309747 
73.2 -0.0285951 
73.3 -0.0262389 
73.4 -0.0239061 
73.5 -0.0215962 
73.6 -0.0193091 
73.7 -0.0170445 
73.8 -0.0148022 
73.9 -0.0125819 
74 -0.0103834 
74.1 -0.00820643 
74.2 -0.00605083 
74.3 -0.00391636 
74.4 -0.00180282 
74.5 0.000289986 
74.6 0.00236225 
74.7 0.00441416 
74.8 0.00644588 
74.9 0.00845759 
75 0.0104494 
75.1 0.0124216 
75.2 0.0143743 
75.3 0.0163075 
75.4 0.0182216 
75.5 0.0201166 
75.6 0.0219927 
75.7 0.02385 
75.8 0.0256888 
75.9 0.0275092 
76 0.0293114 
76.1 0.0310956 
76.2 0.0328619 
76.3 0.0346107 
76.4 0.0363421 
76.5 0.0380563 
76.6 0.0397536 
76.7 0.0414342 
76.8 0.0430985 
76.9 0.0447466 
77 0.046379 
77.1 0.0479958 
77.2 0.0495974 
77.3 0.0511841 
77.4 0.0527563 
77.5 0.0543142 
77.6 0.0558583 
77.7 0.0573888 
77.8 0.0589062 
77.9 0.0604108 
78 0.061903 
78.1 0.063383 
78.2 0.0648514 
78.3 0.0663084 
78.4 0.0677543 
78.5 0.0691897 
78.6 0.0706146 
78.7 0.0720297 
78.8 0.073435 
78.9 0.074831 
79 0.076218 
79.1 0.0775962 
79.2 0.078966 
79.3 0.0803276 
79.4 0.0816812 
79.5 0.0830272 
79.6 0.0843656 
79.7 0.0856969 
79.8 0.0870211 
79.9 0.0883384 
80 0.089649 
80.1 0.0909531 
80.2 0.0922509 
80.3 0.0935424 
80.4 0.0948278 
80.5 0.0961072 
80.6 0.0973808 
80.7 0.0986487 
80.8 0.0999109 
80.9 0.101168 
81 0.102419 
81.1 0.103665 
81.2 0.104905 
81.3 0.106141 
81.4 0.107371 
81.5 0.108596 
81.6 0.109817 
81.7 0.111033 
81.8 0.112244 
81.9 0.113451 
82 0.114653 
82.1 0.115851 
82.2 0.117046 
82.3 0.118236 
82.4 0.119422 
82.5 0.120605 
82.6 0.121785 
82.7 0.122961 
82.8 0.124135 
82.9 0.125306 
83 0.126474 
83.1 0.12764 
83.2 0.128804 
83.3 0.129967 
83.4 0.131128 
83.5 0.132288 
83.6 0.133446 
83.7 0.134604 
83.8 0.135762 
83.9 0.13692 
84 0.138078 
84.1 0.139236 
84.2 0.140395 
84.3 0.141556 
84.4 0.142717 
84.5 0.14388 
84.6 0.145045 
84.7 0.146212 
84.8 0.147382 
84.9 0.148554 
85 0.149729 
85.1 0.150907 
85.2 0.152089 
85.3 0.153274 
85.4 0.154463 
85.5 0.155656 
85.6 0.156853 
85.7 0.158055 
85.8 0.159261 
85.9 0.160472 
86 0.161688 
86.1 0.162909 
86.2 0.164135 
86.3 0.165366 
86.4 0.166603 
86.5 0.167846 
86.6 0.169094 
86.7 0.170349 
86.8 0.17161 
86.9 0.172876 
87 0.174149 
87.1 0.175429 
87.2 0.176716 
87.3 0.178009 
87.4 0.179309 
87.5 0.180616 
87.6 0.181931 
87.7 0.183253 
87.8 0.184583 
87.9 0.185921 
88 0.187267 
88.1 0.188622 
88.2 0.189984 
88.3 0.191356 
88.4 0.192737 
88.5 0.194128 
88.6 0.195528 
88.7 0.196938 
88.8 0.198358 
88.9 0.199789 
89 0.201232 
89.1 0.202685 
89.2 0.20415 
89.3 0.205628 
89.4 0.207118 
89.5 0.208621 
89.6 0.210138 
89.7 0.211668 
89.8 0.213213 
89.9 0.214773 
90 0.216348 
90.1 0.217939 
90.2 0.219546 
90.3 0.22117 
90.4 0.222811 
90.5 0.22447 
90.6 0.226148 
90.7 0.227844 
90.8 0.22956 
90.9 0.231297 
91 0.233053 
91.1 0.234831 
91.2 0.236631 
91.3 0.238454 
91.4 0.240299 
91.5 0.242168 
91.6 0.244061 
91.7 0.245979 
91.8 0.247922 
91.9 0.249891 
92 0.251887 
92.1 0.253911 
92.2 0.255963 
92.3 0.258043 
92.4 0.260153 
92.5 0.262293 
92.6 0.264464 
92.7 0.266666 
92.8 0.268901 
92.9 0.271169 
93 0.273472 
93.1 0.275808 
93.2 0.278181 
93.3 0.28059 
93.4 0.283037 
93.5 0.285522 
93.6 0.288047 
93.7 0.290612 
93.8 0.293219 
93.9 0.295869 
94 0.298562 
94.1 0.3013 
94.2 0.304085 
94.3 0.306917 
94.4 0.309797 
94.5 0.312729 
94.6 0.315712 
94.7 0.318748 
94.8 0.321839 
94.9 0.324987 
95 0.328193 
95.1 0.331459 
95.2 0.334787 
95.3 0.338179 
95.4 0.341637 
95.5 0.345164 
95.6 0.34876 
95.7 0.352429 
95.8 0.356173 
95.9 0.359995 
96 0.363896 
96.1 0.367881 
96.2 0.371951 
96.3 0.37611 
96.4 0.380361 
96.5 0.384706 
96.6 0.38915 
96.7 0.393695 
96.8 0.398345 
96.9 0.403105 
97 0.407977 
97.1 0.412967 
97.2 0.418078 
97.3 0.423314 
97.4 0.42868 
97.5 0.434182 
97.6 0.439823 
97.7 0.44561 
97.8 0.451547 
97.9 0.45764 
98 0.463896 
98.1 0.470319 
98.2 0.476917 
98.3 0.483697 
98.4 0.490664 
98.5 0.497826 
98.6 0.50519 
98.7 0.512765 
98.8 0.520559 
98.9 0.528578 
99 0.536833 
99.1 0.545332 
99.2 0.554084 
99.3 0.563098 
99.4 0.572385 
99.5 0.581953 
99.6 0.591814 
99.7 0.601977 
99.8 0.612453 
99.9 0.623251 
100 0.634382 
100.1 0.645856 
100.2 0.657682 
100.3 0.669869 
100.4 0.682425 
100.5 0.695356 
100.6 0.708668 
100.7 0.722362 
100.8 0.73644 
100.9 0.750898 
101 0.765728 
101.1 0.780917 
101.2 0.796444 
101.3 0.812281 
101.4 0.828387 
101.5 0.844709 
101.6 0.861179 
101.7 0.877706 
101.8 0.894177 
101.9 0.910447 
102 0.926336 
102.1 0.941617 
102.2 0.956014 
102.3 0.969183 
102.4 0.980708 
102.5 0.990083 
102.6 0.9967 
102.7 0.999837 
102.8 0.998645 
102.9 0.992142 
103 0.979214 
103.1 0.958626 
103.2 0.929055 
103.3 0.889148 
103.4 0.837603 
103.5 0.773299 
103.6 0.695445 
103.7 0.603757 
103.8 0.498635 
103.9 0.381296 
104 0.253841 
104.1 0.119203 
104.2 -0.0190364 
104.3 -0.156942 
104.4 -0.290587 
104.5 -0.416421 
104.6 -0.531562 
104.7 -0.633978 
104.8 -0.722532 
104.9 -0.796914 
105 -0.857502 
105.1 -0.905174 
105.2 -0.941137 
105.3 -0.966761 
105.4 -0.98346 
105.5 -0.992603 
105.6 -0.995461 
105.7 -0.993171 
105.8 -0.986732 
105.9 -0.977001 
106 -0.964702 
106.1 -0.95044 
106.2 -0.934717 
106.3 -0.917944 
106.4 -0.900452 
106.5 -0.882512 
106.6 -0.864339 
106.7 -0.846104 
106.8 -0.827941 
106.9 -0.809956 
107 -0.792228 
107.1 -0.77482 
107.2 -0.757776 
107.3 -0.741128 
107.4 -0.7249 
107.5 -0.709105 
107.6 -0.69375 
107.7 -0.678838 
107.8 -0.664368 
107.9 -0.650335 
108 -0.636731 
108.1 -0.623549 
108.2 -0.610778 
108.3 -0.598407 
108.4 -0.586424 
108.5 -0.574818 
108.6 -0.563575 
108.7 -0.552684 
108.8 -0.542132 
108.9 -0.531907 
109 -0.521997 
109.1 -0.512391 
109.2 -0.503077 
109.3 -0.494044 
109.4 -0.485281 
109.5 -0.476779 
109.6 -0.468527 
109.7 -0.460516 
109.8 -0.452737 
109.9 -0.445181 
110 -0.437839 
110.1 -0.430703 
110.2 -0.423766 
110.3 -0.41702 
110.4 -0.410459 
110.5 -0.404074 
110.6 -0.397861 
110.7 -0.391812 
110.8 -0.385922 
110.9 -0.380185 
111 -0.374596 
111.1 -0.369149 
111.2 -0.363839 
111.3 -0.358662 
111.4 -0.353612 
111.5 -0.348687 
111.6 -0.343881 
111.7 -0.33919 
111.8 -0.334611 
111.9 -0.330139 
112 -0.325772 
112.1 -0.321506 
112.2 -0.317337 
112.3 -0.313263 
112.4 -0.30928 
112.5 -0.305386 
112.6 -0.301577 
112.7 -0.297852 
112.8 -0.294208 
112.9 -0.290641 
113 -0.28715 
113.1 -0.283733 
113.2 -0.280387 
113.3 -0.27711 
113.4 -0.2739 
113.5 -0.270755 
113.6 -0.267673 
113.7 -0.264653 
113.8 -0.261692 
113.9 -0.25879 
114 -0.255943 
114.1 -0.253152 
114.2 -0.250413 
114.3 -0.247726 
114.4 -0.24509 
114.5 -0.242503 
114.6 -0.239963 
114.7 -0.237469 
114.8 -0.235021 
114.9 -0.232617 
115 -0.230255 
115.1 -0.227935 
115.2 -0.225656 
115.3 -0.223416 
115.4 -0.221215 
115.5 -0.219051 
115.6 -0.216924 
115.7 -0.214833 
115.8 -0.212776 
115.9 -0.210754 
116 -0.208765 
116.1 -0.206808 
116.2 -0.204883 
116.3 -0.202988 
116.4 -0.201124 
116.5 -0.199289 
116.6 -0.197484 
116.7 -0.195706 
116.8 -0.193956 
116.9 -0.192232 
117 -0.190535 
117.1 -0.188864 
117.2 -0.187218 
117.3 -0.185596 
117.4 -0.183998 
117.5 -0.182425 
117.6 -0.180874 
117.7 -0.179346 
117.8 -0.17784 
117.9 -0.176355 
118 -0.174892 
118.1 -0.17345 
118.2 -0.172028 
118.3 -0.170627 
118.4 -0.169245 
118.5 -0.167882 
118.6 -0.166538 
118.7 -0.165213 
118.8 -0.163905 
118.9 -0.162616 
119 -0.161344 
119.1 -0.16009 
119.2 -0.158852 
119.3 -0.157631 
119.4 -0.156426 
119.5 -0.155237 
119.6 -0.154064 
119.7 -0.152906 
119.8 -0.151763 
119.9 -0.150636 
120 -0.149522 
120.1 -0.148424 
120.2 -0.147339 
120.3 -0.146268 
120.4 -0.145211 
120.5 -0.144168 
120.6 -0.143137 
120.7 -0.14212 
120.8 -0.141115 
120.9 -0.140123 
121 -0.139143 
121.1 -0.138175 
121.2 -0.13722 
121.3 -0.136276 
121.4 -0.135343 
121.5 -0.134422 
121.6 -0.133512 
121.7 -0.132613 
121.8 -0.131725 
121.9 -0.130848 
122 -0.129981 
122.1 -0.129124 
122.2 -0.128277 
122.3 -0.127441 
122.4 -0.126614 
122.5 -0.125797 
122.6 -0.124989 
122.7 -0.124191 
122.8 -0.123402 
122.9 -0.122622 
123 -0.121851 
123.1 -0.121089 
123.2 -0.120336 
123.3 -0.119591 
123.4 -0.118854 
123.5 -0.118126 
123.6 -0.117406 
123.7 -0.116694 
123.8 -0.11599 
123.9 -0.115293 
124 -0.114605 
124.1 -0.113924 
124.2 -0.11325 
124.3 -0.112584 
124.4 -0.111925 
124.5 -0.111274 
124.6 -0.110629 
124.7 -0.109991 
124.8 -0.109361 
124.9 -0.108737 
125 -0.10812 
125.1 -0.107509 
125.2 -0.106905 
125.3 -0.106307 
125.4 -0.105716 
125.5 -0.105131 
125.6 -0.104552 
125.7 -0.10398 
125.8 -0.103413 
125.9 -0.102853 
126 -0.102299 
126.1 -0.10175 
126.2 -0.101207 
126.3 -0.10067 
126.4 -0.100139 
126.5 -0.0996129 
126.6 -0.0990928 
126.7 -0.0985781 
126.8 -0.098069 
126.9 -0.0975652 
127 -0.0970668 
127.1 -0.0965737 
127.2 -0.0960859 
127.3 -0.0956033 
127.4 -0.0951259 
127.5 -0.0946536 
127.6 -0.0941863 
127.7 -0.0937242 
127.8 -0.093267 
127.9 -0.0928148 
128 -0.0923676 
128.1 -0.0919252 
128.2 -0.0914877 
128.3 -0.091055 
128.4 -0.0906271 
128.5 -0.090204 
128.6 -0.0897856 
128.7 -0.0893719 
128.8 -0.0889629 
128.9 -0.0885585 
129 -0.0881587 
129.1 -0.0877636 
129.2 -0.087373 
129.3 -0.0869869 
129.4 -0.0866053 
129.5 -0.0862283 
129.6 -0.0858557 
129.7 -0.0854876 
129.8 -0.0851239 
129.9 -0.0847646 
130 -0.0844098 
130.1 -0.0840593 
130.2 -0.0837132 
130.3 -0.0833714 
130.4 -0.0830339 
130.5 -0.0827008 
130.6 -0.082372 
130.7 -0.0820475 
130.8 -0.0817273 
130.9 -0.0814113 
131 -0.0810997 
131.1 -0.0807923 
131.2 -0.0804891 
131.3 -0.0801902 
131.4 -0.0798955 
131.5 -0.0796051 
131.6 -0.0793189 
131.7 -0.0790369 
131.8 -0.0787592 
131.9 -0.0784857 
132 -0.0782164 
132.1 -0.0779514 
132.2 -0.0776906 
132.3 -0.0774341 
132.4 -0.0771818 
132.5 -0.0769338 
132.6 -0.07669 
132.7 -0.0764506 
132.8 -0.0762154 
132.9 -0.0759845 
133 -0.075758 
133.1 -0.0755358 
133.2 -0.0753179 
133.3 -0.0751044 
133.4 -0.0748953 
133.5 -0.0746907 
133.6 -0.0744905 
133.7 -0.0742947 
133.8 -0.0741035 
133.9 -0.0739167 
134 -0.0737346 
134.1 -0.0735571 
134.2 -0.0733842 
134.3 -0.0732159 
134.4 -0.0730524 
134.5 -0.0728937 
134.6 -0.0727398 
134.7 -0.0725907 
134.8 -0.0724466 
134.9 -0.0723074 
135 -0.0721733 
135.1 -0.0720443 
135.2 -0.0719204 
135.3 -0.0718017 
135.4 -0.0716884 
135.5 -0.0715804 
135.6 -0.0714779 
135.7 -0.0713809 
135.8 -0.0712895 
135.9 -0.0712039 
136 -0.071124 
136.1 -0.0710501 
136.2 -0.0709822 
136.3 -0.0709204 
136.4 -0.0708648 
136.5 -0.0708156 
136.6 -0.0707728 
136.7 -0.0707367 
136.8 -0.0707073 
136.9 -0.0706848 
137 -0.0706693 
137.1 -0.0706611 
137.2 -0.0706601 
137.3 -0.0706667 
137.4 -0.070681 
137.5 -0.0707032 
137.6 -0.0707334 
137.7 -0.070772 
137.8 -0.070819 
137.9 -0.0708747 
138 -0.0709394 
138.1 -0.0710133 
138.2 -0.0710965 
138.3 -0.0711895 
138.4 -0.0712925 
138.5 -0.0714057 
138.6 -0.0715295 
138.7 -0.0716642 
138.8 -0.07181 
138.9 -0.0719675 
139 -0.0721368 
139.1 -0.0723185 
139.2 -0.0725128 
139.3 -0.0727203 
139.4 -0.0729413 
139.5 -0.0731763 
139.6 -0.0734258 
139.7 -0.0736903 
139.8 -0.0739703 
139.9 -0.0742664 
140 -0.0745792 
140.1 -0.0749092 
140.2 -0.0752572 
140.3 -0.0756238 
140.4 -0.0760096 
140.5 -0.0764156 
140.6 -0.0768424 
140.7 -0.0772909 
140.8 -0.0777619 
140.9 -0.0782564 
141 -0.0787754 
141.1 -0.0793199 
141.2 -0.079891 
141.3 -0.0804898 
141.4 -0.0811175 
141.5 -0.0817754 
141.6 -0.0824649 
141.7 -0.0831874 
141.8 -0.0839445 
141.9 -0.0847376 
142 -0.0855685 
142.1 -0.0864391 
142.2 -0.0873512 
142.3 -0.0883068 
142.4 -0.0893082 
142.5 -0.0903575 
142.6 -0.0914572 
142.7 -0.0926099 
142.8 -0.0938183 
142.9 -0.0950854 
143 -0.0964142 
143.1 -0.0978081 
143.2 -0.0992705 
143.3 -0.100805 
143.4 -0.102416 
143.5 -0.104108 
143.6 -0.105885 
143.7 -0.107751 
143.8 -0.109713 
143.9 -0.111776 
144 -0.113945 
144.1 -0.116227 
144.2 -0.118628 
144.3 -0.121157 
144.4 -0.12382 
144.5 -0.126625 
144.6 -0.129582 
144.7 -0.132699 
144.8 -0.135987 
144.9 -0.139456 
145 -0.143118 
145.1 -0.146984 
145.2 -0.151066 
145.3 -0.155379 
145.4 -0.159936 
145.5 -0.164752 
145.6 -0.169842 
145.7 -0.175223 
145.8 -0.180911 
145.9 -0.186923 
146 -0.193277 
146.1 -0.199989 
146.2 -0.207078 
146.3 -0.21456 
146.4 -0.22245 
146.5 -0.230763 
146.6 -0.23951 
146.7 -0.2487 
146.8 -0.258337 
146.9 -0.26842 
147 -0.278941 
147.1 -0.289884 
147.2 -0.301222 
147.3 -0.312915 
147.4 -0.324909 
147.5 -0.337136 
147.6 -0.349505 
147.7 -0.361909 
147.8 -0.374218 
147.9 -0.386281 
148 -0.397928 
148.1 -0.40897 
148.2 -0.419207 
148.3 -0.42843 
148.4 -0.436432 
148.5 -0.443016 
148.6 -0.448004 
148.7 -0.451249 
148.8 -0.452644 
148.9 -0.452127 
149 -0.449688 
149.1 -0.445369 
149.2 -0.43926 
149.3 -0.431499 
149.4 -0.422257 
149.5 -0.411733 
149.6 -0.400139 
149.7 -0.387695 
149.8 -0.374618 
149.9 -0.36111 
150 -0.347359 
150.1 -0.333533 
150.2 -0.319776 
150.3 -0.306209 
150.4 -0.292931 
150.5 -0.280019 
150.6 -0.267533 
150.7 -0.255516 
150.8 -0.243995 
150.9 -0.232988 
151 -0.222499 
151.1 -0.212528 
151.2 -0.203067 
151.3 -0.194103 
151.4 -0.185622 
151.5 -0.177603 
151.6 -0.170029 
151.7 -0.162876 
151.8 -0.156125 
151.9 -0.149753 
152 -0.14374 
152.1 -0.138065 
152.2 -0.132708 
152.3 -0.12765 
152.4 -0.122873 
152.5 -0.118359 
152.6 -0.114092 
152.7 -0.110056 
152.8 -0.106237 
152.9 -0.102622 
153 -0.0991974 
153.1 -0.0959512 
153.2 -0.0928724 
153.3 -0.0899505 
153.4 -0.0871758 
153.5 -0.0845391 
153.6 -0.082032 
153.7 -0.0796466 
153.8 -0.0773755 
153.9 -0.0752117 
154 -0.073149 
154.1 -0.0711812 
154.2 -0.0693029 
154.3 -0.0675087 
154.4 -0.0657939 
154.5 -0.0641538 
154.6 -0.0625844 
154.7 -0.0610815 
154.8 -0.0596415 
154.9 -0.0582609 
155 -0.0569365 
155.1 -0.0556653 
155.2 -0.0544443 
155.3 -0.053271 
155.4 -0.0521428 
155.5 -0.0510574 
155.6 -0.0500126 
155.7 -0.0490062 
155.8 -0.0480365 
155.9 -0.0471015 
156 -0.0461996 
156.1 -0.0453291 
156.2 -0.0444884 
156.3 -0.0436762 
156.4 -0.0428912 
156.5 -0.0421319 
156.6 -0.0413973 
156.7 -0.0406862 
156.8 -0.0399975 
156.9 -0.0393302 
157 -0.0386834 
157.1 -0.0380561 
157.2 -0.0374475 
157.3 -0.0368567 
157.4 -0.0362831 
157.5 -0.0357258 
157.6 -0.0351842 
157.7 -0.0346576 
157.8 -0.0341454 
157.9 -0.033647 
158 -0.0331619 
158.1 -0.0326895 
158.2 -0.0322292 
158.3 -0.0317807 
158.4 -0.0313435 
158.5 -0.030917 
158.6 -0.030501 
158.7 -0.030095 
158.8 -0.0296986 
158.9 -0.0293114 
159 -0.0289332 
159.1 -0.0285636 
159.2 -0.0282022 
159.3 -0.0278488 
159.4 -0.0275031 
159.5 -0.0271648 
159.6 -0.0268337 
159.7 -0.0265095 
159.8 -0.0261919 
159.9 -0.0258808 
160 -0.0255759 
160.1 -0.025277 
160.2 -0.0249839 
160.3 -0.0246964 
160.4 -0.0244143 
160.5 -0.0241375 
160.6 -0.0238657 
160.7 -0.0235989 
160.8 -0.0233368 
160.9 -0.0230793 
161 -0.0228262 
161.1 -0.0225775 
161.2 -0.022333 
161.3 -0.0220925 
161.4 -0.021856 
161.5 -0.0216233 
161.6 -0.0213942 
161.7 -0.0211688 
161.8 -0.0209469 
161.9 -0.0207283 
162 -0.020513 
162.1 -0.0203009 
162.2 -0.0200919 
162.3 -0.0198859 
162.4 -0.0196828 
162.5 -0.0194826 
162.6 -0.0192851 
162.7 -0.0190903 
162.8 -0.0188981 
162.9 -0.0187085 
163 -0.0185213 
163.1 -0.0183365 
163.2 -0.0181541 
163.3 -0.0179739 
163.4 -0.017796 
163.5 -0.0176202 
163.6 -0.0174466 
163.7 -0.017275 
163.8 -0.0171053 
163.9 -0.0169377 
164 -0.0167719 
164.1 -0.0166079 
164.2 -0.0164458 
164.3 -0.0162854 
164.4 -0.0161268 
164.5 -0.0159698 
164.6 -0.0158144 
164.7 -0.0156607 
164.8 -0.0155085 
164.9 -0.0153578 
165 -0.0152086 
165.1 -0.0150608 
165.2 -0.0149145 
165.3 -0.0147695 
165.4 -0.0146259 
165.5 -0.0144836 
165.6 -0.0143425 
165.7 -0.0142028 
165.8 -0.0140642 
165.9 -0.0139269 
166 -0.0137907 
166.1 -0.0136557 
166.2 -0.0135218 
166.3 -0.013389 
166.4 -0.0132573 
166.5 -0.0131266 
166.6 -0.012997 
166.7 -0.0128683 
166.8 -0.0127407 
166.9 -0.0126139 
167 -0.0124882 
167.1 -0.0123633 
167.2 -0.0122394 
167.3 -0.0121163 
167.4 -0.0119942 
167.5 -0.0118728 
167.6 -0.0117523 
167.7 -0.0116326 
167.8 -0.0115137 
167.9 -0.0113955 
168 -0.0112782 
168.1 -0.0111615 
168.2 -0.0110456 
168.3 -0.0109305 
168.4 -0.010816 
168.5 -0.0107022 
168.6 -0.0105891 
168.7 -0.0104766 
168.8 -0.0103648 
168.9 -0.0102537 
169 -0.0101431 
169.1 -0.0100332 
169.2 -0.00992383 
169.3 -0.00981508 
169.4 -0.0097069 
169.5 -0.00959929 
169.6 -0.00949223 
169.7 -0.00938571 
169.8 -0.00927972 
169.9 -0.00917425 
170 -0.0090693 
170.1 -0.00896484 
170.2 -0.00886088 
170.3 -0.0087574 
170.4 -0.00865439 
170.5 -0.00855185 
170.6 -0.00844976 
170.7 -0.00834811 
170.8 -0.0082469 
170.9 -0.00814612 
171 -0.00804577 
171.1 -0.00794582 
171.2 -0.00784628 
171.3 -0.00774714 
171.4 -0.00764838 
171.5 -0.00755001 
171.6 -0.00745201 
171.7 -0.00735437 
171.8 -0.0072571 
171.9 -0.00716018 
172 -0.00706361 
172.1 -0.00696737 
172.2 -0.00687147 
172.3 -0.0067759 
172.4 -0.00668064 
172.5 -0.0065857 
172.6 -0.00649106 
172.7 -0.00639673 
172.8 -0.00630269 
172.9 -0.00620894 
173 -0.00611547 
173.1 -0.00602228 
173.2 -0.00592936 
173.3 -0.00583671 
173.4 -0.00574432 
173.5 -0.00565219 
173.6 -0.00556031 
173.7 -0.00546867 
173.8 -0.00537727 
173.9 -0.00528611 
174 -0.00519517 
174.1 -0.00510446 
174.2 -0.00501397 
174.3 -0.0049237 
174.4 -0.00483364 
174.5 -0.00474378 
174.6 -0.00465412 
174.7 -0.00456466 
174.8 -0.00447539 
174.9 -0.00438631 
175 -0.00429742 
175.1 -0.0042087 
175.2 -0.00412015 
175.3 -0.00403178 
175.4 -0.00394357 
175.5 -0.00385553 
175.6 -0.00376764 
175.7 -0.0036799 
175.8 -0.00359232 
175.9 -0.00350488 
176 -0.00341758 
176.1 -0.00333042 
176.2 -0.0032434 
176.3 -0.0031565 
176.4 -0.00306973 
176.5 -0.00298308 
176.6 -0.00289656 
176.7 -0.00281014 
176.8 -0.00272384 
176.9 -0.00263764 
177 -0.00255155 
177.1 -0.00246556 
177.2 -0.00237967 
177.3 -0.00229387 
177.4 -0.00220816 
177.5 -0.00212253 
177.6 -0.00203699 
177.7 -0.00195152 
177.8 -0.00186614 
177.9 -0.00178082 
178 -0.00169558 
178.1 -0.0016104 
178.2 -0.00152528 
178.3 -0.00144022 
178.4 -0.00135521 
178.5 -0.00127026 
178.6 -0.00118536 
178.7 -0.0011005 
178.8 -0.00101568 
178.9 -0.000930908 
179 -0.000846167 
179.1 -0.000761458 
179.2 -0.000676778 
179.3 -0.000592124 
179.4 -0.000507493 
179.5 -0.000422882 
179.6 -0.000338286 
179.7 -0.000253703 
179.8 -0.00016913 
179.9 -8.45634e-05 
