1 0.0524 5.0360 -4.0876 0.0 0.0 0.0 0.0 0.0 0.0 0.0 1.9986 1.8954 2.1161 0.0 0.0 0.0 0.0 0.0 0.0 0.0 
2 1.0030 -0.6146 -0.1840 0.6116 0.1841 0.0 0.0 0.0 0.0 0.0 2.4908 3.8608 6.1256 2.8522 5.1284 0.0 0.0 0.0 0.0 0.0
3 1.3215 -0.2273 1.3369 1.1407 -1.6110 -0.9567 0.0 0.0 0.0 0.0 0.8737 7.92220 2.2685 3.80240 1.3839 2.70560 0.0 0.0 0.0 0.0
4 1.6434 -0.2052 1.6126 1.3346 -2.3395 -1.0438 0.0 0.0 0.0 0.0 1.2375 10.3757 2.9656 4.98850 2.1520 4.03070 0.0 0.0 0.0 0.0
5 1.4240 -0.1890 1.8332 1.4625 -2.2935 -1.2364 0.0 0.0 0.0 0.0 1.4662 12.7644 3.8463 6.26180 3.0492 5.35040 0.0 0.0 0.0 0.0
6 1.5022 -0.1591 1.8307 1.8039 -2.4146 -1.5629 0.0 0.0 0.0 0.0 1.7824 15.3711 4.3426 7.13110 3.6494 6.26070 0.0 0.0 0.0 0.0
7 1.3678 -0.2380 2.8625 1.9402 -3.0396 -1.8916 0.0 0.0 0.0 0.0 2.0273 16.5256 5.9953 9.93130 5.0882 9.08390 0.0 0.0 0.0 0.0
8 1.3017 -0.1670 2.6221 1.5881 -2.8644 -1.4804 0.0 0.0 0.0 0.0 2.2491 19.5541 6.9101 10.7798 6.0560 9.97760 0.0 0.0 0.0 0.0
9 1.2644 -0.1763 3.0409 1.4796 -3.1755 -1.4335 0.0 0.0 0.0 0.0 2.4893 21.5801 8.2525 13.0569 7.3313 12.2279 0.0 0.0 0.0 0.0
10 1.2524 -0.2468 3.5572 1.7522 -3.5758 -1.7401 0.0 0.0 0.0 0.0 2.7495 22.8979 9.5848 15.8901 8.5939 14.8774 0.0 0.0 0.0 0.0
11 0.8281 -0.0809 1.3795 3.2885 -0.9576 -3.4600 0.0 0.0 0.0 0.0 0.9864 29.1004 3.0015 10.9701 1.2554 9.90090 0.0 0.0 0.0 0.0 
12 1.0696 -0.0836 2.3341 3.9121 -2.1483 -4.0905 0.0 0.0 0.0 0.0 1.2722 30.9864 3.0003 12.0464 1.9872 11.0762 0.0 0.0 0.0 0.0
13 0.6481 -0.0730 2.5058 4.4794 -1.7928 -4.7699 0.0 0.0 0.0 0.0 1.1459 34.0620 3.5958 12.6503 2.6209 11.7028 0.0 0.0 0.0 0.0
14 0.8432 -0.0708 3.2871 4.8382 -2.7204 -5.1778 0.0 0.0 0.0 0.0 1.3386 36.4586 3.9131 13.5489 3.0293 12.5930 0.0 0.0 0.0 0.0
15 1.4073 -0.0699 3.0532 5.4394 -3.0723 -5.7686 0.0 0.0 0.0 0.0 1.6785 38.6532 4.2358 14.5742 3.0273 13.6933 0.0 0.0 0.0 0.0
16 1.1718 -0.0792 3.7081 6.2335 -3.3776 -6.6572 0.0 0.0 0.0 0.0 1.7269 39.3106 4.8178 15.5114 3.7142 14.6040 0.0 0.0 0.0 0.0
17 1.2820 -0.0616 4.2766 6.7513 -3.9495 -7.3000 0.0 0.0 0.0 0.0 1.9147 43.9979 5.3154 15.9205 4.1654 15.0304 0.0 0.0 0.0 0.0
18 1.0494 -0.0512 4.5976 7.5951 -3.8659 -8.3311 0.0 0.0 0.0 0.0 1.9051 48.2836 6.1771 16.3783 5.0032 15.4957 0.0 0.0 0.0 0.0
19 1.6191 -0.3293 5.2620 10.2738 0.0000 -5.5109 -10.3543 0.0000 0.0 0.0 2.4362 35.1034 5.7555 21.2701 0.0000 4.7763 20.3693 0.0000 0.0 0.0 
20 3.2241 -0.1642 6.2243 9.5466 -1.2505 -7.5605 -9.7860 0.7628 0.0 0.0 2.7596 41.4034 5.8592 21.6277 1.4082 4.7836 20.8253 0.9507 0.0 0.0
21 1.8858 -0.4347 6.3391 12.2550 -0.7748 -6.4329 -12.3645 0.4903 0.0 0.0 2.7633 36.5925 6.9993 23.2849 1.5837 5.9758 22.3032 1.0682 0.0 0.0
22 1.9688 -0.3851 6.3384 12.1236 -0.4856 -6.7654 -12.1572 0.3708 0.0 0.0 2.9864 39.6436 7.0076 25.2361 1.4964 6.0015 24.3274 0.8154 0.0 0.0
23 1.9672 -0.3948 6.6529 12.6111 -0.2342 -7.2216 -12.6342 0.2637 0.0 0.0 3.3416 41.2362 7.3934 26.5135 1.5723 6.3606 25.6021 0.7600 0.0 0.0
24 1.9150 -0.3873 6.7299 12.8465 -0.3120 -7.2108 -12.8606 0.2816 0.0 0.0 3.3659 43.1140 7.7534 27.8347 1.7255 6.7323 26.9292 0.9351 0.0 0.0
25 2.4390 -0.3431 7.3560 12.9839 -0.4084 -8.4322 -13.0371 0.4425 0.0 0.0 3.9234 45.5396 7.9668 28.9033 1.6474 6.8676 28.0201 1.1008 0.0 0.0
26 2.0568 -0.3887 7.5324 13.7731 -0.3207 -8.2164 -13.7936 0.3580 0.0 0.0 3.9269 46.4286 8.5411 30.2236 1.7916 7.4896 29.3186 1.1016 0.0 0.0
27 2.1180 -0.3659 7.8393 14.0221 -0.2907 -8.6131 -14.0597 0.3492 0.0 0.0 4.1771 48.5061 8.8980 31.3967 1.8977 7.8348 30.5048 1.1715 0.0 0.0
28 2.1646 -0.3356 8.2036 14.1950 -0.3223 -9.0708 -14.2565 0.4198 0.0 0.0 4.4482 50.7874 9.2484 32.5347 1.8097 8.1820 31.6597 1.2826 0.0 0.0
29 2.1426 -0.3265 8.4378 14.4205 -0.3294 -9.2756 -14.4733 0.3978 0.0 0.0 4.5592 52.7722 9.5589 33.8786 2.2012 8.5368 33.0161 1.5142 0.0 0.0
30 1.8209 -0.4206 8.5373 15.6466 -0.3043 -8.9958 -15.6272 0.3400 0.0 0.0 4.4466 52.7241 10.3203 35.3718 2.2244 9.3222 34.4644 1.3640 0.0 0.0
31 2.4335 -0.3465 9.1124 15.1615 -0.3555 -10.2675 -15.1915 0.4410 0.0 0.0 5.1910 55.8152 10.3170 36.4990 2.1658 9.2113 35.6193 1.4905 0.0 0.0
32 2.9662 -0.2375 9.6601 14.5308 -0.4142 -11.3535 -14.6904 0.5267 0.0 0.0 5.7574 60.2089 10.6563 36.7413 2.1254 9.4462 35.8950 1.5043 0.0 0.0
33 3.4685 -0.1544 10.2552 13.9658 -0.8198 -12.3795 -14.2435 0.8960 0.0 0.0 6.1800 65.7818 11.0703 36.6540 2.1973 9.7711 35.8375 1.6955 0.0 0.0
34 3.7464 -0.0863 11.0075 13.5368 -0.9300 -13.3177 -13.9729 1.0081 0.0 0.0 6.6173 74.3295 11.7011 35.6770 2.3140 10.3089 34.8811 1.7637 0.0 0.0
35 4.0548 -0.0550 11.6450 13.5358 -1.2770 -14.0449 -14.1184 1.2502 0.0 0.0 6.9053 83.1646 12.3301 34.8604 2.6305 10.8199 34.0603 1.9716 0.0 0.0
36 4.1201 -0.0553 11.8935 13.7167 -1.3169 -14.3716 -14.2991 1.3121 0.0 0.0 7.2511 85.3351 12.8260 36.0695 2.6894 11.2830 35.2590 1.9907 0.0 0.0
37 4.5621 -0.0317 13.8207 14.9484 -2.3803 -16.3389 -16.0356 1.0981 1.3164 0.0449 7.9044 98.1487 13.9917 33.4107 3.7077 13.1578 32.5137 4.6835 2.4162 0.3616
38 4.6963 -0.0324 14.3041 15.3658 -2.4972 -16.9449 -16.5099 1.1935 1.3666 0.0690 8.3818 99.7923 14.6160 34.3710 3.9133 12.7149 33.4481 4.9308 2.5759 0.3218
39 5.0887 -0.0327 14.7710 15.6485 -2.7313 -17.5289 -16.8177 1.0507 1.4706 0.0917 8.5418 101.7232 15.0875 35.3188 4.1953 13.1352 34.3786 5.1472 2.7974 0.4270
40 5.1942 -0.0314 15.2298 16.0228 -2.8528 -17.9653 -17.2695 1.1160 1.4638 0.10158 8.8343 104.9015 15.6720 36.0186 4.4468 13.6532 35.0547 5.4569 2.8977 0.4994
41 5.5639 -0.0290 15.7161 16.2988 -3.0892 -18.5046 -17.6159 1.0850 1.4761 0.1042 8.9631 109.1809 16.1440 36.5877 4.7442 14.0566 35.6058 5.7594 2.9856 0.6232
42 5.6675 -0.0292 16.1391 16.6286 -3.1957 -18.9628 -17.9871 1.1159 1.5218 0.1082 9.2936 111.1232 16.7037 37.5174 4.1495 14.5662 36.5152 5.9699 3.0701 0.6689
43 5.6143 -0.0291 16.5064 16.9292 -3.2795 -19.3692 -18.3248 1.2903 1.5628 0.1094 9.7809 113.6694 17.3233 38.5051 5.0249 15.1385 37.4844 6.0537 3.1384 0.6114
44 5.7201 -0.0284 16.7482 17.1297 -3.5623 -19.5807 -18.5440 1.3597 1.6560 0.1066 9.9661 116.6045 17.8189 39.3937 5.2106 15.5912 38.3608 6.2513 3.2347 0.7642
45 5.8957 -0.0300 17.2245 17.5016 -3.6301 -20.1858 18.9478 1.3760 1.6695 0.1264 10.3446 117.0945 18.3723 40.4406 5.3883 16.0909 39.3851 6.4950 3.3349 1.1136
46 6.0713 -0.0316 17.7008 17.8736 -3.6980 -20.7910 -19.3516 1.3923 1.6830 0.1404 10.7232 117.5846 18.9256 41.4874 5.5660 16.5907 40.4094 6.7386 3.4350 1.4630
47 6.2210 -0.0303 18.1510 18.1633 -3.8052 -21.4036 -19.6939 1.4843 1.7435 0.1594 11.2381 121.1716 19.5404 42.3580 5.7667 17.1382 41.2617 6.9957 3.6234 1.4254
48 6.3540 -0.0281 18.6765 18.4525 -4.1827 -21.9825 -20.0584 1.7255 1.9423 0.1076 11.5638 125.6827 20.0925 42.9925 5.9967 17.6283 41.8776 7.3652 3.6976 0.8004
49 6.5615 -0.0267 18.9818 18.7627 -4.2754 -22.1939 -20.4391 1.5021 2.0206 0.1122 11.7457 129.7040 20.6943 43.7287 6.2508 18.1603 42.5938 7.6532 3.8770 0.7415
50 6.7369 -0.0270 19.3692 19.0715 -4.2381 -22.6006 -20.7754 1.3942 1.9655 0.1325 12.0154 131.9126 21.3441 44.8525 6.5511 18.7634 43.6990 7.8876 3.9794 0.5568
51 6.8894 -0.0273 19.7550 19.3668 -4.3542 -23.0712 -21.1006 1.4270 1.9950 0.1290 12.4666 133.7731 21.9040 45.8338 6.7755 19.2708 44.6624 8.1456 4.1350 0.6679
52 7.2882 -0.0271 20.4528 19.7970 -4.7168 -23.8057 -21.6165 1.4234 2.0527 0.1687 12.7664 136.3152 22.5583 46.6801 7.1848 19.8672 45.4816 8.4328 4.4437 0.7525
53 7.5470 -0.0278 20.9226 20.1441 -5.0227 -24.3363 -21.9987 1.4709 2.1230 0.1963 13.0998 137.7790 23.1825 47.7586 7.5548 20.4409 46.5394 8.8768 4.7276 0.8271
54 7.6397 -0.0299 21.5995 20.8424 -5.1302 -25.0317 -22.8271 1.5368 2.1983 0.2210 13.6666 137.4095 24.0007 48.7608 7.8087 21.1625 47.4972 9.1558 4.9962 0.8904
55 0.2708 0.6524 0.0768 0.0 0.0 0.0 0.0 0.0 0.0 0.0 16.591 2.6964 0.6814 0.0 0.0 0.0 0.0 0.0 0.0 0.056 0.1728 0.6845 0.1427 0.0 0.0 0.0 0.0 0.0 0.0 0.0 22.397 3.4595 0.8073 0.0 0.0 0.0 0.0 0.0 0.0 0.057 0.1947 0.6384 0.1669 0.0 0.0 0.0 0.0 0.0 0.0 0.0 20.764 3.4657 0.8911 0.0 0.0 0.0 0.0 0.0 0.0 0.058 0.1913 0.6467 0.162 0.0 0.0 0.0 0.0 0.0 0.0 0.0 21.235 3.4819 0.9011 0.0 0.0 0.0 0.0 0.0 0.0 0.059 0.1868 0.6558 0.1574 0.0 0.0 0.0 0.0 0.0 0.0 0.0 21.803 3.5098 0.9106 0.0 0.0 0.0 0.0 0.0 0.0 0.060 0.1665 0.7057 0.1278 0.0 0.0 0.0 0.0 0.0 0.0 0.0 23.949 3.5199 0.8486 0.0 0.0 0.0 0.0 0.0 0.0 0.061 0.1624 0.7133 0.1243 0.0 0.0 0.0 0.0 0.0 0.0 0.0 24.598 3.556 0.8569 0.0 0.0 0.0 0.0 0.0 0.0 0.062 0.158 0.721 0.121 0.0 0.0 0.0 0.0 0.0 0.0 0.0 25.297 3.5963 0.865 0.0 0.0 0.0 0.0 0.0 0.0 0.063 0.1538 0.7284 0.1178 0.0 0.0 0.0 0.0 0.0 0.0 0.0 26.017 3.6383 0.8731 0.0 0.0 0.0 0.0 0.0 0.0 0.064 0.1587 0.7024 0.1389 0.0 0.0 0.0 0.0 0.0 0.0 0.0 25.497 3.7364 0.955 0.0 0.0 0.0 0.0 0.0 0.0 0.065 0.1453 0.7426 0.1121 0.0 0.0 0.0 0.0 0.0 0.0 0.0 27.547 3.7288 0.889 0.0 0.0 0.0 0.0 0.0 0.0 0.066 0.1413 0.7494 0.1093 0.0 0.0 0.0 0.0 0.0 0.0 0.0 28.346 3.7763 0.8969 0.0 0.0 0.0 0.0 0.0 0.0 0.067 0.1374 0.7558 0.1068 0.0 0.0 0.0 0.0 0.0 0.0 0.0 29.16 3.8244 0.9048 0.0 0.0 0.0 0.0 0.0 0.0 0.068 0.1336 0.7619 0.1045 0.0 0.0 0.0 0.0 0.0 0.0 0.0 29.99 3.8734 0.9128 0.0 0.0 0.0 0.0 0.0 0.0 0.069 0.1299 0.768 0.1021 0.0 0.0 0.0 0.0 0.0 0.0 0.0 30.835 3.9233 0.9233 0.0 0.0 0.0 0.0 0.0 0.0 0.070 0.1267 0.7734 0.0999 0.0 0.0 0.0 0.0 0.0 0.0 0.0 31.681 3.9727 0.9288 0.0 0.0 0.0 0.0 0.0 0.0 0.071 0.1288 0.7528 0.1184 0.0 0.0 0.0 0.0 0.0 0.0 0.0 31.353 4.0904 1.0072 0.0 0.0 0.0 0.0 0.0 0.0 0.072 0.1303 0.7324 0.1373 0.0 0.0 0.0 0.0 0.0 0.0 0.0 31.217 4.2049 1.0946 0.0 0.0 0.0 0.0 0.0 0.0 0.073 0.1384 0.7096 0.152 0.0 0.0 0.0 0.0 0.0 0.0 0.0 30.077 4.2492 1.1697 0.0 0.0 0.0 0.0 0.0 0.0 0.074 0.15 0.6871 0.1629 0.0 0.0 0.0 0.0 0.0 0.0 0.0 28.63 4.2426 1.234 0.0 0.0 0.0 0.0 0.0 0.0 0.075 0.1608 0.6659 0.1733 0.0 0.0 0.0 0.0 0.0 0.0 0.0 27.568 4.2341 1.297 0.0 0.0 0.0 0.0 0.0 0.0 0.076 0.1722 0.6468 0.181 0.0 0.0 0.0 0.0 0.0 0.0 0.0 26.586 4.1999 1.3535 0.0 0.0 0.0 0.0 0.0 0.0 0.077 0.1834 0.6306 0.186 0.0 0.0 0.0 0.0 0.0 0.0 0.0 25.734 4.1462 1.4037 0.0 0.0 0.0 0.0 0.0 0.0 0.078 0.223 0.6176 0.1594 0.0 0.0 0.0 0.0 0.0 0.0 0.0 22.994 3.7346 1.4428 0.0 0.0 0.0 0.0 0.0 0.0 0.079 0.2289 0.6114 0.1597 0.0 0.0 0.0 0.0 0.0 0.0 0.0 22.864 3.6914 1.4886 0.0 0.0 0.0 0.0 0.0 0.0 0.080 0.2098 0.6004 0.1898 0.0 0.0 0.0 0.0 0.0 0.0 0.0 24.408 3.9643 1.5343 0.0 0.0 0.0 0.0 0.0 0.0 0.081 0.2708 0.6428 0.0864 0.0 0.0 0.0 0.0 0.0 0.0 0.0 20.941 3.2456 1.1121 0.0 0.0 0.0 0.0 0.0 0.0 0.082 0.238 0.6308 0.1312 0.0 0.0 0.0 0.0 0.0 0.0 0.0 22.987 3.6217 1.2373 0.0 0.0 0.0 0.0 0.0 0.0 0.083 0.2288 0.622 0.1492 0.0 0.0 0.0 0.0 0.0 0.0 0.0 23.792 3.7796 1.2534 0.0 0.0 0.0 0.0 0.0 0.0 0.084 0.1941 0.6105 0.1954 0.0 0.0 0.0 0.0 0.0 0.0 0.0 26.695 4.2582 1.3577 0.0 0.0 0.0 0.0 0.0 0.0 0.085 0.15 0.6031 0.2469 0.0 0.0 0.0 0.0 0.0 0.0 0.0 31.84 4.9285 1.4683 0.0 0.0 0.0 0.0 0.0 0.0 0.086 0.0955 0.606 0.2985 0.0 0.0 0.0 0.0 0.0 0.0 0.0 43.489 5.852 1.5736 0.0 0.0 0.0 0.0 0.0 0.0 0.087 0.3192 0.6233 0.0575 0.0 0.0 0.0 0.0 0.0 0.0 0.0 20.015 2.9091 0.7207 0.0 0.0 0.0 0.0 0.0 0.0 0.088 0.2404 0.6567 0.1029 0.0 0.0 0.0 0.0 0.0 0.0 0.0 24.501 3.5524 0.8376 0.0 0.0 0.0 0.0 0.0 0.0 0.089 0.2266 0.6422 0.1312 0.0 0.0 0.0 0.0 0.0 0.0 0.0 25.684 3.7922 0.9335 0.0 0.0 0.0 0.0 0.0 0.0 0.090 0.2176 0.624 0.1584 0.0 0.0 0.0 0.0 0.0 0.0 0.0 26.554 4.0044 1.0238 0.0 0.0 0.0 0.0 0.0 0.0 0.091 0.2413 0.6304 0.1283 0.0 0.0 0.0 0.0 0.0 0.0 0.0 25.193 3.678 0.9699 0.0 0.0 0.0 0.0 0.0 0.0 0.092 0.2448 0.6298 0.1254 0.0 0.0 0.0 0.0 0.0 0.0 0.0 25.252 3.6397 0.9825 0.0 0.0 0.0 0.0 0.0 0.0 0.0


