0.1 176.099 
0.2 175.459 
0.3 174.4 
0.4 172.932 
0.5 171.069 
0.6 168.827 
0.7 166.229 
0.8 163.297 
0.9 160.057 
1 156.539 
1.1 152.773 
1.2 148.789 
1.3 144.619 
1.4 140.296 
1.5 135.852 
1.6 131.318 
1.7 126.726 
1.8 122.105 
1.9 117.481 
2 112.882 
2.1 108.331 
2.2 103.85 
2.3 99.4569 
2.4 95.1698 
2.5 91.0026 
2.6 86.9674 
2.7 83.0737 
2.8 79.3289 
2.9 75.7382 
3 72.305 
3.1 69.0306 
3.2 65.9149 
3.3 62.9561 
3.4 60.1515 
3.5 57.497 
3.6 54.9877 
3.7 52.618 
3.8 50.3818 
3.9 48.2723 
4 46.2828 
4.1 44.4063 
4.2 42.6355 
4.3 40.9637 
4.4 39.3837 
4.5 37.8891 
4.6 36.4732 
4.7 35.1301 
4.8 33.8539 
4.9 32.6391 
5 31.4808 
5.1 30.3742 
5.2 29.3151 
5.3 28.2996 
5.4 27.3242 
5.5 26.3858 
5.6 25.4817 
5.7 24.6093 
5.8 23.7667 
5.9 22.952 
6 22.1638 
6.1 21.4007 
6.2 20.6617 
6.3 19.9461 
6.4 19.253 
6.5 18.582 
6.6 17.9327 
6.7 17.3047 
6.8 16.6977 
6.9 16.1116 
7 15.5461 
7.1 15.001 
7.2 14.476 
7.3 13.971 
7.4 13.4856 
7.5 13.0195 
7.6 12.5723 
7.7 12.1435 
7.8 11.7327 
7.9 11.3394 
8 10.9628 
8.1 10.6025 
8.2 10.2578 
8.3 9.92788 
8.4 9.6122 
8.5 9.31 
8.6 9.02057 
8.7 8.74324 
8.8 8.47732 
8.9 8.22215 
9 7.97709 
9.1 7.74156 
9.2 7.51499 
9.3 7.29685 
9.4 7.08666 
9.5 6.88396 
9.6 6.68835 
9.7 6.49947 
9.8 6.31697 
9.9 6.14057 
10 5.97 
10.1 5.80502 
10.2 5.64545 
10.3 5.49108 
10.4 5.34177 
10.5 5.19737 
10.6 5.05774 
10.7 4.92278 
10.8 4.79238 
10.9 4.66642 
11 4.5448 
11.1 4.42742 
11.2 4.31418 
11.3 4.20497 
11.4 4.09967 
11.5 3.99816 
11.6 3.90032 
11.7 3.80601 
11.8 3.71509 
11.9 3.62741 
12 3.54283 
12.1 3.46117 
12.2 3.38229 
12.3 3.30601 
12.4 3.23218 
12.5 3.16062 
12.6 3.0912 
12.7 3.02374 
12.8 2.95811 
12.9 2.89418 
13 2.8318 
13.1 2.77088 
13.2 2.7113 
13.3 2.65298 
13.4 2.59585 
13.5 2.53983 
13.6 2.48488 
13.7 2.43097 
13.8 2.37807 
13.9 2.32616 
14 2.27525 
14.1 2.22533 
14.2 2.17642 
14.3 2.12855 
14.4 2.08172 
14.5 2.03597 
14.6 1.99132 
14.7 1.94779 
14.8 1.90542 
14.9 1.86422 
15 1.82421 
15.1 1.7854 
15.2 1.74781 
15.3 1.71142 
15.4 1.67624 
15.5 1.64225 
15.6 1.60943 
15.7 1.57776 
15.8 1.54721 
15.9 1.51773 
16 1.48927 
16.1 1.4618 
16.2 1.43526 
16.3 1.40957 
16.4 1.3847 
16.5 1.36057 
16.6 1.33711 
16.7 1.31428 
16.8 1.29199 
16.9 1.2702 
17 1.24884 
17.1 1.22787 
17.2 1.20722 
17.3 1.18687 
17.4 1.16676 
17.5 1.14687 
17.6 1.12718 
17.7 1.10765 
17.8 1.08829 
17.9 1.06907 
18 1.05001 
18.1 1.03111 
18.2 1.01237 
18.3 0.993813 
18.4 0.975456 
18.5 0.95732 
18.6 0.93943 
18.7 0.921812 
18.8 0.904492 
18.9 0.887496 
19 0.870851 
19.1 0.854582 
19.2 0.838712 
19.3 0.82326 
19.4 0.808245 
19.5 0.79368 
19.6 0.779576 
19.7 0.765941 
19.8 0.752776 
19.9 0.74008 
20 0.727849 
20.1 0.716073 
20.2 0.704741 
20.3 0.693836 
20.4 0.683341 
20.5 0.673232 
20.6 0.663488 
20.7 0.654083 
20.8 0.644991 
20.9 0.636183 
21 0.627632 
21.1 0.61931 
21.2 0.611191 
21.3 0.603248 
21.4 0.595457 
21.5 0.587794 
21.6 0.580239 
21.7 0.572773 
21.8 0.56538 
21.9 0.558047 
22 0.550763 
22.1 0.543522 
22.2 0.536317 
22.3 0.529148 
22.4 0.522014 
22.5 0.51492 
22.6 0.507869 
22.7 0.50087 
22.8 0.49393 
22.9 0.487061 
23 0.480273 
23.1 0.473578 
23.2 0.466987 
23.3 0.460513 
23.4 0.454167 
23.5 0.44796 
23.6 0.441902 
23.7 0.436002 
23.8 0.430268 
23.9 0.424705 
24 0.419317 
24.1 0.414109 
24.2 0.409081 
24.3 0.404233 
24.4 0.399562 
24.5 0.395065 
24.6 0.390737 
24.7 0.386572 
24.8 0.382562 
24.9 0.378699 
25 0.374973 
25.1 0.371375 
25.2 0.367894 
25.3 0.364519 
25.4 0.361241 
25.5 0.358048 
25.6 0.354931 
25.7 0.351879 
25.8 0.348884 
25.9 0.345937 
26 0.34303 
26.1 0.340158 
26.2 0.337313 
26.3 0.334492 
26.4 0.331692 
26.5 0.328908 
26.6 0.32614 
26.7 0.323387 
26.8 0.32065 
26.9 0.317929 
27 0.315226 
27.1 0.312544 
27.2 0.309885 
27.3 0.307253 
27.4 0.304651 
27.5 0.302082 
27.6 0.299551 
27.7 0.29706 
27.8 0.294612 
27.9 0.292211 
28 0.289859 
28.1 0.287557 
28.2 0.285307 
28.3 0.283111 
28.4 0.280967 
28.5 0.278877 
28.6 0.276839 
28.7 0.274851 
28.8 0.272913 
28.9 0.271022 
29 0.269175 
29.1 0.26737 
29.2 0.265603 
29.3 0.263872 
29.4 0.262173 
29.5 0.260503 
29.6 0.258859 
29.7 0.257238 
29.8 0.255637 
29.9 0.254054 
30 0.252487 
30.1 0.250933 
30.2 0.249391 
30.3 0.24786 
30.4 0.246338 
30.5 0.244827 
30.6 0.243324 
30.7 0.241831 
30.8 0.240347 
30.9 0.238874 
31 0.237412 
31.1 0.235963 
31.2 0.234527 
31.3 0.233106 
31.4 0.231702 
31.5 0.230314 
31.6 0.228945 
31.7 0.227596 
31.8 0.226267 
31.9 0.224959 
32 0.223672 
32.1 0.222407 
32.2 0.221164 
32.3 0.219942 
32.4 0.21874 
32.5 0.217557 
32.6 0.216393 
32.7 0.215244 
32.8 0.214111 
32.9 0.21299 
33 0.21188 
33.1 0.210779 
33.2 0.209683 
33.3 0.208592 
33.4 0.207502 
33.5 0.206412 
33.6 0.20532 
33.7 0.204224 
33.8 0.203123 
33.9 0.202015 
34 0.2009 
34.1 0.199778 
34.2 0.198647 
34.3 0.197508 
34.4 0.196362 
34.5 0.195209 
34.6 0.194051 
34.7 0.19289 
34.8 0.191725 
34.9 0.190561 
35 0.189398 
35.1 0.188239 
35.2 0.187087 
35.3 0.185942 
35.4 0.184809 
35.5 0.183689 
35.6 0.182584 
35.7 0.181496 
35.8 0.180427 
35.9 0.179378 
36 0.178351 
36.1 0.177347 
36.2 0.176365 
36.3 0.175408 
36.4 0.174474 
36.5 0.173563 
36.6 0.172675 
36.7 0.171808 
36.8 0.170961 
36.9 0.170132 
37 0.16932 
37.1 0.168522 
37.2 0.167736 
37.3 0.166959 
37.4 0.166189 
37.5 0.165424 
37.6 0.16466 
37.7 0.163895 
37.8 0.163127 
37.9 0.162354 
38 0.161573 
38.1 0.160782 
38.2 0.15998 
38.3 0.159166 
38.4 0.158339 
38.5 0.157498 
38.6 0.156644 
38.7 0.155775 
38.8 0.154893 
38.9 0.153998 
39 0.153092 
39.1 0.152177 
39.2 0.151253 
39.3 0.150323 
39.4 0.149388 
39.5 0.148453 
39.6 0.147517 
39.7 0.146585 
39.8 0.145658 
39.9 0.144739 
40 0.14383 
40.1 0.142934 
40.2 0.142052 
40.3 0.141186 
40.4 0.140338 
40.5 0.13951 
40.6 0.138701 
40.7 0.137914 
40.8 0.137148 
40.9 0.136403 
41 0.135679 
41.1 0.134977 
41.2 0.134294 
41.3 0.133629 
41.4 0.132982 
41.5 0.132351 
41.6 0.131734 
41.7 0.131129 
41.8 0.130533 
41.9 0.129945 
42 0.129362 
42.1 0.128782 
42.2 0.128202 
42.3 0.127621 
42.4 0.127036 
42.5 0.126446 
42.6 0.125848 
42.7 0.125241 
42.8 0.124623 
42.9 0.123994 
43 0.123352 
43.1 0.122697 
43.2 0.122029 
43.3 0.121348 
43.4 0.120654 
43.5 0.119947 
43.6 0.119228 
43.7 0.118499 
43.8 0.11776 
43.9 0.117014 
44 0.11626 
44.1 0.115502 
44.2 0.114741 
44.3 0.113979 
44.4 0.113217 
44.5 0.112458 
44.6 0.111703 
44.7 0.110954 
44.8 0.110212 
44.9 0.109479 
45 0.108757 
45.1 0.108045 
45.2 0.107346 
45.3 0.106659 
45.4 0.105986 
45.5 0.105326 
45.6 0.10468 
45.7 0.104047 
45.8 0.103426 
45.9 0.102818 
46 0.102221 
46.1 0.101635 
46.2 0.101058 
46.3 0.100489 
46.4 0.0999266 
46.5 0.0993693 
46.6 0.0988158 
46.7 0.0982645 
46.8 0.0977138 
46.9 0.0971624 
47 0.0966087 
47.1 0.0960513 
47.2 0.0954892 
47.3 0.094921 
47.4 0.0943458 
47.5 0.0937628 
47.6 0.0931712 
47.7 0.0925706 
47.8 0.0919606 
47.9 0.0913411 
48 0.090712 
48.1 0.0900735 
48.2 0.0894261 
48.3 0.0887702 
48.4 0.0881065 
48.5 0.0874357 
48.6 0.0867588 
48.7 0.0860767 
48.8 0.0853905 
48.9 0.0847012 
49 0.0840101 
49.1 0.0833182 
49.2 0.0826266 
49.3 0.0819366 
49.4 0.081249 
49.5 0.0805649 
49.6 0.0798853 
49.7 0.0792108 
49.8 0.0785422 
49.9 0.0778802 
50 0.0772251 
50.1 0.0765774 
50.2 0.0759372 
50.3 0.0753047 
50.4 0.0746798 
50.5 0.0740625 
50.6 0.0734524 
50.7 0.0728494 
50.8 0.0722529 
50.9 0.0716624 
51 0.0710775 
51.1 0.0704974 
51.2 0.0699216 
51.3 0.0693493 
51.4 0.0687799 
51.5 0.0682127 
51.6 0.067647 
51.7 0.0670823 
51.8 0.0665178 
51.9 0.065953 
52 0.0653875 
52.1 0.0648208 
52.2 0.0642526 
52.3 0.0636826 
52.4 0.0631107 
52.5 0.0625366 
52.6 0.0619605 
52.7 0.0613824 
52.8 0.0608024 
52.9 0.0602207 
53 0.0596377 
53.1 0.0590537 
53.2 0.0584692 
53.3 0.0578845 
53.4 0.0573001 
53.5 0.0567167 
53.6 0.0561347 
53.7 0.0555548 
53.8 0.0549773 
53.9 0.054403 
54 0.0538322 
54.1 0.0532656 
54.2 0.0527035 
54.3 0.0521464 
54.4 0.0515946 
54.5 0.0510484 
54.6 0.0505082 
54.7 0.0499741 
54.8 0.0494464 
54.9 0.048925 
55 0.0484101 
55.1 0.0479017 
55.2 0.0473998 
55.3 0.0469042 
55.4 0.0464149 
55.5 0.0459318 
55.6 0.0454546 
55.7 0.0449832 
55.8 0.0445174 
55.9 0.0440571 
56 0.043602 
56.1 0.0431519 
56.2 0.0427068 
56.3 0.0422663 
56.4 0.0418305 
56.5 0.0413991 
56.6 0.0409721 
56.7 0.0405495 
56.8 0.0401312 
56.9 0.0397172 
57 0.0393076 
57.1 0.0389025 
57.2 0.0385019 
57.3 0.038106 
57.4 0.0377149 
57.5 0.0373288 
57.6 0.036948 
57.7 0.0365725 
57.8 0.0362027 
57.9 0.0358387 
58 0.0354809 
58.1 0.0351293 
58.2 0.0347842 
58.3 0.0344458 
58.4 0.0341144 
58.5 0.0337899 
58.6 0.0334727 
58.7 0.0331628 
58.8 0.0328602 
58.9 0.0325651 
59 0.0322774 
59.1 0.0319971 
59.2 0.0317243 
59.3 0.0314588 
59.4 0.0312005 
59.5 0.0309492 
59.6 0.030705 
59.7 0.0304675 
59.8 0.0302366 
59.9 0.0300121 
60 0.0297939 
60.1 0.0295816 
60.2 0.0293752 
60.3 0.0291744 
60.4 0.028979 
60.5 0.028789 
60.6 0.0286041 
60.7 0.0284242 
60.8 0.0282493 
60.9 0.0280793 
61 0.0279142 
61.1 0.027754 
61.2 0.0275986 
61.3 0.0274483 
61.4 0.027303 
61.5 0.0271629 
61.6 0.0270281 
61.7 0.0268988 
61.8 0.0267753 
61.9 0.0266577 
62 0.0265463 
62.1 0.0264413 
62.2 0.0263429 
62.3 0.0262514 
62.4 0.0261671 
62.5 0.0260901 
62.6 0.0260207 
62.7 0.025959 
62.8 0.0259054 
62.9 0.0258598 
63 0.0258225 
63.1 0.0257936 
63.2 0.025773 
63.3 0.0257609 
63.4 0.0257572 
63.5 0.0257619 
63.6 0.0257748 
63.7 0.0257959 
63.8 0.025825 
63.9 0.0258619 
64 0.0259064 
64.1 0.0259582 
64.2 0.0260169 
64.3 0.0260824 
64.4 0.0261542 
64.5 0.0262321 
64.6 0.0263156 
64.7 0.0264043 
64.8 0.0264981 
64.9 0.0265963 
65 0.0266988 
65.1 0.0268052 
65.2 0.0269151 
65.3 0.0270283 
65.4 0.0271445 
65.5 0.0272634 
65.6 0.027385 
65.7 0.0275089 
65.8 0.0276351 
65.9 0.0277634 
66 0.0278939 
66.1 0.0280265 
66.2 0.0281613 
66.3 0.0282983 
66.4 0.0284376 
66.5 0.0285794 
66.6 0.0287238 
66.7 0.028871 
66.8 0.0290213 
66.9 0.0291748 
67 0.0293318 
67.1 0.0294926 
67.2 0.0296574 
67.3 0.0298265 
67.4 0.0300001 
67.5 0.0301785 
67.6 0.0303619 
67.7 0.0305506 
67.8 0.0307446 
67.9 0.0309442 
68 0.0311494 
68.1 0.0313605 
68.2 0.0315774 
68.3 0.0318002 
68.4 0.0320288 
68.5 0.0322632 
68.6 0.0325034 
68.7 0.0327491 
68.8 0.0330003 
68.9 0.0332567 
69 0.0335181 
69.1 0.0337842 
69.2 0.0340547 
69.3 0.0343294 
69.4 0.0346078 
69.5 0.0348896 
69.6 0.0351744 
69.7 0.0354619 
69.8 0.0357517 
69.9 0.0360434 
70 0.0363365 
70.1 0.0366308 
70.2 0.0369258 
70.3 0.0372212 
70.4 0.0375167 
70.5 0.037812 
70.6 0.0381068 
70.7 0.0384009 
70.8 0.0386941 
70.9 0.0389861 
71 0.0392768 
71.1 0.0395662 
71.2 0.0398541 
71.3 0.0401405 
71.4 0.0404254 
71.5 0.0407088 
71.6 0.0409909 
71.7 0.0412716 
71.8 0.0415511 
71.9 0.0418295 
72 0.042107 
72.1 0.0423838 
72.2 0.04266 
72.3 0.0429359 
72.4 0.0432117 
72.5 0.0434875 
72.6 0.0437636 
72.7 0.0440401 
72.8 0.0443173 
72.9 0.0445953 
73 0.0448743 
73.1 0.0451544 
73.2 0.0454357 
73.3 0.0457184 
73.4 0.0460025 
73.5 0.046288 
73.6 0.0465749 
73.7 0.0468634 
73.8 0.0471531 
73.9 0.0474443 
74 0.0477366 
74.1 0.04803 
74.2 0.0483244 
74.3 0.0486195 
74.4 0.0489151 
74.5 0.0492111 
74.6 0.0495071 
74.7 0.049803 
74.8 0.0500983 
74.9 0.050393 
75 0.0506866 
75.1 0.0509789 
75.2 0.0512695 
75.3 0.0515582 
75.4 0.0518447 
75.5 0.0521287 
75.6 0.05241 
75.7 0.0526882 
75.8 0.0529631 
75.9 0.0532345 
76 0.0535022 
76.1 0.053766 
76.2 0.0540258 
76.3 0.0542814 
76.4 0.0545326 
76.5 0.0547795 
76.6 0.0550218 
76.7 0.0552597 
76.8 0.055493 
76.9 0.0557218 
77 0.055946 
77.1 0.0561658 
77.2 0.0563811 
77.3 0.0565921 
77.4 0.0567989 
77.5 0.0570015 
77.6 0.0572 
77.7 0.0573946 
77.8 0.0575855 
77.9 0.0577726 
78 0.0579562 
78.1 0.0581364 
78.2 0.0583133 
78.3 0.058487 
78.4 0.0586575 
78.5 0.0588251 
78.6 0.0589898 
78.7 0.0591516 
78.8 0.0593106 
78.9 0.0594669 
79 0.0596204 
79.1 0.0597712 
79.2 0.0599193 
79.3 0.0600646 
79.4 0.0602071 
79.5 0.0603467 
79.6 0.0604834 
79.7 0.0606171 
79.8 0.0607476 
79.9 0.0608749 
80 0.0609988 
80.1 0.0611192 
80.2 0.0612359 
80.3 0.0613488 
80.4 0.0614578 
80.5 0.0615627 
80.6 0.0616632 
80.7 0.0617593 
80.8 0.0618508 
80.9 0.0619375 
81 0.0620193 
81.1 0.0620961 
81.2 0.0621676 
81.3 0.0622337 
81.4 0.0622944 
81.5 0.0623495 
81.6 0.0623989 
81.7 0.0624425 
81.8 0.0624803 
81.9 0.0625121 
82 0.062538 
82.1 0.0625579 
82.2 0.0625717 
82.3 0.0625794 
82.4 0.0625811 
82.5 0.0625768 
82.6 0.0625664 
82.7 0.06255 
82.8 0.0625277 
82.9 0.0624994 
83 0.0624654 
83.1 0.0624255 
83.2 0.0623799 
83.3 0.0623287 
83.4 0.0622719 
83.5 0.0622096 
83.6 0.0621418 
83.7 0.0620688 
83.8 0.0619904 
83.9 0.0619069 
84 0.0618182 
84.1 0.0617245 
84.2 0.0616258 
84.3 0.0615221 
84.4 0.0614136 
84.5 0.0613001 
84.6 0.0611819 
84.7 0.0610589 
84.8 0.0609311 
84.9 0.0607986 
85 0.0606614 
85.1 0.0605194 
85.2 0.0603727 
85.3 0.0602213 
85.4 0.0600652 
85.5 0.0599043 
85.6 0.0597386 
85.7 0.0595681 
85.8 0.0593928 
85.9 0.0592127 
86 0.0590277 
86.1 0.0588378 
86.2 0.0586429 
86.3 0.0584431 
86.4 0.0582384 
86.5 0.0580286 
86.6 0.0578138 
86.7 0.0575939 
86.8 0.057369 
86.9 0.0571391 
87 0.056904 
87.1 0.0566639 
87.2 0.0564187 
87.3 0.0561685 
87.4 0.0559132 
87.5 0.0556528 
87.6 0.0553875 
87.7 0.0551172 
87.8 0.054842 
87.9 0.0545618 
88 0.0542768 
88.1 0.053987 
88.2 0.0536925 
88.3 0.0533933 
88.4 0.0530894 
88.5 0.052781 
88.6 0.0524681 
88.7 0.0521508 
88.8 0.0518292 
88.9 0.0515033 
89 0.0511733 
89.1 0.0508391 
89.2 0.050501 
89.3 0.0501589 
89.4 0.0498129 
89.5 0.0494632 
89.6 0.0491097 
89.7 0.0487527 
89.8 0.0483921 
89.9 0.048028 
90 0.0476606 
90.1 0.0472898 
90.2 0.0469158 
90.3 0.0465387 
90.4 0.0461584 
90.5 0.0457751 
90.6 0.0453888 
90.7 0.0449996 
90.8 0.0446075 
90.9 0.0442127 
91 0.0438152 
91.1 0.043415 
91.2 0.0430122 
91.3 0.0426068 
91.4 0.042199 
91.5 0.0417888 
91.6 0.0413762 
91.7 0.0409613 
91.8 0.0405442 
91.9 0.0401249 
92 0.0397036 
92.1 0.0392802 
92.2 0.0388549 
92.3 0.0384277 
92.4 0.0379987 
92.5 0.037568 
92.6 0.0371356 
92.7 0.0367017 
92.8 0.0362663 
92.9 0.0358296 
93 0.0353915 
93.1 0.0349523 
93.2 0.0345119 
93.3 0.0340705 
93.4 0.0336282 
93.5 0.0331851 
93.6 0.0327413 
93.7 0.0322969 
93.8 0.0318519 
93.9 0.0314066 
94 0.0309609 
94.1 0.0305151 
94.2 0.0300692 
94.3 0.0296232 
94.4 0.0291774 
94.5 0.0287319 
94.6 0.0282866 
94.7 0.0278418 
94.8 0.0273975 
94.9 0.0269539 
95 0.026511 
95.1 0.0260689 
95.2 0.0256278 
95.3 0.0251877 
95.4 0.0247488 
95.5 0.0243111 
95.6 0.0238747 
95.7 0.0234397 
95.8 0.0230062 
95.9 0.0225744 
96 0.0221442 
96.1 0.0217158 
96.2 0.0212892 
96.3 0.0208646 
96.4 0.020442 
96.5 0.0200216 
96.6 0.0196033 
96.7 0.0191873 
96.8 0.0187737 
96.9 0.0183625 
97 0.0179539 
97.1 0.0175478 
97.2 0.0171445 
97.3 0.016744 
97.4 0.0163463 
97.5 0.0159515 
97.6 0.0155598 
97.7 0.0151712 
97.8 0.0147859 
97.9 0.0144038 
98 0.0140251 
98.1 0.0136499 
98.2 0.0132782 
98.3 0.0129102 
98.4 0.012546 
98.5 0.0121856 
98.6 0.0118292 
98.7 0.0114768 
98.8 0.0111285 
98.9 0.0107845 
99 0.0104448 
99.1 0.0101096 
99.2 0.00977881 
99.3 0.00945269 
99.4 0.00913129 
99.5 0.0088147 
99.6 0.00850303 
99.7 0.00819637 
99.8 0.00789481 
99.9 0.00759844 
100 0.00730737 
100.1 0.00702166 
100.2 0.00674143 
100.3 0.00646675 
100.4 0.00619771 
100.5 0.00593439 
100.6 0.00567688 
100.7 0.00542525 
100.8 0.00517958 
100.9 0.00493995 
101 0.00470644 
101.1 0.0044791 
101.2 0.00425802 
101.3 0.00404325 
101.4 0.00383487 
101.5 0.00363293 
101.6 0.0034375 
101.7 0.00324863 
101.8 0.00306639 
101.9 0.00289082 
102 0.00272199 
102.1 0.00255993 
102.2 0.00240472 
102.3 0.00225638 
102.4 0.00211497 
102.5 0.00198054 
102.6 0.00185313 
102.7 0.00173279 
102.8 0.00161956 
102.9 0.00151348 
103 0.00141459 
103.1 0.00132293 
103.2 0.00123855 
103.3 0.00116149 
103.4 0.00109178 
103.5 0.00102946 
103.6 0.000974577 
103.7 0.000927162 
103.8 0.000887256 
103.9 0.000854895 
104 0.000830117 
104.1 0.000812958 
104.2 0.000803455 
104.3 0.000801643 
104.4 0.000807558 
104.5 0.000821234 
104.6 0.000842706 
104.7 0.000872005 
104.8 0.000909166 
104.9 0.000954217 
105 0.00100719 
105.1 0.00106812 
105.2 0.00113702 
105.3 0.00121393 
105.4 0.00129886 
105.5 0.00139185 
105.6 0.00149291 
105.7 0.00160206 
105.8 0.00171932 
105.9 0.0018447 
106 0.00197822 
106.1 0.00211988 
106.2 0.00226969 
106.3 0.00242766 
106.4 0.00259378 
106.5 0.00276807 
106.6 0.0029505 
106.7 0.00314109 
106.8 0.00333981 
106.9 0.00354665 
107 0.00376161 
107.1 0.00398465 
107.2 0.00421577 
107.3 0.00445493 
107.4 0.00470212 
107.5 0.00495729 
107.6 0.00522043 
107.7 0.00549149 
107.8 0.00577044 
107.9 0.00605724 
108 0.00635185 
108.1 0.00665422 
108.2 0.00696432 
108.3 0.00728209 
108.4 0.00760749 
108.5 0.00794047 
108.6 0.00828097 
108.7 0.00862895 
108.8 0.00898436 
108.9 0.00934713 
109 0.00971722 
109.1 0.0100946 
109.2 0.0104791 
109.3 0.0108708 
109.4 0.0112696 
109.5 0.0116755 
109.6 0.0120883 
109.7 0.0125081 
109.8 0.0129347 
109.9 0.0133681 
110 0.0138083 
110.1 0.0142552 
110.2 0.0147088 
110.3 0.0151689 
110.4 0.0156356 
110.5 0.0161088 
110.6 0.0165884 
110.7 0.0170744 
110.8 0.0175668 
110.9 0.0180653 
111 0.0185701 
111.1 0.0190811 
111.2 0.0195982 
111.3 0.0201213 
111.4 0.0206504 
111.5 0.0211854 
111.6 0.0217263 
111.7 0.022273 
111.8 0.0228255 
111.9 0.0233837 
112 0.0239474 
112.1 0.0245168 
112.2 0.0250916 
112.3 0.0256719 
112.4 0.0262575 
112.5 0.0268484 
112.6 0.0274444 
112.7 0.0280456 
112.8 0.0286519 
112.9 0.0292631 
113 0.0298791 
113.1 0.0304999 
113.2 0.0311254 
113.3 0.0317555 
113.4 0.0323901 
113.5 0.033029 
113.6 0.0336723 
113.7 0.0343196 
113.8 0.0349711 
113.9 0.0356265 
114 0.0362857 
114.1 0.0369486 
114.2 0.0376151 
114.3 0.0382851 
114.4 0.0389583 
114.5 0.0396348 
114.6 0.0403143 
114.7 0.0409968 
114.8 0.041682 
114.9 0.0423699 
115 0.0430602 
115.1 0.043753 
115.2 0.0444479 
115.3 0.045145 
115.4 0.0458439 
115.5 0.0465446 
115.6 0.047247 
115.7 0.0479508 
115.8 0.0486559 
115.9 0.0493623 
116 0.0500697 
116.1 0.0507779 
116.2 0.0514869 
116.3 0.0521965 
116.4 0.0529065 
116.5 0.0536168 
116.6 0.0543273 
116.7 0.0550378 
116.8 0.0557482 
116.9 0.0564583 
117 0.057168 
117.1 0.0578772 
117.2 0.0585857 
117.3 0.0592935 
117.4 0.0600002 
117.5 0.060706 
117.6 0.0614105 
117.7 0.0621138 
117.8 0.0628156 
117.9 0.0635159 
118 0.0642145 
118.1 0.0649114 
118.2 0.0656064 
118.3 0.0662993 
118.4 0.0669902 
118.5 0.0676789 
118.6 0.0683652 
118.7 0.0690492 
118.8 0.0697306 
118.9 0.0704094 
119 0.0710855 
119.1 0.0717587 
119.2 0.0724291 
119.3 0.0730964 
119.4 0.0737606 
119.5 0.0744216 
119.6 0.0750793 
119.7 0.0757336 
119.8 0.0763844 
119.9 0.0770317 
120 0.0776752 
120.1 0.078315 
120.2 0.0789509 
120.3 0.0795828 
120.4 0.0802106 
120.5 0.0808343 
120.6 0.0814537 
120.7 0.0820687 
120.8 0.0826793 
120.9 0.0832852 
121 0.0838865 
121.1 0.084483 
121.2 0.0850747 
121.3 0.0856613 
121.4 0.0862428 
121.5 0.0868191 
121.6 0.08739 
121.7 0.0879555 
121.8 0.0885155 
121.9 0.0890697 
122 0.0896182 
122.1 0.0901608 
122.2 0.0906973 
122.3 0.0912277 
122.4 0.0917518 
122.5 0.0922695 
122.6 0.0927807 
122.7 0.0932852 
122.8 0.093783 
122.9 0.0942739 
123 0.0947578 
123.1 0.0952346 
123.2 0.095704 
123.3 0.0961662 
123.4 0.0966208 
123.5 0.0970678 
123.6 0.097507 
123.7 0.0979384 
123.8 0.0983617 
123.9 0.098777 
124 0.0991841 
124.1 0.0995828 
124.2 0.0999731 
124.3 0.100355 
124.4 0.100728 
124.5 0.101092 
124.6 0.101448 
124.7 0.101794 
124.8 0.102131 
124.9 0.102459 
125 0.102778 
125.1 0.103088 
125.2 0.103388 
125.3 0.103679 
125.4 0.10396 
125.5 0.104231 
125.6 0.104492 
125.7 0.104744 
125.8 0.104986 
125.9 0.105218 
126 0.10544 
126.1 0.105651 
126.2 0.105853 
126.3 0.106044 
126.4 0.106226 
126.5 0.106396 
126.6 0.106557 
126.7 0.106707 
126.8 0.106847 
126.9 0.106977 
127 0.107096 
127.1 0.107205 
127.2 0.107303 
127.3 0.107391 
127.4 0.107468 
127.5 0.107535 
127.6 0.107591 
127.7 0.107637 
127.8 0.107672 
127.9 0.107697 
128 0.107711 
128.1 0.107715 
128.2 0.107708 
128.3 0.107691 
128.4 0.107663 
128.5 0.107625 
128.6 0.107576 
128.7 0.107517 
128.8 0.107448 
128.9 0.107368 
129 0.107278 
129.1 0.107178 
129.2 0.107067 
129.3 0.106946 
129.4 0.106815 
129.5 0.106674 
129.6 0.106522 
129.7 0.106361 
129.8 0.106189 
129.9 0.106007 
130 0.105815 
130.1 0.105614 
130.2 0.105402 
130.3 0.10518 
130.4 0.104949 
130.5 0.104707 
130.6 0.104456 
130.7 0.104195 
130.8 0.103924 
130.9 0.103644 
131 0.103354 
131.1 0.103054 
131.2 0.102745 
131.3 0.102426 
131.4 0.102098 
131.5 0.10176 
131.6 0.101413 
131.7 0.101057 
131.8 0.100692 
131.9 0.100317 
132 0.099933 
132.1 0.09954 
132.2 0.0991379 
132.3 0.0987268 
132.4 0.0983067 
132.5 0.0978778 
132.6 0.09744 
132.7 0.0969935 
132.8 0.0965382 
132.9 0.0960743 
133 0.0956018 
133.1 0.0951208 
133.2 0.0946313 
133.3 0.0941335 
133.4 0.0936273 
133.5 0.093113 
133.6 0.0925905 
133.7 0.0920598 
133.8 0.0915213 
133.9 0.0909747 
134 0.0904204 
134.1 0.0898583 
134.2 0.0892886 
134.3 0.0887113 
134.4 0.0881265 
134.5 0.0875344 
134.6 0.086935 
134.7 0.0863285 
134.8 0.0857148 
134.9 0.0850942 
135 0.0844668 
135.1 0.0838326 
135.2 0.0831918 
135.3 0.0825444 
135.4 0.0818907 
135.5 0.0812307 
135.6 0.0805646 
135.7 0.0798924 
135.8 0.0792144 
135.9 0.0785305 
136 0.0778411 
136.1 0.0771461 
136.2 0.0764458 
136.3 0.0757403 
136.4 0.0750297 
136.5 0.0743142 
136.6 0.0735938 
136.7 0.0728689 
136.8 0.0721395 
136.9 0.0714057 
137 0.0706677 
137.1 0.0699258 
137.2 0.0691799 
137.3 0.0684304 
137.4 0.0676773 
137.5 0.0669209 
137.6 0.0661612 
137.7 0.0653985 
137.8 0.0646329 
137.9 0.0638646 
138 0.0630938 
138.1 0.0623206 
138.2 0.0615452 
138.3 0.0607678 
138.4 0.0599885 
138.5 0.0592076 
138.6 0.0584253 
138.7 0.0576416 
138.8 0.0568567 
138.9 0.056071 
139 0.0552844 
139.1 0.0544973 
139.2 0.0537098 
139.3 0.0529221 
139.4 0.0521343 
139.5 0.0513467 
139.6 0.0505594 
139.7 0.0497726 
139.8 0.0489865 
139.9 0.0482013 
140 0.0474172 
140.1 0.0466343 
140.2 0.0458529 
140.3 0.0450731 
140.4 0.0442951 
140.5 0.0435191 
140.6 0.0427452 
140.7 0.0419738 
140.8 0.0412049 
140.9 0.0404387 
141 0.0396754 
141.1 0.0389153 
141.2 0.0381584 
141.3 0.037405 
141.4 0.0366552 
141.5 0.0359093 
141.6 0.0351674 
141.7 0.0344297 
141.8 0.0336963 
141.9 0.0329676 
142 0.0322435 
142.1 0.0315244 
142.2 0.0308104 
142.3 0.0301017 
142.4 0.0293984 
142.5 0.0287008 
142.6 0.028009 
142.7 0.0273231 
142.8 0.0266435 
142.9 0.0259702 
143 0.0253034 
143.1 0.0246433 
143.2 0.0239901 
143.3 0.0233439 
143.4 0.0227049 
143.5 0.0220733 
143.6 0.0214493 
143.7 0.020833 
143.8 0.0202246 
143.9 0.0196243 
144 0.0190322 
144.1 0.0184485 
144.2 0.0178734 
144.3 0.0173071 
144.4 0.0167496 
144.5 0.0162012 
144.6 0.0156621 
144.7 0.0151324 
144.8 0.0146122 
144.9 0.0141018 
145 0.0136013 
145.1 0.0131108 
145.2 0.0126305 
145.3 0.0121606 
145.4 0.0117012 
145.5 0.0112526 
145.6 0.0108147 
145.7 0.0103879 
145.8 0.0099722 
145.9 0.00956783 
146 0.00917492 
146.1 0.00879362 
146.2 0.00842409 
146.3 0.00806647 
146.4 0.00772092 
146.5 0.00738757 
146.6 0.00706658 
146.7 0.00675809 
146.8 0.00646224 
146.9 0.00617918 
147 0.00590905 
147.1 0.00565199 
147.2 0.00540814 
147.3 0.00517763 
147.4 0.0049606 
147.5 0.00475719 
147.6 0.00456753 
147.7 0.00439175 
147.8 0.00422998 
147.9 0.00408235 
148 0.00394898 
148.1 0.00383001 
148.2 0.00372556 
148.3 0.00363574 
148.4 0.00356069 
148.5 0.00350051 
148.6 0.00345532 
148.7 0.00342525 
148.8 0.0034104 
148.9 0.00341088 
149 0.00342681 
149.1 0.00345829 
149.2 0.00350543 
149.3 0.00356833 
149.4 0.00364709 
149.5 0.00374182 
149.6 0.0038526 
149.7 0.00397954 
149.8 0.00412273 
149.9 0.00428226 
150 0.00445822 
150.1 0.00465069 
150.2 0.00485977 
150.3 0.00508552 
150.4 0.00532804 
150.5 0.00558739 
150.6 0.00586365 
150.7 0.00615691 
150.8 0.00646721 
150.9 0.00679464 
151 0.00713926 
151.1 0.00750113 
151.2 0.00788032 
151.3 0.00827687 
151.4 0.00869084 
151.5 0.00912229 
151.6 0.00957127 
151.7 0.0100378 
151.8 0.010522 
151.9 0.0110238 
152 0.0115434 
152.1 0.0120806 
152.2 0.0126357 
152.3 0.0132085 
152.4 0.0137992 
152.5 0.0144077 
152.6 0.0150341 
152.7 0.0156784 
152.8 0.0163406 
152.9 0.0170208 
153 0.0177189 
153.1 0.0184349 
153.2 0.0191689 
153.3 0.0199209 
153.4 0.0206908 
153.5 0.0214787 
153.6 0.0222846 
153.7 0.0231084 
153.8 0.0239501 
153.9 0.0248098 
154 0.0256874 
154.1 0.0265828 
154.2 0.0274962 
154.3 0.0284274 
154.4 0.0293764 
154.5 0.0303432 
154.6 0.0313277 
154.7 0.03233 
154.8 0.03335 
154.9 0.0343876 
155 0.0354427 
155.1 0.0365155 
155.2 0.0376057 
155.3 0.0387134 
155.4 0.0398385 
155.5 0.0409809 
155.6 0.0421406 
155.7 0.0433175 
155.8 0.0445116 
155.9 0.0457227 
156 0.0469509 
156.1 0.0481959 
156.2 0.0494579 
156.3 0.0507366 
156.4 0.052032 
156.5 0.053344 
156.6 0.0546725 
156.7 0.0560175 
156.8 0.0573788 
156.9 0.0587563 
157 0.06015 
157.1 0.0615598 
157.2 0.0629855 
157.3 0.064427 
157.4 0.0658842 
157.5 0.0673571 
157.6 0.0688455 
157.7 0.0703493 
157.8 0.0718683 
157.9 0.0734026 
158 0.0749518 
158.1 0.076516 
158.2 0.0780949 
158.3 0.0796885 
158.4 0.0812966 
158.5 0.0829191 
158.6 0.0845558 
158.7 0.0862066 
158.8 0.0878714 
158.9 0.0895501 
159 0.0912424 
159.1 0.0929482 
159.2 0.0946674 
159.3 0.0963999 
159.4 0.0981454 
159.5 0.0999038 
159.6 0.101675 
159.7 0.103459 
159.8 0.105255 
159.9 0.107064 
160 0.108884 
160.1 0.110717 
160.2 0.112561 
160.3 0.114417 
160.4 0.116284 
160.5 0.118163 
160.6 0.120052 
160.7 0.121953 
160.8 0.123864 
160.9 0.125785 
161 0.127717 
161.1 0.129659 
161.2 0.131611 
161.3 0.133573 
161.4 0.135545 
161.5 0.137525 
161.6 0.139515 
161.7 0.141514 
161.8 0.143522 
161.9 0.145538 
162 0.147562 
162.1 0.149595 
162.2 0.151636 
162.3 0.153684 
162.4 0.15574 
162.5 0.157803 
162.6 0.159873 
162.7 0.161951 
162.8 0.164034 
162.9 0.166125 
163 0.168221 
163.1 0.170324 
163.2 0.172432 
163.3 0.174546 
163.4 0.176666 
163.5 0.17879 
163.6 0.18092 
163.7 0.183054 
163.8 0.185192 
163.9 0.187335 
164 0.189482 
164.1 0.191632 
164.2 0.193786 
164.3 0.195944 
164.4 0.198104 
164.5 0.200267 
164.6 0.202433 
164.7 0.204601 
164.8 0.206772 
164.9 0.208944 
165 0.211118 
165.1 0.213293 
165.2 0.215469 
165.3 0.217647 
165.4 0.219825 
165.5 0.222003 
165.6 0.224182 
165.7 0.22636 
165.8 0.228539 
165.9 0.230717 
166 0.232894 
166.1 0.23507 
166.2 0.237244 
166.3 0.239418 
166.4 0.241589 
166.5 0.243759 
166.6 0.245926 
166.7 0.248091 
166.8 0.250253 
166.9 0.252412 
167 0.254567 
167.1 0.25672 
167.2 0.258868 
167.3 0.261013 
167.4 0.263153 
167.5 0.265289 
167.6 0.26742 
167.7 0.269547 
167.8 0.271668 
167.9 0.273783 
168 0.275893 
168.1 0.277997 
168.2 0.280095 
168.3 0.282186 
168.4 0.284271 
168.5 0.286348 
168.6 0.288419 
168.7 0.290482 
168.8 0.292537 
168.9 0.294585 
169 0.296624 
169.1 0.298655 
169.2 0.300678 
169.3 0.302691 
169.4 0.304696 
169.5 0.306691 
169.6 0.308677 
169.7 0.310652 
169.8 0.312618 
169.9 0.314573 
170 0.316518 
170.1 0.318452 
170.2 0.320376 
170.3 0.322288 
170.4 0.324188 
170.5 0.326077 
170.6 0.327954 
170.7 0.329819 
170.8 0.331671 
170.9 0.333511 
171 0.335339 
171.1 0.337153 
171.2 0.338954 
171.3 0.340741 
171.4 0.342515 
171.5 0.344275 
171.6 0.346021 
171.7 0.347752 
171.8 0.34947 
171.9 0.351172 
172 0.352859 
172.1 0.354532 
172.2 0.356188 
172.3 0.35783 
172.4 0.359455 
172.5 0.361065 
172.6 0.362659 
172.7 0.364236 
172.8 0.365797 
172.9 0.367341 
173 0.368868 
173.1 0.370378 
173.2 0.37187 
173.3 0.373346 
173.4 0.374803 
173.5 0.376243 
173.6 0.377665 
173.7 0.379068 
173.8 0.380453 
173.9 0.38182 
174 0.383168 
174.1 0.384497 
174.2 0.385807 
174.3 0.387098 
174.4 0.38837 
174.5 0.389622 
174.6 0.390854 
174.7 0.392066 
174.8 0.393259 
174.9 0.394431 
175 0.395584 
175.1 0.396715 
175.2 0.397827 
175.3 0.398917 
175.4 0.399987 
175.5 0.401036 
175.6 0.402063 
175.7 0.40307 
175.8 0.404055 
175.9 0.405019 
176 0.405961 
176.1 0.406881 
176.2 0.40778 
176.3 0.408656 
176.4 0.409511 
176.5 0.410343 
176.6 0.411154 
176.7 0.411941 
176.8 0.412707 
176.9 0.41345 
177 0.41417 
177.1 0.414867 
177.2 0.415542 
177.3 0.416194 
177.4 0.416823 
177.5 0.417428 
177.6 0.418011 
177.7 0.41857 
177.8 0.419106 
177.9 0.419619 
178 0.420108 
178.1 0.420574 
178.2 0.421016 
178.3 0.421435 
178.4 0.42183 
178.5 0.422202 
178.6 0.422549 
178.7 0.422873 
178.8 0.423173 
178.9 0.423449 
179 0.423701 
179.1 0.42393 
179.2 0.424134 
179.3 0.424315 
179.4 0.424471 
179.5 0.424603 
179.6 0.424712 
179.7 0.424796 
179.8 0.424856 
