0 5.1841
2 5.1434
4 5.0235
6 4.8307
8 4.5748
10 4.2679
12 3.9239
14 3.5568
16 3.1801
18 2.8058
20 2.4440
22 2.1025
24 1.7869
26 1.5008
28 1.2457
30 1.0220
32 0.82873
34 0.66409
36 0.52586
38 0.41152
40 0.31845
42 0.24409
44 0.18599
46 0.14190
48 0.10977
50 0.087781
52 0.074297
54 0.067877
56 0.067249
58 0.071281
60 0.078969
62 0.089413
64 0.10180
66 0.11541
68 0.12958
70 0.14372
72 0.15729
74 0.16982
76 0.19089
78 0.19017
80 0.19735
82 0.20221
84 0.20460
86 0.20442
88 0.20166
90 0.19635
92 0.18861
94 0.17861
96 0.16659
98 0.15284
100 0.13769
102 0.12154
104 0.10481
106 0.087947
108 0.071422
110 0.055718
112 0.041317
114 0.028694
116 0.018307
118 0.010587
120 0.0059286
122 0.0046841
124 0.0071537
126 0.013580
128 0.024142
130 0.038950
132 0.058044
134 0.081390
136 0.10888
138 0.14033
140 0.17548
142 0.21402
144 0.25555
146 0.29963
148 0.34576
150 0.39339
152 0.44193
154 0.49079
156 0.53934
158 0.58693