0 5.1897
2 5.0673
4 4.7210
6 4.2074
8 3.602
10 2.9805 
12 2.4033
14 1.9086
16 1.5126
18 1.2148
20 1.0038
22 0.86353
24 0.77657
26 0.72682
28 0.70061
30 0.68713
32 0.67841
34 0.66889
36 0.65505
38 0.63489
40 0.60762
42 0.57331
44 0.53267
46 0.48684 
48 0.43720
50 0.38524
52 0.33247
54 0.28034
56 0.23019
58 0.18325
60 0.14055
62 0.10295
64 0.071119
66 0.045492
68 0.026315
70 0.013639
72 0.0073334
74 0.0070980
76 0.012483
78 0.022908
80 0.037683
82 0.056034
84 0.077129
86 0.10010
88 0.12408
90 0.14820
92 0.17164
94 0.19363
96 0.21348
98 0.23058
100 0.24444
102 0.25468
104 0.26103
106 0.26336
108 0.26166
110 0.25602
112 0.24668
114 0.23395
116 0.21825
118 0.20007
120 0.17999
122 0.15859 
124 0.13653
126 0.11443
128 0.092942
130 0.072675
132 0.054196
134 0.038018
136 0.024580
138 0.014241
140 0.0072687
142 0.0038325
144 0.0040016
146 0.0077434
148 0.014925
150 0.025319
152 0.038609
154 0.054399
156 0.072228
158 0.091579
160 0.11189
162 0.13260
164 0.15309
166 0.17280
168 0.19118
170 0.20769
172 0.22188
174 0.23336
176 0.24179
178 0.24694