0 3.0398
2 3.0147
4 2.941
6 2.8233
8 2.6686
10 2.4854 
12 2.2830
14 2.0705
16 1.8561
18 1.6467
20 1.4477
22 1.2627
24 1.0942
26 0.94320
28 0.80973
30 0.69319
32 0.59247
34 0.50617
36 0.43275
38 0.37067
40 0.31843
42 0.27464
44 0.23805
46 0.20754
48 0.18215
50 0.16105
52 0.14352
54 0.12897
56 0.11691
58 0.10691
60 0.098627
62 0.091781
64 0.086136
66 0.081497
68 0.077707
70 0.074632
72 0.072167
74 0.070220
76 0.068719
78 0.067601
80 0.066814
82 0.066315
84 0.066067
86 0.066040
88 0.066205
90 0.066540
92 0.067024
94 0.067639
96 0.068370
98 0.069202
100 0.070124
102 0.071122
104 0.072188
106 0.073311
108 0.074483
110 0.075696
112 0.076941
114 0.078213
116 0.079504
118 0.080809
120 0.082122
122 0.083437
124 0.084749
126 0.086054
128 0.087347
130 0.088623
132 0.089880
134 0.091112
136 0.092317
138 0.093490
140 0.094630
142 0.095732
144 0.096794
146 0.097813
148 0.098787
150 0.099714
152 0.10059
154 0.10142
156 0.10219
158 0.10290