0 1.5328
2 1.5248
4 1.5010
6 1.4625
8 1.4106
10 1.3475 
12 1.2752
14 1.1962
16 1.1129
18 1.0274
20 0.94172
22 0.85768
24 0.7766
26 0.69957
28 0.62733
30 0.56035
32 0.49885
34 0.44288
36 0.39230
38 0.34688
40 0.30631
42 0.27022
44 0.23824
46 0.20996
48 0.18501
50 0.16303
52 0.14368
54 0.12667
56 0.11171
58 0.098565
60 0.087024
62 0.076900
64 0.068038
66 0.060303
68 0.053582
70 0.047779
72 0.042818
74 0.038632
76 0.035169
78 0.032386
80 0.030245
82 0.028720
84 0.027786
86 0.027423
88 0.027615
90 0.028346
92 0.029604
94 0.031375
96 0.033648
98 0.036410
100 0.039647
102 0.043345
104 0.047489
106 0.052061
108 0.057045
110 0.062419
112 0.068163
114 0.074253
116 0.080665
118 0.087373
120 0.094347
122 0.10156
124 0.10898
126 0.11658
128 0.12432
130 0.13216
132 0.14009
134 0.14805
136 0.15601
138 0.16394
140 0.17180
142 0.17955
144 0.18717
146 0.19460
148 0.20182
150 0.20880
152 0.21550
154 0.22189
156 0.22793
158 0.23361
160 0.23889
162 0.24374
164 0.24816
166 0.25210
168 0.25556
170 0.25851
172 0.26095
174 0.26285
176 0.26422
178 0.26505