0.1 12.6987 
0.2 12.6953 
0.3 12.6897 
0.4 12.6819 
0.5 12.6717 
0.6 12.659 
0.7 12.644 
0.8 12.6263 
0.9 12.6061 
1 12.583 
1.1 12.5572 
1.2 12.5283 
1.3 12.4964 
1.4 12.4613 
1.5 12.4229 
1.6 12.3811 
1.7 12.3358 
1.8 12.2869 
1.9 12.2343 
2 12.1778 
2.1 12.1176 
2.2 12.0534 
2.3 11.9853 
2.4 11.9132 
2.5 11.8371 
2.6 11.7571 
2.7 11.6731 
2.8 11.5852 
2.9 11.4935 
3 11.3981 
3.1 11.299 
3.2 11.1963 
3.3 11.0903 
3.4 10.9809 
3.5 10.8685 
3.6 10.7532 
3.7 10.635 
3.8 10.5143 
3.9 10.3913 
4 10.266 
4.1 10.1389 
4.2 10.0099 
4.3 9.87944 
4.4 9.74762 
4.5 9.61468 
4.6 9.48082 
4.7 9.34623 
4.8 9.21111 
4.9 9.07563 
5 8.93998 
5.1 8.80431 
5.2 8.66878 
5.3 8.53355 
5.4 8.39874 
5.5 8.26447 
5.6 8.13087 
5.7 7.99802 
5.8 7.86603 
5.9 7.73498 
6 7.60494 
6.1 7.47596 
6.2 7.34811 
6.3 7.22143 
6.4 7.09596 
6.5 6.97172 
6.6 6.84875 
6.7 6.72707 
6.8 6.60669 
6.9 6.48762 
7 6.36988 
7.1 6.25346 
7.2 6.13838 
7.3 6.02464 
7.4 5.91225 
7.5 5.80119 
7.6 5.69148 
7.7 5.58312 
7.8 5.47612 
7.9 5.37047 
8 5.26618 
8.1 5.16326 
8.2 5.06171 
8.3 4.96155 
8.4 4.86278 
8.5 4.76541 
8.6 4.66944 
8.7 4.5749 
8.8 4.48179 
8.9 4.39012 
9 4.2999 
9.1 4.21114 
9.2 4.12384 
9.3 4.03803 
9.4 3.95369 
9.5 3.87084 
9.6 3.78948 
9.7 3.70961 
9.8 3.63124 
9.9 3.55435 
10 3.47895 
10.1 3.40503 
10.2 3.33258 
10.3 3.26159 
10.4 3.19205 
10.5 3.12394 
10.6 3.05726 
10.7 2.99198 
10.8 2.92809 
10.9 2.86556 
11 2.80438 
11.1 2.74452 
11.2 2.68596 
11.3 2.62868 
11.4 2.57265 
11.5 2.51785 
11.6 2.46425 
11.7 2.41184 
11.8 2.36058 
11.9 2.31045 
12 2.26143 
12.1 2.21349 
12.2 2.16662 
12.3 2.12078 
12.4 2.07596 
12.5 2.03214 
12.6 1.98929 
12.7 1.9474 
12.8 1.90645 
12.9 1.86641 
13 1.82727 
13.1 1.78902 
13.2 1.75163 
13.3 1.71509 
13.4 1.67938 
13.5 1.64449 
13.6 1.61041 
13.7 1.57711 
13.8 1.54458 
13.9 1.51281 
14 1.48178 
14.1 1.45149 
14.2 1.4219 
14.3 1.39302 
14.4 1.36483 
14.5 1.33731 
14.6 1.31044 
14.7 1.28422 
14.8 1.25863 
14.9 1.23365 
15 1.20928 
15.1 1.18549 
15.2 1.16228 
15.3 1.13963 
15.4 1.11752 
15.5 1.09594 
15.6 1.07489 
15.7 1.05433 
15.8 1.03427 
15.9 1.01469 
16 0.995579 
16.1 0.976918 
16.2 0.9587 
16.3 0.940912 
16.4 0.923544 
16.5 0.906584 
16.6 0.890021 
16.7 0.873846 
16.8 0.858048 
16.9 0.842617 
17 0.827545 
17.1 0.812822 
17.2 0.798439 
17.3 0.784388 
17.4 0.770661 
17.5 0.757249 
17.6 0.744146 
17.7 0.731343 
17.8 0.718834 
17.9 0.706611 
18 0.694667 
18.1 0.682996 
18.2 0.67159 
18.3 0.660444 
18.4 0.649551 
18.5 0.638904 
18.6 0.628498 
18.7 0.618326 
18.8 0.608382 
18.9 0.59866 
19 0.589155 
19.1 0.579861 
19.2 0.570771 
19.3 0.561882 
19.4 0.553186 
19.5 0.544679 
19.6 0.536356 
19.7 0.528212 
19.8 0.520241 
19.9 0.51244 
20 0.504802 
20.1 0.497325 
20.2 0.490003 
20.3 0.482833 
20.4 0.47581 
20.5 0.468931 
20.6 0.462191 
20.7 0.455588 
20.8 0.449118 
20.9 0.442778 
21 0.436564 
21.1 0.430474 
21.2 0.424504 
21.3 0.418653 
21.4 0.412917 
21.5 0.407293 
21.6 0.40178 
21.7 0.396375 
21.8 0.391075 
21.9 0.385879 
22 0.380783 
22.1 0.375786 
22.2 0.370885 
22.3 0.366078 
22.4 0.361363 
22.5 0.356739 
22.6 0.352202 
22.7 0.34775 
22.8 0.343382 
22.9 0.339095 
23 0.334887 
23.1 0.330757 
23.2 0.326701 
23.3 0.322718 
23.4 0.318807 
23.5 0.314964 
23.6 0.311188 
23.7 0.307477 
23.8 0.303829 
23.9 0.300243 
24 0.296716 
24.1 0.293247 
24.2 0.289835 
24.3 0.286477 
24.4 0.283173 
24.5 0.279921 
24.6 0.276719 
24.7 0.273567 
24.8 0.270464 
24.9 0.267408 
25 0.264398 
25.1 0.261434 
25.2 0.258514 
25.3 0.255638 
25.4 0.252806 
25.5 0.250016 
25.6 0.247268 
25.7 0.244561 
25.8 0.241895 
25.9 0.239269 
26 0.236683 
26.1 0.234135 
26.2 0.231627 
26.3 0.229156 
26.4 0.226724 
26.5 0.224328 
26.6 0.221968 
26.7 0.219645 
26.8 0.217356 
26.9 0.215103 
27 0.212883 
27.1 0.210696 
27.2 0.208542 
27.3 0.20642 
27.4 0.204329 
27.5 0.202268 
27.6 0.200237 
27.7 0.198235 
27.8 0.19626 
27.9 0.194313 
28 0.192392 
28.1 0.190497 
28.2 0.188626 
28.3 0.18678 
28.4 0.184957 
28.5 0.183157 
28.6 0.181379 
28.7 0.179623 
28.8 0.177888 
28.9 0.176173 
29 0.174479 
29.1 0.172804 
29.2 0.171148 
29.3 0.169511 
29.4 0.167893 
29.5 0.166294 
29.6 0.164712 
29.7 0.163149 
29.8 0.161603 
29.9 0.160076 
30 0.158565 
30.1 0.157073 
30.2 0.155598 
30.3 0.154141 
30.4 0.152701 
30.5 0.151279 
30.6 0.149873 
30.7 0.148486 
30.8 0.147115 
30.9 0.145762 
31 0.144426 
31.1 0.143106 
31.2 0.141804 
31.3 0.140518 
31.4 0.139248 
31.5 0.137995 
31.6 0.136758 
31.7 0.135536 
31.8 0.13433 
31.9 0.133139 
32 0.131962 
32.1 0.1308 
32.2 0.129652 
32.3 0.128518 
32.4 0.127397 
32.5 0.126289 
32.6 0.125193 
32.7 0.12411 
32.8 0.123038 
32.9 0.121978 
33 0.120929 
33.1 0.119891 
33.2 0.118863 
33.3 0.117846 
33.4 0.116839 
33.5 0.115841 
33.6 0.114853 
33.7 0.113875 
33.8 0.112906 
33.9 0.111946 
34 0.110995 
34.1 0.110054 
34.2 0.109121 
34.3 0.108197 
34.4 0.107282 
34.5 0.106377 
34.6 0.10548 
34.7 0.104592 
34.8 0.103713 
34.9 0.102844 
35 0.101984 
35.1 0.101132 
35.2 0.10029 
35.3 0.0994576 
35.4 0.0986341 
35.5 0.0978199 
35.6 0.097015 
35.7 0.0962193 
35.8 0.0954327 
35.9 0.0946553 
36 0.093887 
36.1 0.0931276 
36.2 0.092377 
36.3 0.0916351 
36.4 0.0909019 
36.5 0.090177 
36.6 0.0894604 
36.7 0.0887518 
36.8 0.0880511 
36.9 0.0873581 
37 0.0866725 
37.1 0.0859942 
37.2 0.0853229 
37.3 0.0846585 
37.4 0.0840007 
37.5 0.0833494 
37.6 0.0827043 
37.7 0.0820653 
37.8 0.0814323 
37.9 0.080805 
38 0.0801834 
38.1 0.0795673 
38.2 0.0789565 
38.3 0.0783511 
38.4 0.077751 
38.5 0.077156 
38.6 0.0765661 
38.7 0.0759813 
38.8 0.0754016 
38.9 0.074827 
39 0.0742575 
39.1 0.0736931 
39.2 0.0731337 
39.3 0.0725796 
39.4 0.0720306 
39.5 0.0714869 
39.6 0.0709484 
39.7 0.0704152 
39.8 0.0698873 
39.9 0.0693648 
40 0.0688477 
40.1 0.068336 
40.2 0.0678297 
40.3 0.0673288 
40.4 0.0668333 
40.5 0.0663432 
40.6 0.0658584 
40.7 0.065379 
40.8 0.0649048 
40.9 0.0644358 
41 0.063972 
41.1 0.0635132 
41.2 0.0630593 
41.3 0.0626103 
41.4 0.0621661 
41.5 0.0617264 
41.6 0.0612914 
41.7 0.0608607 
41.8 0.0604343 
41.9 0.0600121 
42 0.059594 
42.1 0.0591798 
42.2 0.0587694 
42.3 0.0583628 
42.4 0.0579597 
42.5 0.0575602 
42.6 0.0571641 
42.7 0.0567714 
42.8 0.056382 
42.9 0.0559957 
43 0.0556127 
43.1 0.0552328 
43.2 0.0548559 
43.3 0.0544821 
43.4 0.0541114 
43.5 0.0537437 
43.6 0.053379 
43.7 0.0530174 
43.8 0.0526588 
43.9 0.0523033 
44 0.0519508 
44.1 0.0516015 
44.2 0.0512552 
44.3 0.0509121 
44.4 0.0505722 
44.5 0.0502354 
44.6 0.0499019 
44.7 0.0495716 
44.8 0.0492445 
44.9 0.0489206 
45 0.0486 
45.1 0.0482826 
45.2 0.0479685 
45.3 0.0476575 
45.4 0.0473498 
45.5 0.0470452 
45.6 0.0467438 
45.7 0.0464455 
45.8 0.0461503 
45.9 0.045858 
46 0.0455687 
46.1 0.0452823 
46.2 0.0449988 
46.3 0.044718 
46.4 0.0444399 
46.5 0.0441645 
46.6 0.0438917 
46.7 0.0436213 
46.8 0.0433534 
46.9 0.0430879 
47 0.0428247 
47.1 0.0425637 
47.2 0.0423049 
47.3 0.0420483 
47.4 0.0417937 
47.5 0.0415412 
47.6 0.0412907 
47.7 0.0410422 
47.8 0.0407956 
47.9 0.040551 
48 0.0403082 
48.1 0.0400673 
48.2 0.0398283 
48.3 0.0395911 
48.4 0.0393558 
48.5 0.0391224 
48.6 0.0388908 
48.7 0.0386611 
48.8 0.0384333 
48.9 0.0382074 
49 0.0379834 
49.1 0.0377613 
49.2 0.0375411 
49.3 0.0373228 
49.4 0.0371065 
49.5 0.0368921 
49.6 0.0366797 
49.7 0.0364692 
49.8 0.0362607 
49.9 0.0360542 
50 0.0358496 
50.1 0.0356469 
50.2 0.0354462 
50.3 0.0352474 
50.4 0.0350505 
50.5 0.0348555 
50.6 0.0346623 
50.7 0.0344709 
50.8 0.0342814 
50.9 0.0340936 
51 0.0339076 
51.1 0.0337232 
51.2 0.0335406 
51.3 0.0333595 
51.4 0.0331801 
51.5 0.0330022 
51.6 0.0328258 
51.7 0.0326509 
51.8 0.0324774 
51.9 0.0323054 
52 0.0321347 
52.1 0.0319654 
52.2 0.0317974 
52.3 0.0316307 
52.4 0.0314653 
52.5 0.0313011 
52.6 0.0311382 
52.7 0.0309765 
52.8 0.0308159 
52.9 0.0306566 
53 0.0304985 
53.1 0.0303415 
53.2 0.0301857 
53.3 0.0300311 
53.4 0.0298776 
53.5 0.0297253 
53.6 0.0295742 
53.7 0.0294242 
53.8 0.0292754 
53.9 0.0291278 
54 0.0289814 
54.1 0.0288362 
54.2 0.0286922 
54.3 0.0285493 
54.4 0.0284076 
54.5 0.0282672 
54.6 0.0281279 
54.7 0.0279898 
54.8 0.0278529 
54.9 0.0277172 
55 0.0275827 
55.1 0.0274494 
55.2 0.0273172 
55.3 0.0271861 
55.4 0.0270562 
55.5 0.0269274 
55.6 0.0267998 
55.7 0.0266732 
55.8 0.0265477 
55.9 0.0264233 
56 0.0262999 
56.1 0.0261775 
56.2 0.0260562 
56.3 0.0259358 
56.4 0.0258164 
56.5 0.025698 
56.6 0.0255804 
56.7 0.0254638 
56.8 0.0253481 
56.9 0.0252333 
57 0.0251193 
57.1 0.0250062 
57.2 0.024894 
57.3 0.0247825 
57.4 0.0246718 
57.5 0.024562 
57.6 0.024453 
57.7 0.0243447 
57.8 0.0242372 
57.9 0.0241305 
58 0.0240245 
58.1 0.0239193 
58.2 0.0238149 
58.3 0.0237112 
58.4 0.0236082 
58.5 0.0235061 
58.6 0.0234046 
58.7 0.0233039 
58.8 0.023204 
58.9 0.0231048 
59 0.0230064 
59.1 0.0229087 
59.2 0.0228118 
59.3 0.0227156 
59.4 0.0226201 
59.5 0.0225254 
59.6 0.0224314 
59.7 0.0223381 
59.8 0.0222456 
59.9 0.0221538 
60 0.0220628 
60.1 0.0219724 
60.2 0.0218828 
60.3 0.0217938 
60.4 0.0217056 
60.5 0.021618 
60.6 0.0215311 
60.7 0.0214449 
60.8 0.0213594 
60.9 0.0212745 
61 0.0211902 
61.1 0.0211066 
61.2 0.0210236 
61.3 0.0209413 
61.4 0.0208595 
61.5 0.0207784 
61.6 0.0206978 
61.7 0.0206178 
61.8 0.0205384 
61.9 0.0204596 
62 0.0203813 
62.1 0.0203036 
62.2 0.0202264 
62.3 0.0201498 
62.4 0.0200737 
62.5 0.0199981 
62.6 0.0199231 
62.7 0.0198486 
62.8 0.0197746 
62.9 0.0197012 
63 0.0196282 
63.1 0.0195558 
63.2 0.0194838 
63.3 0.0194124 
63.4 0.0193415 
63.5 0.0192711 
63.6 0.0192012 
63.7 0.0191317 
63.8 0.0190628 
63.9 0.0189944 
64 0.0189264 
64.1 0.018859 
64.2 0.018792 
64.3 0.0187255 
64.4 0.0186595 
64.5 0.0185939 
64.6 0.0185288 
64.7 0.0184642 
64.8 0.0184001 
64.9 0.0183364 
65 0.0182732 
65.1 0.0182104 
65.2 0.018148 
65.3 0.0180861 
65.4 0.0180247 
65.5 0.0179636 
65.6 0.017903 
65.7 0.0178428 
65.8 0.0177831 
65.9 0.0177237 
66 0.0176648 
66.1 0.0176062 
66.2 0.0175481 
66.3 0.0174903 
66.4 0.0174329 
66.5 0.017376 
66.6 0.0173194 
66.7 0.0172632 
66.8 0.0172073 
66.9 0.0171519 
67 0.0170968 
67.1 0.0170421 
67.2 0.0169877 
67.3 0.0169337 
67.4 0.0168801 
67.5 0.0168269 
67.6 0.016774 
67.7 0.0167214 
67.8 0.0166693 
67.9 0.0166175 
68 0.016566 
68.1 0.0165149 
68.2 0.0164642 
68.3 0.0164138 
68.4 0.0163638 
68.5 0.0163141 
68.6 0.0162647 
68.7 0.0162157 
68.8 0.0161671 
68.9 0.0161188 
69 0.0160708 
69.1 0.0160232 
69.2 0.0159759 
69.3 0.0159289 
69.4 0.0158823 
69.5 0.0158359 
69.6 0.0157899 
69.7 0.0157443 
69.8 0.0156989 
69.9 0.0156538 
70 0.015609 
70.1 0.0155646 
70.2 0.0155204 
70.3 0.0154765 
70.4 0.0154329 
70.5 0.0153896 
70.6 0.0153466 
70.7 0.0153038 
70.8 0.0152613 
70.9 0.0152191 
71 0.0151771 
71.1 0.0151354 
71.2 0.015094 
71.3 0.0150528 
71.4 0.0150118 
71.5 0.0149711 
71.6 0.0149307 
71.7 0.0148905 
71.8 0.0148506 
71.9 0.0148109 
72 0.0147715 
72.1 0.0147323 
72.2 0.0146933 
72.3 0.0146546 
72.4 0.0146161 
72.5 0.0145779 
72.6 0.01454 
72.7 0.0145022 
72.8 0.0144648 
72.9 0.0144276 
73 0.0143906 
73.1 0.0143539 
73.2 0.0143174 
73.3 0.0142812 
73.4 0.0142452 
73.5 0.0142095 
73.6 0.014174 
73.7 0.0141388 
73.8 0.0141039 
73.9 0.0140691 
74 0.0140347 
74.1 0.0140005 
74.2 0.0139665 
74.3 0.0139327 
74.4 0.0138993 
74.5 0.013866 
74.6 0.013833 
74.7 0.0138002 
74.8 0.0137676 
74.9 0.0137353 
75 0.0137031 
75.1 0.0136712 
75.2 0.0136396 
75.3 0.0136081 
75.4 0.0135768 
75.5 0.0135457 
75.6 0.0135148 
75.7 0.0134842 
75.8 0.0134537 
75.9 0.0134234 
76 0.0133932 
76.1 0.0133633 
76.2 0.0133335 
76.3 0.0133039 
76.4 0.0132745 
76.5 0.0132453 
76.6 0.0132162 
76.7 0.0131873 
76.8 0.0131585 
76.9 0.0131299 
77 0.0131015 
77.1 0.0130732 
77.2 0.0130451 
77.3 0.0130172 
77.4 0.0129894 
77.5 0.0129618 
77.6 0.0129343 
77.7 0.012907 
77.8 0.0128799 
77.9 0.0128529 
78 0.0128261 
78.1 0.0127995 
78.2 0.012773 
78.3 0.0127468 
78.4 0.0127207 
78.5 0.0126947 
78.6 0.012669 
78.7 0.0126434 
78.8 0.012618 
78.9 0.0125928 
79 0.0125677 
79.1 0.0125429 
79.2 0.0125182 
79.3 0.0124937 
79.4 0.0124694 
79.5 0.0124452 
79.6 0.0124213 
79.7 0.0123975 
79.8 0.0123739 
79.9 0.0123505 
80 0.0123272 
80.1 0.0123041 
80.2 0.0122812 
80.3 0.0122585 
80.4 0.0122359 
80.5 0.0122135 
80.6 0.0121912 
80.7 0.0121691 
80.8 0.0121472 
80.9 0.0121254 
81 0.0121037 
81.1 0.0120822 
81.2 0.0120608 
81.3 0.0120396 
81.4 0.0120184 
81.5 0.0119975 
81.6 0.0119766 
81.7 0.0119559 
81.8 0.0119353 
81.9 0.0119148 
82 0.0118944 
82.1 0.0118741 
82.2 0.011854 
82.3 0.0118339 
82.4 0.011814 
82.5 0.0117942 
82.6 0.0117744 
82.7 0.0117548 
82.8 0.0117353 
82.9 0.0117159 
83 0.0116967 
83.1 0.0116775 
83.2 0.0116584 
83.3 0.0116395 
83.4 0.0116206 
83.5 0.0116019 
83.6 0.0115833 
83.7 0.0115648 
83.8 0.0115464 
83.9 0.0115281 
84 0.0115099 
84.1 0.0114919 
84.2 0.011474 
84.3 0.0114562 
84.4 0.0114386 
84.5 0.0114211 
84.6 0.0114037 
84.7 0.0113864 
84.8 0.0113693 
84.9 0.0113523 
85 0.0113354 
85.1 0.0113186 
85.2 0.011302 
85.3 0.0112856 
85.4 0.0112692 
85.5 0.011253 
85.6 0.0112369 
85.7 0.011221 
85.8 0.0112051 
85.9 0.0111894 
86 0.0111739 
86.1 0.0111584 
86.2 0.0111431 
86.3 0.0111279 
86.4 0.0111128 
86.5 0.0110978 
86.6 0.011083 
86.7 0.0110682 
86.8 0.0110536 
86.9 0.011039 
87 0.0110246 
87.1 0.0110102 
87.2 0.010996 
87.3 0.0109818 
87.4 0.0109678 
87.5 0.0109538 
87.6 0.0109399 
87.7 0.0109261 
87.8 0.0109124 
87.9 0.0108988 
88 0.0108852 
88.1 0.0108717 
88.2 0.0108583 
88.3 0.010845 
88.4 0.0108318 
88.5 0.0108186 
88.6 0.0108055 
88.7 0.0107925 
88.8 0.0107795 
88.9 0.0107666 
89 0.0107538 
89.1 0.0107411 
89.2 0.0107284 
89.3 0.0107159 
89.4 0.0107034 
89.5 0.0106909 
89.6 0.0106786 
89.7 0.0106663 
89.8 0.0106541 
89.9 0.010642 
90 0.01063 
90.1 0.0106181 
90.2 0.0106063 
90.3 0.0105945 
90.4 0.0105829 
90.5 0.0105713 
90.6 0.0105598 
90.7 0.0105484 
90.8 0.0105371 
90.9 0.0105259 
91 0.0105148 
91.1 0.0105038 
91.2 0.0104929 
91.3 0.0104821 
91.4 0.0104714 
91.5 0.0104608 
91.6 0.0104503 
91.7 0.0104398 
91.8 0.0104295 
91.9 0.0104193 
92 0.0104091 
92.1 0.0103991 
92.2 0.0103891 
92.3 0.0103793 
92.4 0.0103695 
92.5 0.0103598 
92.6 0.0103502 
92.7 0.0103407 
92.8 0.0103312 
92.9 0.0103219 
93 0.0103126 
93.1 0.0103034 
93.2 0.0102942 
93.3 0.0102852 
93.4 0.0102762 
93.5 0.0102673 
93.6 0.0102584 
93.7 0.0102496 
93.8 0.0102409 
93.9 0.0102322 
94 0.0102236 
94.1 0.0102151 
94.2 0.0102066 
94.3 0.0101982 
94.4 0.0101898 
94.5 0.0101815 
94.6 0.0101732 
94.7 0.010165 
94.8 0.0101568 
94.9 0.0101487 
95 0.0101406 
95.1 0.0101326 
95.2 0.0101247 
95.3 0.0101168 
95.4 0.0101089 
95.5 0.0101011 
95.6 0.0100934 
95.7 0.0100857 
95.8 0.0100781 
95.9 0.0100705 
96 0.010063 
96.1 0.0100555 
96.2 0.0100481 
96.3 0.0100408 
96.4 0.0100335 
96.5 0.0100263 
96.6 0.0100191 
96.7 0.010012 
96.8 0.010005 
96.9 0.009998 
97 0.0099911 
97.1 0.00998426 
97.2 0.0099775 
97.3 0.0099708 
97.4 0.00996416 
97.5 0.0099576 
97.6 0.00995111 
97.7 0.00994468 
97.8 0.00993833 
97.9 0.00993205 
98 0.00992583 
98.1 0.00991969 
98.2 0.00991361 
98.3 0.00990761 
98.4 0.00990167 
98.5 0.0098958 
98.6 0.00989 
98.7 0.00988426 
98.8 0.00987859 
98.9 0.00987299 
99 0.00986744 
99.1 0.00986197 
99.2 0.00985655 
99.3 0.00985119 
99.4 0.00984589 
99.5 0.00984065 
99.6 0.00983546 
99.7 0.00983033 
99.8 0.00982526 
99.9 0.00982023 
100 0.00981526 
100.1 0.00981034 
100.2 0.00980546 
100.3 0.00980063 
100.4 0.00979585 
100.5 0.00979112 
100.6 0.00978643 
100.7 0.00978178 
100.8 0.00977717 
100.9 0.0097726 
101 0.00976808 
101.1 0.00976359 
101.2 0.00975915 
101.3 0.00975474 
101.4 0.00975037 
101.5 0.00974604 
101.6 0.00974175 
101.7 0.00973749 
101.8 0.00973327 
101.9 0.00972909 
102 0.00972494 
102.1 0.00972084 
102.2 0.00971677 
102.3 0.00971274 
102.4 0.00970874 
102.5 0.00970479 
102.6 0.00970088 
102.7 0.009697 
102.8 0.00969316 
102.9 0.00968937 
103 0.00968562 
103.1 0.0096819 
103.2 0.00967824 
103.3 0.00967461 
103.4 0.00967103 
103.5 0.00966749 
103.6 0.009664 
103.7 0.00966055 
103.8 0.00965715 
103.9 0.00965379 
104 0.00965049 
104.1 0.00964723 
104.2 0.00964401 
104.3 0.00964085 
104.4 0.00963773 
104.5 0.00963466 
104.6 0.00963165 
104.7 0.00962868 
104.8 0.00962576 
104.9 0.00962288 
105 0.00962006 
105.1 0.00961729 
105.2 0.00961456 
105.3 0.00961188 
105.4 0.00960925 
105.5 0.00960667 
105.6 0.00960414 
105.7 0.00960165 
105.8 0.00959921 
105.9 0.00959681 
106 0.00959446 
106.1 0.00959215 
106.2 0.00958988 
106.3 0.00958766 
106.4 0.00958548 
106.5 0.00958334 
106.6 0.00958124 
106.7 0.00957918 
106.8 0.00957716 
106.9 0.00957518 
107 0.00957323 
107.1 0.00957132 
107.2 0.00956945 
107.3 0.00956761 
107.4 0.0095658 
107.5 0.00956403 
107.6 0.00956229 
107.7 0.00956058 
107.8 0.0095589 
107.9 0.00955725 
108 0.00955563 
108.1 0.00955404 
108.2 0.00955248 
108.3 0.00955095 
108.4 0.00954944 
108.5 0.00954797 
108.6 0.00954652 
108.7 0.00954509 
108.8 0.0095437 
108.9 0.00954233 
109 0.00954098 
109.1 0.00953966 
109.2 0.00953837 
109.3 0.00953711 
109.4 0.00953587 
109.5 0.00953466 
109.6 0.00953347 
109.7 0.00953231 
109.8 0.00953118 
109.9 0.00953007 
110 0.009529 
110.1 0.00952795 
110.2 0.00952692 
110.3 0.00952593 
110.4 0.00952496 
110.5 0.00952403 
110.6 0.00952312 
110.7 0.00952224 
110.8 0.00952139 
110.9 0.00952057 
111 0.00951979 
111.1 0.00951903 
111.2 0.0095183 
111.3 0.0095176 
111.4 0.00951694 
111.5 0.00951631 
111.6 0.00951571 
111.7 0.00951514 
111.8 0.0095146 
111.9 0.0095141 
112 0.00951363 
112.1 0.00951319 
112.2 0.00951278 
112.3 0.0095124 
112.4 0.00951206 
112.5 0.00951175 
112.6 0.00951147 
112.7 0.00951123 
112.8 0.00951102 
112.9 0.00951083 
113 0.00951068 
113.1 0.00951056 
113.2 0.00951048 
113.3 0.00951042 
113.4 0.00951039 
113.5 0.0095104 
113.6 0.00951043 
113.7 0.00951049 
113.8 0.00951058 
113.9 0.0095107 
114 0.00951085 
114.1 0.00951103 
114.2 0.00951123 
114.3 0.00951146 
114.4 0.00951171 
114.5 0.00951199 
114.6 0.0095123 
114.7 0.00951263 
114.8 0.00951299 
114.9 0.00951336 
115 0.00951377 
115.1 0.00951419 
115.2 0.00951464 
115.3 0.00951511 
115.4 0.0095156 
115.5 0.00951611 
115.6 0.00951664 
115.7 0.00951719 
115.8 0.00951777 
115.9 0.00951836 
116 0.00951897 
116.1 0.0095196 
116.2 0.00952025 
116.3 0.00952092 
116.4 0.0095216 
116.5 0.00952231 
116.6 0.00952303 
116.7 0.00952377 
116.8 0.00952453 
116.9 0.0095253 
117 0.00952609 
117.1 0.0095269 
117.2 0.00952773 
117.3 0.00952857 
117.4 0.00952944 
117.5 0.00953031 
117.6 0.00953121 
117.7 0.00953212 
117.8 0.00953305 
117.9 0.009534 
118 0.00953497 
118.1 0.00953595 
118.2 0.00953695 
118.3 0.00953797 
118.4 0.009539 
118.5 0.00954005 
118.6 0.00954113 
118.7 0.00954222 
118.8 0.00954332 
118.9 0.00954445 
119 0.0095456 
119.1 0.00954676 
119.2 0.00954794 
119.3 0.00954914 
119.4 0.00955036 
119.5 0.0095516 
119.6 0.00955286 
119.7 0.00955414 
119.8 0.00955543 
119.9 0.00955675 
120 0.00955808 
120.1 0.00955944 
120.2 0.00956081 
120.3 0.0095622 
120.4 0.00956362 
120.5 0.00956505 
120.6 0.0095665 
120.7 0.00956797 
120.8 0.00956946 
120.9 0.00957097 
121 0.00957249 
121.1 0.00957404 
121.2 0.00957561 
121.3 0.00957719 
121.4 0.00957879 
121.5 0.00958041 
121.6 0.00958205 
121.7 0.00958371 
121.8 0.00958538 
121.9 0.00958708 
122 0.00958879 
122.1 0.00959051 
122.2 0.00959226 
122.3 0.00959402 
122.4 0.0095958 
122.5 0.00959759 
122.6 0.0095994 
122.7 0.00960122 
122.8 0.00960307 
122.9 0.00960492 
123 0.00960679 
123.1 0.00960868 
123.2 0.00961058 
123.3 0.0096125 
123.4 0.00961442 
123.5 0.00961637 
123.6 0.00961832 
123.7 0.00962029 
123.8 0.00962228 
123.9 0.00962427 
124 0.00962628 
124.1 0.0096283 
124.2 0.00963033 
124.3 0.00963237 
124.4 0.00963443 
124.5 0.0096365 
124.6 0.00963858 
124.7 0.00964067 
124.8 0.00964277 
124.9 0.00964488 
125 0.009647 
125.1 0.00964913 
125.2 0.00965127 
125.3 0.00965343 
125.4 0.00965559 
125.5 0.00965776 
125.6 0.00965994 
125.7 0.00966213 
125.8 0.00966434 
125.9 0.00966655 
126 0.00966877 
126.1 0.009671 
126.2 0.00967324 
126.3 0.00967548 
126.4 0.00967774 
126.5 0.00968001 
126.6 0.00968228 
126.7 0.00968457 
126.8 0.00968686 
126.9 0.00968916 
127 0.00969148 
127.1 0.0096938 
127.2 0.00969613 
127.3 0.00969847 
127.4 0.00970081 
127.5 0.00970317 
127.6 0.00970554 
127.7 0.00970791 
127.8 0.0097103 
127.9 0.00971269 
128 0.00971509 
128.1 0.0097175 
128.2 0.00971992 
128.3 0.00972235 
128.4 0.00972479 
128.5 0.00972723 
128.6 0.00972969 
128.7 0.00973215 
128.8 0.00973463 
128.9 0.00973711 
129 0.0097396 
129.1 0.0097421 
129.2 0.00974461 
129.3 0.00974713 
129.4 0.00974966 
129.5 0.0097522 
129.6 0.00975474 
129.7 0.00975729 
129.8 0.00975986 
129.9 0.00976243 
130 0.00976501 
130.1 0.0097676 
130.2 0.00977019 
130.3 0.0097728 
130.4 0.00977541 
130.5 0.00977804 
130.6 0.00978067 
130.7 0.00978331 
130.8 0.00978595 
130.9 0.00978861 
131 0.00979127 
131.1 0.00979394 
131.2 0.00979662 
131.3 0.00979931 
131.4 0.009802 
131.5 0.0098047 
131.6 0.00980741 
131.7 0.00981013 
131.8 0.00981285 
131.9 0.00981558 
132 0.00981831 
132.1 0.00982106 
132.2 0.00982381 
132.3 0.00982656 
132.4 0.00982932 
132.5 0.00983209 
132.6 0.00983487 
132.7 0.00983765 
132.8 0.00984044 
132.9 0.00984323 
133 0.00984603 
133.1 0.00984883 
133.2 0.00985164 
133.3 0.00985445 
133.4 0.00985727 
133.5 0.00986009 
133.6 0.00986292 
133.7 0.00986575 
133.8 0.00986859 
133.9 0.00987143 
134 0.00987428 
134.1 0.00987713 
134.2 0.00987999 
134.3 0.00988285 
134.4 0.00988571 
134.5 0.00988857 
134.6 0.00989144 
134.7 0.00989432 
134.8 0.00989719 
134.9 0.00990008 
135 0.00990296 
135.1 0.00990585 
135.2 0.00990874 
135.3 0.00991163 
135.4 0.00991452 
135.5 0.00991742 
135.6 0.00992032 
135.7 0.00992323 
135.8 0.00992613 
135.9 0.00992904 
136 0.00993195 
136.1 0.00993487 
136.2 0.00993778 
136.3 0.0099407 
136.4 0.00994362 
136.5 0.00994654 
136.6 0.00994946 
136.7 0.00995239 
136.8 0.00995532 
136.9 0.00995825 
137 0.00996118 
137.1 0.00996411 
137.2 0.00996705 
137.3 0.00996998 
137.4 0.00997292 
137.5 0.00997586 
137.6 0.0099788 
137.7 0.00998174 
137.8 0.00998469 
137.9 0.00998763 
138 0.00999058 
138.1 0.00999353 
138.2 0.00999648 
138.3 0.00999943 
138.4 0.0100024 
138.5 0.0100053 
138.6 0.0100083 
138.7 0.0100112 
138.8 0.0100142 
138.9 0.0100171 
139 0.0100201 
139.1 0.0100231 
139.2 0.010026 
139.3 0.010029 
139.4 0.0100319 
139.5 0.0100349 
139.6 0.0100379 
139.7 0.0100408 
139.8 0.0100438 
139.9 0.0100468 
140 0.0100497 
140.1 0.0100527 
140.2 0.0100556 
140.3 0.0100586 
140.4 0.0100616 
140.5 0.0100645 
140.6 0.0100675 
140.7 0.0100705 
140.8 0.0100734 
140.9 0.0100764 
141 0.0100794 
141.1 0.0100823 
141.2 0.0100853 
141.3 0.0100883 
141.4 0.0100912 
141.5 0.0100942 
141.6 0.0100972 
141.7 0.0101001 
141.8 0.0101031 
141.9 0.0101061 
142 0.010109 
142.1 0.010112 
142.2 0.010115 
142.3 0.0101179 
142.4 0.0101209 
142.5 0.0101239 
142.6 0.0101268 
142.7 0.0101298 
142.8 0.0101327 
142.9 0.0101357 
143 0.0101387 
143.1 0.0101416 
143.2 0.0101446 
143.3 0.0101475 
143.4 0.0101505 
143.5 0.0101534 
143.6 0.0101564 
143.7 0.0101593 
143.8 0.0101623 
143.9 0.0101652 
144 0.0101682 
144.1 0.0101711 
144.2 0.010174 
144.3 0.010177 
144.4 0.0101799 
144.5 0.0101828 
144.6 0.0101858 
144.7 0.0101887 
144.8 0.0101916 
144.9 0.0101946 
145 0.0101975 
145.1 0.0102004 
145.2 0.0102033 
145.3 0.0102062 
145.4 0.0102092 
145.5 0.0102121 
145.6 0.010215 
145.7 0.0102179 
145.8 0.0102208 
145.9 0.0102237 
146 0.0102266 
146.1 0.0102295 
146.2 0.0102324 
146.3 0.0102353 
146.4 0.0102381 
146.5 0.010241 
146.6 0.0102439 
146.7 0.0102468 
146.8 0.0102496 
146.9 0.0102525 
147 0.0102554 
147.1 0.0102582 
147.2 0.0102611 
147.3 0.010264 
147.4 0.0102668 
147.5 0.0102697 
147.6 0.0102725 
147.7 0.0102753 
147.8 0.0102782 
147.9 0.010281 
148 0.0102838 
148.1 0.0102867 
148.2 0.0102895 
148.3 0.0102923 
148.4 0.0102951 
148.5 0.0102979 
148.6 0.0103007 
148.7 0.0103035 
148.8 0.0103063 
148.9 0.0103091 
149 0.0103119 
149.1 0.0103146 
149.2 0.0103174 
149.3 0.0103202 
149.4 0.010323 
149.5 0.0103257 
149.6 0.0103285 
149.7 0.0103312 
149.8 0.010334 
149.9 0.0103367 
150 0.0103395 
150.1 0.0103422 
150.2 0.0103449 
150.3 0.0103476 
150.4 0.0103503 
150.5 0.0103531 
150.6 0.0103558 
150.7 0.0103585 
150.8 0.0103612 
150.9 0.0103639 
151 0.0103665 
151.1 0.0103692 
151.2 0.0103719 
151.3 0.0103746 
151.4 0.0103772 
151.5 0.0103799 
151.6 0.0103825 
151.7 0.0103852 
151.8 0.0103878 
151.9 0.0103905 
152 0.0103931 
152.1 0.0103957 
152.2 0.0103983 
152.3 0.0104009 
152.4 0.0104036 
152.5 0.0104062 
152.6 0.0104087 
152.7 0.0104113 
152.8 0.0104139 
152.9 0.0104165 
153 0.0104191 
153.1 0.0104216 
153.2 0.0104242 
153.3 0.0104267 
153.4 0.0104293 
153.5 0.0104318 
153.6 0.0104344 
153.7 0.0104369 
153.8 0.0104394 
153.9 0.0104419 
154 0.0104444 
154.1 0.0104469 
154.2 0.0104494 
154.3 0.0104519 
154.4 0.0104544 
154.5 0.0104569 
154.6 0.0104593 
154.7 0.0104618 
154.8 0.0104642 
154.9 0.0104667 
155 0.0104691 
155.1 0.0104716 
155.2 0.010474 
155.3 0.0104764 
155.4 0.0104788 
155.5 0.0104812 
155.6 0.0104836 
155.7 0.010486 
155.8 0.0104884 
155.9 0.0104908 
156 0.0104932 
156.1 0.0104955 
156.2 0.0104979 
156.3 0.0105002 
156.4 0.0105026 
156.5 0.0105049 
156.6 0.0105072 
156.7 0.0105096 
156.8 0.0105119 
156.9 0.0105142 
157 0.0105165 
157.1 0.0105188 
157.2 0.0105211 
157.3 0.0105233 
157.4 0.0105256 
157.5 0.0105279 
157.6 0.0105301 
157.7 0.0105324 
157.8 0.0105346 
157.9 0.0105368 
158 0.0105391 
158.1 0.0105413 
158.2 0.0105435 
158.3 0.0105457 
158.4 0.0105479 
158.5 0.01055 
158.6 0.0105522 
158.7 0.0105544 
158.8 0.0105565 
158.9 0.0105587 
159 0.0105608 
159.1 0.010563 
159.2 0.0105651 
159.3 0.0105672 
159.4 0.0105693 
159.5 0.0105714 
159.6 0.0105735 
159.7 0.0105756 
159.8 0.0105777 
159.9 0.0105798 
160 0.0105818 
160.1 0.0105839 
160.2 0.0105859 
160.3 0.010588 
160.4 0.01059 
160.5 0.010592 
160.6 0.010594 
160.7 0.010596 
160.8 0.010598 
160.9 0.0106 
161 0.010602 
161.1 0.0106039 
161.2 0.0106059 
161.3 0.0106078 
161.4 0.0106098 
161.5 0.0106117 
161.6 0.0106136 
161.7 0.0106155 
161.8 0.0106175 
161.9 0.0106193 
162 0.0106212 
162.1 0.0106231 
162.2 0.010625 
162.3 0.0106268 
162.4 0.0106287 
162.5 0.0106305 
162.6 0.0106324 
162.7 0.0106342 
162.8 0.010636 
162.9 0.0106378 
163 0.0106396 
163.1 0.0106414 
163.2 0.0106432 
163.3 0.0106449 
163.4 0.0106467 
163.5 0.0106485 
163.6 0.0106502 
163.7 0.0106519 
163.8 0.0106537 
163.9 0.0106554 
164 0.0106571 
164.1 0.0106588 
164.2 0.0106604 
164.3 0.0106621 
164.4 0.0106638 
164.5 0.0106654 
164.6 0.0106671 
164.7 0.0106687 
164.8 0.0106704 
164.9 0.010672 
165 0.0106736 
165.1 0.0106752 
165.2 0.0106768 
165.3 0.0106784 
165.4 0.0106799 
165.5 0.0106815 
165.6 0.010683 
165.7 0.0106846 
165.8 0.0106861 
165.9 0.0106876 
166 0.0106891 
166.1 0.0106906 
166.2 0.0106921 
166.3 0.0106936 
166.4 0.0106951 
166.5 0.0106965 
166.6 0.010698 
166.7 0.0106994 
166.8 0.0107009 
166.9 0.0107023 
167 0.0107037 
167.1 0.0107051 
167.2 0.0107065 
167.3 0.0107079 
167.4 0.0107093 
167.5 0.0107106 
167.6 0.010712 
167.7 0.0107133 
167.8 0.0107146 
167.9 0.010716 
168 0.0107173 
168.1 0.0107186 
168.2 0.0107199 
168.3 0.0107211 
168.4 0.0107224 
168.5 0.0107237 
168.6 0.0107249 
168.7 0.0107262 
168.8 0.0107274 
168.9 0.0107286 
169 0.0107298 
169.1 0.010731 
169.2 0.0107322 
169.3 0.0107334 
169.4 0.0107345 
169.5 0.0107357 
169.6 0.0107368 
169.7 0.010738 
169.8 0.0107391 
169.9 0.0107402 
170 0.0107413 
170.1 0.0107424 
170.2 0.0107435 
170.3 0.0107446 
170.4 0.0107456 
170.5 0.0107467 
170.6 0.0107477 
170.7 0.0107487 
170.8 0.0107498 
170.9 0.0107508 
171 0.0107518 
171.1 0.0107527 
171.2 0.0107537 
171.3 0.0107547 
171.4 0.0107556 
171.5 0.0107566 
171.6 0.0107575 
171.7 0.0107584 
171.8 0.0107594 
171.9 0.0107603 
172 0.0107611 
172.1 0.010762 
172.2 0.0107629 
172.3 0.0107638 
172.4 0.0107646 
172.5 0.0107654 
172.6 0.0107663 
172.7 0.0107671 
172.8 0.0107679 
172.9 0.0107687 
173 0.0107695 
173.1 0.0107702 
173.2 0.010771 
173.3 0.0107717 
173.4 0.0107725 
173.5 0.0107732 
173.6 0.0107739 
173.7 0.0107746 
173.8 0.0107753 
173.9 0.010776 
174 0.0107767 
174.1 0.0107773 
174.2 0.010778 
174.3 0.0107786 
174.4 0.0107793 
174.5 0.0107799 
174.6 0.0107805 
174.7 0.0107811 
174.8 0.0107817 
174.9 0.0107822 
175 0.0107828 
175.1 0.0107834 
175.2 0.0107839 
175.3 0.0107844 
175.4 0.0107849 
175.5 0.0107855 
175.6 0.010786 
175.7 0.0107864 
175.8 0.0107869 
175.9 0.0107874 
176 0.0107878 
176.1 0.0107883 
176.2 0.0107887 
176.3 0.0107891 
176.4 0.0107895 
176.5 0.0107899 
176.6 0.0107903 
176.7 0.0107907 
176.8 0.010791 
176.9 0.0107914 
177 0.0107917 
177.1 0.0107921 
177.2 0.0107924 
177.3 0.0107927 
177.4 0.010793 
177.5 0.0107933 
177.6 0.0107936 
177.7 0.0107938 
177.8 0.0107941 
177.9 0.0107943 
178 0.0107945 
178.1 0.0107948 
178.2 0.010795 
178.3 0.0107952 
178.4 0.0107953 
178.5 0.0107955 
178.6 0.0107957 
178.7 0.0107958 
178.8 0.010796 
178.9 0.0107961 
179 0.0107962 
179.1 0.0107963 
179.2 0.0107964 
179.3 0.0107965 
179.4 0.0107966 
179.5 0.0107966 
179.6 0.0107967 
179.7 0.0107967 
179.8 0.0107968 
