0.1 15.4983 
0.2 15.5287 
0.3 15.5771 
0.4 15.6406 
0.5 15.715 
0.6 15.7951 
0.7 15.8752 
0.8 15.9492 
0.9 16.0105 
1 16.0528 
1.1 16.0704 
1.2 16.0579 
1.3 16.0112 
1.4 15.9272 
1.5 15.8041 
1.6 15.6414 
1.7 15.4401 
1.8 15.2022 
1.9 14.931 
2 14.6305 
2.1 14.3055 
2.2 13.9609 
2.3 13.6019 
2.4 13.2335 
2.5 12.8603 
2.6 12.4864 
2.7 12.1153 
2.8 11.7498 
2.9 11.392 
3 11.0432 
3.1 10.7043 
3.2 10.3752 
3.3 10.0559 
3.4 9.74575 
3.5 9.44387 
3.6 9.14937 
3.7 8.86129 
3.8 8.57878 
3.9 8.30111 
4 8.02776 
4.1 7.75841 
4.2 7.49298 
4.3 7.23159 
4.4 6.97457 
4.5 6.72236 
4.6 6.47552 
4.7 6.23464 
4.8 6.00031 
4.9 5.77308 
5 5.55338 
5.1 5.34155 
5.2 5.13781 
5.3 4.94221 
5.4 4.75469 
5.5 4.57506 
5.6 4.40302 
5.7 4.23821 
5.8 4.0802 
5.9 3.92856 
6 3.78282 
6.1 3.64256 
6.2 3.5074 
6.3 3.377 
6.4 3.25109 
6.5 3.12946 
6.6 3.01196 
6.7 2.89849 
6.8 2.789 
6.9 2.68346 
7 2.58188 
7.1 2.48426 
7.2 2.39058 
7.3 2.30084 
7.4 2.21497 
7.5 2.1329 
7.6 2.05454 
7.7 1.97975 
7.8 1.90836 
7.9 1.84022 
8 1.77512 
8.1 1.71286 
8.2 1.65327 
8.3 1.59614 
8.4 1.5413 
8.5 1.48861 
8.6 1.43791 
8.7 1.3891 
8.8 1.34209 
8.9 1.2968 
9 1.25317 
9.1 1.21117 
9.2 1.17076 
9.3 1.13192 
9.4 1.09462 
9.5 1.05883 
9.6 1.02452 
9.7 0.991659 
9.8 0.960193 
9.9 0.930072 
10 0.901236 
10.1 0.87362 
10.2 0.847156 
10.3 0.821771 
10.4 0.797397 
10.5 0.773966 
10.6 0.751415 
10.7 0.729685 
10.8 0.708726 
10.9 0.688494 
11 0.668954 
11.1 0.650074 
11.2 0.631832 
11.3 0.614209 
11.4 0.59719 
11.5 0.580761 
11.6 0.564912 
11.7 0.549629 
11.8 0.534901 
11.9 0.520712 
12 0.507046 
12.1 0.493882 
12.2 0.481202 
12.3 0.468981 
12.4 0.457197 
12.5 0.445825 
12.6 0.434842 
12.7 0.424226 
12.8 0.413954 
12.9 0.404007 
13 0.394368 
13.1 0.385023 
13.2 0.375957 
13.3 0.36716 
13.4 0.358624 
13.5 0.350341 
13.6 0.342304 
13.7 0.334508 
13.8 0.326947 
13.9 0.319616 
14 0.312508 
14.1 0.305618 
14.2 0.298938 
14.3 0.29246 
14.4 0.286176 
14.5 0.28008 
14.6 0.274161 
14.7 0.268412 
14.8 0.262825 
14.9 0.257394 
15 0.25211 
15.1 0.246969 
15.2 0.241964 
15.3 0.237091 
15.4 0.232347 
15.5 0.227726 
15.6 0.223227 
15.7 0.218846 
15.8 0.214579 
15.9 0.210424 
16 0.206378 
16.1 0.202438 
16.2 0.198599 
16.3 0.194858 
16.4 0.191211 
16.5 0.187655 
16.6 0.184185 
16.7 0.180798 
16.8 0.177491 
16.9 0.17426 
17 0.171104 
17.1 0.168021 
17.2 0.165008 
17.3 0.162064 
17.4 0.159188 
17.5 0.15638 
17.6 0.153637 
17.7 0.15096 
17.8 0.148348 
17.9 0.145798 
18 0.143309 
18.1 0.140881 
18.2 0.138509 
18.3 0.136193 
18.4 0.133929 
18.5 0.131715 
18.6 0.129549 
18.7 0.127427 
18.8 0.125348 
18.9 0.123309 
19 0.121308 
19.1 0.119346 
19.2 0.11742 
19.3 0.115531 
19.4 0.113678 
19.5 0.111862 
19.6 0.110082 
19.7 0.108341 
19.8 0.106636 
19.9 0.10497 
20 0.103341 
20.1 0.10175 
20.2 0.100196 
20.3 0.0986768 
20.4 0.0971918 
20.5 0.0957392 
20.6 0.094317 
20.7 0.0929232 
20.8 0.0915556 
20.9 0.0902125 
21 0.0888919 
21.1 0.0875926 
21.2 0.0863134 
21.3 0.0850536 
21.4 0.0838129 
21.5 0.0825915 
21.6 0.0813897 
21.7 0.0802082 
21.8 0.0790478 
21.9 0.0779093 
22 0.0767936 
22.1 0.0757012 
22.2 0.0746325 
22.3 0.0735877 
22.4 0.0725664 
22.5 0.0715681 
22.6 0.0705917 
22.7 0.0696362 
22.8 0.0687 
22.9 0.0677816 
23 0.0668792 
23.1 0.0659914 
23.2 0.0651167 
23.3 0.0642538 
23.4 0.0634019 
23.5 0.0625604 
23.6 0.0617291 
23.7 0.060908 
23.8 0.0600977 
23.9 0.0592988 
24 0.058512 
24.1 0.0577384 
24.2 0.0569788 
24.3 0.056234 
24.4 0.0555047 
24.5 0.0547912 
24.6 0.0540935 
24.7 0.0534115 
24.8 0.0527446 
24.9 0.052092 
25 0.0514527 
25.1 0.0508255 
25.2 0.0502091 
25.3 0.0496021 
25.4 0.0490033 
25.5 0.0484118 
25.6 0.0478265 
25.7 0.047247 
25.8 0.046673 
25.9 0.0461043 
26 0.0455414 
26.1 0.0449848 
26.2 0.0444351 
26.3 0.0438932 
26.4 0.0433598 
26.5 0.0428359 
26.6 0.0423222 
26.7 0.041819 
26.8 0.0413269 
26.9 0.0408457 
27 0.0403754 
27.1 0.0399154 
27.2 0.0394651 
27.3 0.0390235 
27.4 0.0385898 
27.5 0.0381628 
27.6 0.0377416 
27.7 0.0373251 
27.8 0.0369126 
27.9 0.0365034 
28 0.0360972 
28.1 0.0356939 
28.2 0.0352934 
28.3 0.0348962 
28.4 0.0345027 
28.5 0.0341136 
28.6 0.0337296 
28.7 0.0333514 
28.8 0.0329798 
28.9 0.0326153 
29 0.0322584 
29.1 0.0319094 
29.2 0.0315682 
29.3 0.0312347 
29.4 0.0309084 
29.5 0.030589 
29.6 0.0302755 
29.7 0.0299674 
29.8 0.0296636 
29.9 0.0293633 
30 0.0290659 
30.1 0.0287707 
30.2 0.0284773 
30.3 0.0281853 
30.4 0.0278947 
30.5 0.0276055 
30.6 0.0273182 
30.7 0.0270331 
30.8 0.0267509 
30.9 0.026472 
31 0.0261972 
31.1 0.025927 
31.2 0.025662 
31.3 0.0254024 
31.4 0.0251485 
31.5 0.0249004 
31.6 0.024658 
31.7 0.0244208 
31.8 0.0241885 
31.9 0.0239605 
32 0.0237361 
32.1 0.0235148 
32.2 0.0232958 
32.3 0.0230785 
32.4 0.0228624 
32.5 0.0226472 
32.6 0.0224326 
32.7 0.0222187 
32.8 0.0220054 
32.9 0.0217931 
33 0.021582 
33.1 0.0213728 
33.2 0.0211658 
33.3 0.0209617 
33.4 0.0207608 
33.5 0.0205636 
33.6 0.0203705 
33.7 0.0201816 
33.8 0.019997 
33.9 0.0198166 
34 0.0196401 
34.1 0.0194673 
34.2 0.0192977 
34.3 0.0191307 
34.4 0.0189659 
34.5 0.0188028 
34.6 0.0186407 
34.7 0.0184794 
34.8 0.0183185 
34.9 0.0181578 
35 0.0179973 
35.1 0.0178369 
35.2 0.017677 
35.3 0.0175178 
35.4 0.0173597 
35.5 0.0172031 
35.6 0.0170483 
35.7 0.0168959 
35.8 0.0167462 
35.9 0.0165994 
36 0.0164558 
36.1 0.0163155 
36.2 0.0161783 
36.3 0.0160442 
36.4 0.0159129 
36.5 0.015784 
36.6 0.0156572 
36.7 0.0155321 
36.8 0.0154082 
36.9 0.0152851 
37 0.0151625 
37.1 0.0150401 
37.2 0.0149176 
37.3 0.0147952 
37.4 0.0146727 
37.5 0.0145503 
37.6 0.0144281 
37.7 0.0143066 
37.8 0.014186 
37.9 0.0140666 
38 0.0139488 
38.1 0.0138329 
38.2 0.0137192 
38.3 0.0136079 
38.4 0.013499 
38.5 0.0133926 
38.6 0.0132886 
38.7 0.0131868 
38.8 0.0130869 
38.9 0.0129888 
39 0.012892 
39.1 0.0127962 
39.2 0.0127011 
39.3 0.0126064 
39.4 0.0125118 
39.5 0.0124171 
39.6 0.0123223 
39.7 0.0122274 
39.8 0.0121323 
39.9 0.0120373 
40 0.0119425 
40.1 0.0118482 
40.2 0.0117546 
40.3 0.0116622 
40.4 0.011571 
40.5 0.0114813 
40.6 0.0113935 
40.7 0.0113074 
40.8 0.0112233 
40.9 0.0111411 
41 0.0110606 
41.1 0.0109818 
41.2 0.0109044 
41.3 0.0108282 
41.4 0.0107529 
41.5 0.0106782 
41.6 0.0106039 
41.7 0.0105297 
41.8 0.0104556 
41.9 0.0103812 
42 0.0103067 
42.1 0.010232 
42.2 0.0101571 
42.3 0.0100823 
42.4 0.0100076 
42.5 0.00993337 
42.6 0.00985974 
42.7 0.00978695 
42.8 0.00971523 
42.9 0.00964474 
43 0.00957563 
43.1 0.00950797 
43.2 0.0094418 
43.3 0.00937708 
43.4 0.00931373 
43.5 0.00925162 
43.6 0.00919055 
43.7 0.00913034 
43.8 0.00907077 
43.9 0.00901161 
44 0.00895267 
44.1 0.00889378 
44.2 0.00883481 
44.3 0.00877566 
44.4 0.0087163 
44.5 0.00865675 
44.6 0.00859707 
44.7 0.00853738 
44.8 0.00847783 
44.9 0.00841857 
45 0.0083598 
45.1 0.00830169 
45.2 0.00824442 
45.3 0.00818811 
45.4 0.00813288 
45.5 0.00807879 
45.6 0.00802587 
45.7 0.00797408 
45.8 0.00792336 
45.9 0.00787359 
46 0.00782464 
46.1 0.00777634 
46.2 0.00772852 
46.3 0.00768102 
46.4 0.00763366 
46.5 0.00758632 
46.6 0.00753889 
46.7 0.00749129 
46.8 0.00744351 
46.9 0.00739554 
47 0.00734745 
47.1 0.00729931 
47.2 0.00725125 
47.3 0.0072034 
47.4 0.00715589 
47.5 0.00710889 
47.6 0.00706251 
47.7 0.00701689 
47.8 0.00697209 
47.9 0.00692819 
48 0.0068852 
48.1 0.00684312 
48.2 0.00680188 
48.3 0.0067614 
48.4 0.00672159 
48.5 0.00668231 
48.6 0.00664343 
48.7 0.00660482 
48.8 0.00656634 
48.9 0.00652788 
49 0.00648935 
49.1 0.00645069 
49.2 0.00641187 
49.3 0.00637288 
49.4 0.00633376 
49.5 0.00629458 
49.6 0.00625541 
49.7 0.00621636 
49.8 0.00617755 
49.9 0.00613908 
50 0.00610107 
50.1 0.00606362 
50.2 0.00602681 
50.3 0.00599068 
50.4 0.00595527 
50.5 0.00592058 
50.6 0.00588657 
50.7 0.0058532 
50.8 0.00582039 
50.9 0.00578804 
51 0.00575605 
51.1 0.00572431 
51.2 0.00569272 
51.3 0.00566117 
51.4 0.0056296 
51.5 0.00559793 
51.6 0.00556614 
51.7 0.00553421 
51.8 0.00550215 
51.9 0.00547 
52 0.00543783 
52.1 0.00540569 
52.2 0.00537369 
52.3 0.00534191 
52.4 0.00531044 
52.5 0.00527936 
52.6 0.00524875 
52.7 0.00521866 
52.8 0.00518913 
52.9 0.00516017 
53 0.00513176 
53.1 0.00510389 
53.2 0.0050765 
53.3 0.00504953 
53.4 0.0050229 
53.5 0.00499652 
53.6 0.00497032 
53.7 0.00494421 
53.8 0.00491811 
53.9 0.00489197 
54 0.00486575 
54.1 0.00483943 
54.2 0.00481299 
54.3 0.00478645 
54.4 0.00475985 
54.5 0.00473324 
54.6 0.00470667 
54.7 0.00468022 
54.8 0.00465396 
54.9 0.00462795 
55 0.00460226 
55.1 0.00457695 
55.2 0.00455206 
55.3 0.0045276 
55.4 0.0045036 
55.5 0.00448005 
55.6 0.00445691 
55.7 0.00443415 
55.8 0.00441172 
55.9 0.00438955 
56 0.00436758 
56.1 0.00434575 
56.2 0.00432399 
56.3 0.00430224 
56.4 0.00428046 
56.5 0.00425862 
56.6 0.00423669 
56.7 0.00421468 
56.8 0.00419258 
56.9 0.00417044 
57 0.00414829 
57.1 0.00412616 
57.2 0.00410413 
57.3 0.00408223 
57.4 0.00406054 
57.5 0.00403909 
57.6 0.00401794 
57.7 0.00399711 
57.8 0.00397663 
57.9 0.00395651 
58 0.00393674 
58.1 0.00391731 
58.2 0.00389818 
58.3 0.00387933 
58.4 0.0038607 
58.5 0.00384224 
58.6 0.00382391 
58.7 0.00380564 
58.8 0.0037874 
58.9 0.00376915 
59 0.00375085 
59.1 0.0037325 
59.2 0.00371408 
59.3 0.00369559 
59.4 0.00367706 
59.5 0.00365851 
59.6 0.00363998 
59.7 0.0036215 
59.8 0.00360311 
59.9 0.00358486 
60 0.0035668 
60.1 0.00354895 
60.2 0.00353136 
60.3 0.00351403 
60.4 0.00349698 
60.5 0.00348022 
60.6 0.00346373 
60.7 0.0034475 
60.8 0.0034315 
60.9 0.0034157 
61 0.00340005 
61.1 0.00338453 
61.2 0.0033691 
61.3 0.0033537 
61.4 0.00333832 
61.5 0.00332292 
61.6 0.00330748 
61.7 0.00329199 
61.8 0.00327646 
61.9 0.00326089 
62 0.00324529 
62.1 0.00322968 
62.2 0.00321409 
62.3 0.00319856 
62.4 0.00318312 
62.5 0.0031678 
62.6 0.00315263 
62.7 0.00313765 
62.8 0.00312286 
62.9 0.00310829 
63 0.00309394 
63.1 0.00307982 
63.2 0.00306591 
63.3 0.0030522 
63.4 0.00303868 
63.5 0.00302531 
63.6 0.00301206 
63.7 0.00299891 
63.8 0.00298583 
63.9 0.00297278 
64 0.00295974 
64.1 0.00294669 
64.2 0.00293362 
64.3 0.00292051 
64.4 0.00290737 
64.5 0.0028942 
64.6 0.00288101 
64.7 0.00286783 
64.8 0.00285466 
64.9 0.00284153 
65 0.00282848 
65.1 0.00281552 
65.2 0.00280268 
65.3 0.00278998 
65.4 0.00277744 
65.5 0.00276506 
65.6 0.00275287 
65.7 0.00274085 
65.8 0.002729 
65.9 0.00271732 
66 0.00270579 
66.1 0.00269438 
66.2 0.00268308 
66.3 0.00267186 
66.4 0.00266071 
66.5 0.00264959 
66.6 0.00263849 
66.7 0.00262739 
66.8 0.00261628 
66.9 0.00260515 
67 0.002594 
67.1 0.00258283 
67.2 0.00257164 
67.3 0.00256045 
67.4 0.00254927 
67.5 0.00253812 
67.6 0.00252702 
67.7 0.00251599 
67.8 0.00250504 
67.9 0.0024942 
68 0.00248348 
68.1 0.00247288 
68.2 0.00246243 
68.3 0.00245211 
68.4 0.00244193 
68.5 0.00243189 
68.6 0.00242197 
68.7 0.00241216 
68.8 0.00240246 
68.9 0.00239283 
69 0.00238326 
69.1 0.00237374 
69.2 0.00236424 
69.3 0.00235476 
69.4 0.00234528 
69.5 0.0023358 
69.6 0.0023263 
69.7 0.00231679 
69.8 0.00230727 
69.9 0.00229774 
70 0.00228821 
70.1 0.0022787 
70.2 0.00226922 
70.3 0.00225978 
70.4 0.0022504 
70.5 0.00224109 
70.6 0.00223187 
70.7 0.00222273 
70.8 0.00221371 
70.9 0.00220479 
71 0.00219598 
71.1 0.00218728 
71.2 0.00217868 
71.3 0.00217019 
71.4 0.00216178 
71.5 0.00215346 
71.6 0.0021452 
71.7 0.00213699 
71.8 0.00212882 
71.9 0.00212068 
72 0.00211255 
72.1 0.00210443 
72.2 0.00209631 
72.3 0.00208818 
72.4 0.00208005 
72.5 0.00207191 
72.6 0.00206378 
72.7 0.00205564 
72.8 0.00204752 
72.9 0.00203942 
73 0.00203136 
73.1 0.00202333 
73.2 0.00201536 
73.3 0.00200746 
73.4 0.00199962 
73.5 0.00199187 
73.6 0.0019842 
73.7 0.00197661 
73.8 0.00196912 
73.9 0.0019617 
74 0.00195437 
74.1 0.00194712 
74.2 0.00193993 
74.3 0.0019328 
74.4 0.00192571 
74.5 0.00191867 
74.6 0.00191166 
74.7 0.00190466 
74.8 0.00189768 
74.9 0.00189071 
75 0.00188374 
75.1 0.00187676 
75.2 0.00186979 
75.3 0.00186282 
75.4 0.00185585 
75.5 0.00184889 
75.6 0.00184194 
75.7 0.00183502 
75.8 0.00182813 
75.9 0.00182127 
76 0.00181446 
76.1 0.00180769 
76.2 0.00180099 
76.3 0.00179435 
76.4 0.00178778 
76.5 0.00178128 
76.6 0.00177484 
76.7 0.00176847 
76.8 0.00176216 
76.9 0.00175591 
77 0.00174972 
77.1 0.00174357 
77.2 0.00173746 
77.3 0.00173139 
77.4 0.00172534 
77.5 0.00171931 
77.6 0.0017133 
77.7 0.00170729 
77.8 0.00170129 
77.9 0.0016953 
78 0.00168931 
78.1 0.00168332 
78.2 0.00167733 
78.3 0.00167136 
78.4 0.0016654 
78.5 0.00165945 
78.6 0.00165353 
78.7 0.00164764 
78.8 0.00164178 
78.9 0.00163597 
79 0.00163019 
79.1 0.00162447 
79.2 0.00161879 
79.3 0.00161317 
79.4 0.0016076 
79.5 0.00160209 
79.6 0.00159662 
79.7 0.00159121 
79.8 0.00158584 
79.9 0.00158051 
80 0.00157521 
80.1 0.00156995 
80.2 0.00156471 
80.3 0.0015595 
80.4 0.00155429 
80.5 0.00154911 
80.6 0.00154393 
80.7 0.00153876 
80.8 0.00153359 
80.9 0.00152843 
81 0.00152328 
81.1 0.00151813 
81.2 0.001513 
81.3 0.00150788 
81.4 0.00150277 
81.5 0.00149769 
81.6 0.00149263 
81.7 0.0014876 
81.8 0.0014826 
81.9 0.00147763 
82 0.00147271 
82.1 0.00146782 
82.2 0.00146298 
82.3 0.00145817 
82.4 0.00145341 
82.5 0.00144869 
82.6 0.00144401 
82.7 0.00143936 
82.8 0.00143474 
82.9 0.00143016 
83 0.0014256 
83.1 0.00142106 
83.2 0.00141654 
83.3 0.00141204 
83.4 0.00140755 
83.5 0.00140307 
83.6 0.00139861 
83.7 0.00139414 
83.8 0.00138969 
83.9 0.00138525 
84 0.00138081 
84.1 0.00137638 
84.2 0.00137197 
84.3 0.00136757 
84.4 0.00136318 
84.5 0.00135881 
84.6 0.00135447 
84.7 0.00135015 
84.8 0.00134586 
84.9 0.00134159 
85 0.00133736 
85.1 0.00133316 
85.2 0.00132899 
85.3 0.00132485 
85.4 0.00132074 
85.5 0.00131667 
85.6 0.00131262 
85.7 0.0013086 
85.8 0.00130461 
85.9 0.00130064 
86 0.00129669 
86.1 0.00129277 
86.2 0.00128885 
86.3 0.00128495 
86.4 0.00128107 
86.5 0.00127719 
86.6 0.00127333 
86.7 0.00126947 
86.8 0.00126563 
86.9 0.00126179 
87 0.00125796 
87.1 0.00125414 
87.2 0.00125033 
87.3 0.00124653 
87.4 0.00124275 
87.5 0.00123898 
87.6 0.00123524 
87.7 0.00123151 
87.8 0.0012278 
87.9 0.00122411 
88 0.00122045 
88.1 0.00121681 
88.2 0.0012132 
88.3 0.00120961 
88.4 0.00120605 
88.5 0.00120251 
88.6 0.00119899 
88.7 0.0011955 
88.8 0.00119203 
88.9 0.00118858 
89 0.00118514 
89.1 0.00118173 
89.2 0.00117832 
89.3 0.00117494 
89.4 0.00117156 
89.5 0.0011682 
89.6 0.00116484 
89.7 0.0011615 
89.8 0.00115816 
89.9 0.00115484 
90 0.00115152 
90.1 0.00114821 
90.2 0.00114492 
90.3 0.00114163 
90.4 0.00113836 
90.5 0.00113509 
90.6 0.00113185 
90.7 0.00112861 
90.8 0.00112539 
90.9 0.00112219 
91 0.00111901 
91.1 0.00111584 
91.2 0.0011127 
91.3 0.00110957 
91.4 0.00110646 
91.5 0.00110338 
91.6 0.00110031 
91.7 0.00109725 
91.8 0.00109422 
91.9 0.0010912 
92 0.0010882 
92.1 0.00108522 
92.2 0.00108225 
92.3 0.00107929 
92.4 0.00107635 
92.5 0.00107341 
92.6 0.00107049 
92.7 0.00106758 
92.8 0.00106468 
92.9 0.00106179 
93 0.0010589 
93.1 0.00105603 
93.2 0.00105316 
93.3 0.00105031 
93.4 0.00104746 
93.5 0.00104462 
93.6 0.0010418 
93.7 0.00103898 
93.8 0.00103618 
93.9 0.00103339 
94 0.00103062 
94.1 0.00102785 
94.2 0.0010251 
94.3 0.00102237 
94.4 0.00101965 
94.5 0.00101695 
94.6 0.00101426 
94.7 0.00101158 
94.8 0.00100892 
94.9 0.00100627 
95 0.00100364 
95.1 0.00100102 
95.2 0.000998417 
95.3 0.000995824 
95.4 0.000993243 
95.5 0.000990674 
95.6 0.000988115 
95.7 0.000985566 
95.8 0.000983028 
95.9 0.000980499 
96 0.00097798 
96.1 0.000975469 
96.2 0.000972967 
96.3 0.000970475 
96.4 0.000967991 
96.5 0.000965515 
96.6 0.000963049 
96.7 0.000960592 
96.8 0.000958145 
96.9 0.000955707 
97 0.00095328 
97.1 0.000950862 
97.2 0.000948455 
97.3 0.00094606 
97.4 0.000943675 
97.5 0.000941301 
97.6 0.000938939 
97.7 0.000936589 
97.8 0.000934249 
97.9 0.000931922 
98 0.000929606 
98.1 0.000927301 
98.2 0.000925007 
98.3 0.000922724 
98.4 0.000920452 
98.5 0.00091819 
98.6 0.000915938 
98.7 0.000913696 
98.8 0.000911464 
98.9 0.000909241 
99 0.000907028 
99.1 0.000904823 
99.2 0.000902627 
99.3 0.000900439 
99.4 0.00089826 
99.5 0.000896089 
99.6 0.000893926 
99.7 0.000891772 
99.8 0.000889626 
99.9 0.000887488 
100 0.000885359 
100.1 0.000883238 
100.2 0.000881126 
100.3 0.000879023 
100.4 0.000876928 
100.5 0.000874843 
100.6 0.000872766 
100.7 0.000870698 
100.8 0.000868639 
100.9 0.000866589 
101 0.000864549 
101.1 0.000862517 
101.2 0.000860495 
101.3 0.000858481 
101.4 0.000856476 
101.5 0.00085448 
101.6 0.000852492 
101.7 0.000850513 
101.8 0.000848543 
101.9 0.00084658 
102 0.000844626 
102.1 0.00084268 
102.2 0.000840742 
102.3 0.000838812 
102.4 0.000836889 
102.5 0.000834974 
102.6 0.000833067 
102.7 0.000831168 
102.8 0.000829276 
102.9 0.000827392 
103 0.000825516 
103.1 0.000823647 
103.2 0.000821785 
103.3 0.000819932 
103.4 0.000818086 
103.5 0.000816247 
103.6 0.000814417 
103.7 0.000812594 
103.8 0.000810778 
103.9 0.000808971 
104 0.000807171 
104.1 0.000805378 
104.2 0.000803593 
104.3 0.000801816 
104.4 0.000800046 
104.5 0.000798283 
104.6 0.000796527 
104.7 0.000794779 
104.8 0.000793037 
104.9 0.000791302 
105 0.000789574 
105.1 0.000787853 
105.2 0.000786139 
105.3 0.000784431 
105.4 0.00078273 
105.5 0.000781035 
105.6 0.000779347 
105.7 0.000777665 
105.8 0.00077599 
105.9 0.000774321 
106 0.000772659 
106.1 0.000771003 
106.2 0.000769354 
106.3 0.000767712 
106.4 0.000766077 
106.5 0.000764448 
106.6 0.000762826 
106.7 0.000761211 
106.8 0.000759603 
106.9 0.000758001 
107 0.000756407 
107.1 0.00075482 
107.2 0.000753239 
107.3 0.000751665 
107.4 0.000750098 
107.5 0.000748537 
107.6 0.000746984 
107.7 0.000745436 
107.8 0.000743895 
107.9 0.000742361 
108 0.000740832 
108.1 0.000739309 
108.2 0.000737793 
108.3 0.000736282 
108.4 0.000734776 
108.5 0.000733276 
108.6 0.000731782 
108.7 0.000730293 
108.8 0.000728809 
108.9 0.000727331 
109 0.000725857 
109.1 0.000724389 
109.2 0.000722926 
109.3 0.000721468 
109.4 0.000720016 
109.5 0.000718568 
109.6 0.000717126 
109.7 0.00071569 
109.8 0.000714259 
109.9 0.000712834 
110 0.000711414 
110.1 0.000710001 
110.2 0.000708593 
110.3 0.000707191 
110.4 0.000705795 
110.5 0.000704405 
110.6 0.000703022 
110.7 0.000701644 
110.8 0.000700272 
110.9 0.000698907 
111 0.000697548 
111.1 0.000696194 
111.2 0.000694847 
111.3 0.000693505 
111.4 0.000692169 
111.5 0.000690838 
111.6 0.000689513 
111.7 0.000688193 
111.8 0.000686878 
111.9 0.000685569 
112 0.000684264 
112.1 0.000682964 
112.2 0.000681668 
112.3 0.000680377 
112.4 0.000679091 
112.5 0.000677808 
112.6 0.00067653 
112.7 0.000675256 
112.8 0.000673986 
112.9 0.00067272 
113 0.000671459 
113.1 0.000670201 
113.2 0.000668948 
113.3 0.000667699 
113.4 0.000666454 
113.5 0.000665214 
113.6 0.000663978 
113.7 0.000662747 
113.8 0.000661521 
113.9 0.000660299 
114 0.000659082 
114.1 0.000657871 
114.2 0.000656664 
114.3 0.000655463 
114.4 0.000654267 
114.5 0.000653076 
114.6 0.00065189 
114.7 0.00065071 
114.8 0.000649535 
114.9 0.000648365 
115 0.000647201 
115.1 0.000646041 
115.2 0.000644887 
115.3 0.000643738 
115.4 0.000642593 
115.5 0.000641454 
115.6 0.000640319 
115.7 0.000639188 
115.8 0.000638062 
115.9 0.00063694 
116 0.000635822 
116.1 0.000634708 
116.2 0.000633597 
116.3 0.000632491 
116.4 0.000631388 
116.5 0.000630289 
116.6 0.000629193 
116.7 0.0006281 
116.8 0.000627011 
116.9 0.000625925 
117 0.000624842 
117.1 0.000623763 
117.2 0.000622687 
117.3 0.000621614 
117.4 0.000620545 
117.5 0.00061948 
117.6 0.000618418 
117.7 0.00061736 
117.8 0.000616306 
117.9 0.000615255 
118 0.000614209 
118.1 0.000613166 
118.2 0.000612128 
118.3 0.000611094 
118.4 0.000610065 
118.5 0.00060904 
118.6 0.000608019 
118.7 0.000607003 
118.8 0.000605991 
118.9 0.000604984 
119 0.000603981 
119.1 0.000602983 
119.2 0.00060199 
119.3 0.000601001 
119.4 0.000600016 
119.5 0.000599035 
119.6 0.000598059 
119.7 0.000597086 
119.8 0.000596118 
119.9 0.000595153 
120 0.000594192 
120.1 0.000593235 
120.2 0.000592281 
120.3 0.000591331 
120.4 0.000590384 
120.5 0.00058944 
120.6 0.000588499 
120.7 0.000587561 
120.8 0.000586626 
120.9 0.000585693 
121 0.000584764 
121.1 0.000583837 
121.2 0.000582913 
121.3 0.000581992 
121.4 0.000581073 
121.5 0.000580158 
121.6 0.000579245 
121.7 0.000578334 
121.8 0.000577427 
121.9 0.000576523 
122 0.000575621 
122.1 0.000574723 
122.2 0.000573828 
122.3 0.000572936 
122.4 0.000572047 
122.5 0.000571162 
122.6 0.00057028 
122.7 0.000569402 
122.8 0.000568528 
122.9 0.000567657 
123 0.00056679 
123.1 0.000565926 
123.2 0.000565067 
123.3 0.000564211 
123.4 0.000563359 
123.5 0.000562511 
123.6 0.000561666 
123.7 0.000560826 
123.8 0.000559989 
123.9 0.000559155 
124 0.000558325 
124.1 0.000557499 
124.2 0.000556676 
124.3 0.000555857 
124.4 0.000555041 
124.5 0.000554227 
124.6 0.000553417 
124.7 0.00055261 
124.8 0.000551806 
124.9 0.000551005 
125 0.000550206 
125.1 0.00054941 
125.2 0.000548617 
125.3 0.000547826 
125.4 0.000547038 
125.5 0.000546252 
125.6 0.000545468 
125.7 0.000544686 
125.8 0.000543907 
125.9 0.00054313 
126 0.000542356 
126.1 0.000541583 
126.2 0.000540813 
126.3 0.000540045 
126.4 0.00053928 
126.5 0.000538517 
126.6 0.000537757 
126.7 0.000536999 
126.8 0.000536243 
126.9 0.00053549 
127 0.00053474 
127.1 0.000533992 
127.2 0.000533248 
127.3 0.000532506 
127.4 0.000531767 
127.5 0.000531031 
127.6 0.000530298 
127.7 0.000529568 
127.8 0.000528841 
127.9 0.000528117 
128 0.000527396 
128.1 0.000526679 
128.2 0.000525964 
128.3 0.000525253 
128.4 0.000524545 
128.5 0.00052384 
128.6 0.000523138 
128.7 0.000522439 
128.8 0.000521742 
128.9 0.000521049 
129 0.000520359 
129.1 0.000519672 
129.2 0.000518987 
129.3 0.000518305 
129.4 0.000517626 
129.5 0.00051695 
129.6 0.000516275 
129.7 0.000515604 
129.8 0.000514934 
129.9 0.000514267 
130 0.000513603 
130.1 0.00051294 
130.2 0.00051228 
130.3 0.000511622 
130.4 0.000510965 
130.5 0.000510311 
130.6 0.000509659 
130.7 0.000509009 
130.8 0.000508361 
130.9 0.000507714 
131 0.00050707 
131.1 0.000506428 
131.2 0.000505787 
131.3 0.000505148 
131.4 0.000504512 
131.5 0.000503877 
131.6 0.000503245 
131.7 0.000502614 
131.8 0.000501986 
131.9 0.000501359 
132 0.000500735 
132.1 0.000500113 
132.2 0.000499493 
132.3 0.000498876 
132.4 0.000498261 
132.5 0.000497648 
132.6 0.000497037 
132.7 0.000496429 
132.8 0.000495823 
132.9 0.00049522 
133 0.000494619 
133.1 0.000494021 
133.2 0.000493425 
133.3 0.000492832 
133.4 0.000492241 
133.5 0.000491653 
133.6 0.000491068 
133.7 0.000490485 
133.8 0.000489904 
133.9 0.000489326 
134 0.00048875 
134.1 0.000488177 
134.2 0.000487606 
134.3 0.000487038 
134.4 0.000486472 
134.5 0.000485908 
134.6 0.000485346 
134.7 0.000484787 
134.8 0.00048423 
134.9 0.000483675 
135 0.000483122 
135.1 0.000482571 
135.2 0.000482023 
135.3 0.000481476 
135.4 0.000480931 
135.5 0.000480388 
135.6 0.000479847 
135.7 0.000479307 
135.8 0.00047877 
135.9 0.000478234 
136 0.0004777 
136.1 0.000477168 
136.2 0.000476637 
136.3 0.000476108 
136.4 0.000475581 
136.5 0.000475056 
136.6 0.000474532 
136.7 0.000474009 
136.8 0.000473489 
136.9 0.00047297 
137 0.000472453 
137.1 0.000471937 
137.2 0.000471423 
137.3 0.000470911 
137.4 0.000470401 
137.5 0.000469892 
137.6 0.000469385 
137.7 0.00046888 
137.8 0.000468377 
137.9 0.000467876 
138 0.000467376 
138.1 0.000466878 
138.2 0.000466382 
138.3 0.000465888 
138.4 0.000465396 
138.5 0.000464906 
138.6 0.000464418 
138.7 0.000463932 
138.8 0.000463448 
138.9 0.000462966 
139 0.000462486 
139.1 0.000462008 
139.2 0.000461531 
139.3 0.000461057 
139.4 0.000460585 
139.5 0.000460115 
139.6 0.000459647 
139.7 0.000459181 
139.8 0.000458717 
139.9 0.000458254 
140 0.000457794 
140.1 0.000457336 
140.2 0.00045688 
140.3 0.000456425 
140.4 0.000455973 
140.5 0.000455522 
140.6 0.000455073 
140.7 0.000454626 
140.8 0.000454181 
140.9 0.000453738 
141 0.000453296 
141.1 0.000452856 
141.2 0.000452418 
141.3 0.000451981 
141.4 0.000451546 
141.5 0.000451113 
141.6 0.000450681 
141.7 0.000450251 
141.8 0.000449822 
141.9 0.000449396 
142 0.00044897 
142.1 0.000448546 
142.2 0.000448124 
142.3 0.000447703 
142.4 0.000447283 
142.5 0.000446865 
142.6 0.000446449 
142.7 0.000446034 
142.8 0.00044562 
142.9 0.000445208 
143 0.000444797 
143.1 0.000444388 
143.2 0.00044398 
143.3 0.000443574 
143.4 0.000443169 
143.5 0.000442765 
143.6 0.000442363 
143.7 0.000441962 
143.8 0.000441563 
143.9 0.000441166 
144 0.000440769 
144.1 0.000440374 
144.2 0.000439981 
144.3 0.000439589 
144.4 0.000439199 
144.5 0.00043881 
144.6 0.000438423 
144.7 0.000438037 
144.8 0.000437653 
144.9 0.00043727 
145 0.000436889 
145.1 0.00043651 
145.2 0.000436132 
145.3 0.000435755 
145.4 0.00043538 
145.5 0.000435007 
145.6 0.000434635 
145.7 0.000434265 
145.8 0.000433897 
145.9 0.00043353 
146 0.000433164 
146.1 0.0004328 
146.2 0.000432438 
146.3 0.000432077 
146.4 0.000431718 
146.5 0.000431361 
146.6 0.000431005 
146.7 0.00043065 
146.8 0.000430297 
146.9 0.000429946 
147 0.000429596 
147.1 0.000429248 
147.2 0.000428901 
147.3 0.000428556 
147.4 0.000428212 
147.5 0.00042787 
147.6 0.000427529 
147.7 0.00042719 
147.8 0.000426852 
147.9 0.000426515 
148 0.00042618 
148.1 0.000425847 
148.2 0.000425514 
148.3 0.000425184 
148.4 0.000424854 
148.5 0.000424526 
148.6 0.000424199 
148.7 0.000423874 
148.8 0.00042355 
148.9 0.000423227 
149 0.000422906 
149.1 0.000422586 
149.2 0.000422268 
149.3 0.00042195 
149.4 0.000421634 
149.5 0.000421319 
149.6 0.000421006 
149.7 0.000420694 
149.8 0.000420383 
149.9 0.000420073 
150 0.000419764 
150.1 0.000419457 
150.2 0.000419151 
150.3 0.000418847 
150.4 0.000418543 
150.5 0.000418241 
150.6 0.00041794 
150.7 0.00041764 
150.8 0.000417342 
150.9 0.000417044 
151 0.000416748 
151.1 0.000416453 
151.2 0.00041616 
151.3 0.000415867 
151.4 0.000415576 
151.5 0.000415286 
151.6 0.000414998 
151.7 0.00041471 
151.8 0.000414424 
151.9 0.000414139 
152 0.000413855 
152.1 0.000413573 
152.2 0.000413292 
152.3 0.000413012 
152.4 0.000412733 
152.5 0.000412455 
152.6 0.000412179 
152.7 0.000411904 
152.8 0.00041163 
152.9 0.000411358 
153 0.000411086 
153.1 0.000410816 
153.2 0.000410547 
153.3 0.00041028 
153.4 0.000410013 
153.5 0.000409748 
153.6 0.000409484 
153.7 0.000409222 
153.8 0.00040896 
153.9 0.0004087 
154 0.000408441 
154.1 0.000408184 
154.2 0.000407927 
154.3 0.000407672 
154.4 0.000407418 
154.5 0.000407165 
154.6 0.000406914 
154.7 0.000406663 
154.8 0.000406414 
154.9 0.000406167 
155 0.00040592 
155.1 0.000405674 
155.2 0.00040543 
155.3 0.000405187 
155.4 0.000404946 
155.5 0.000404705 
155.6 0.000404466 
155.7 0.000404227 
155.8 0.00040399 
155.9 0.000403755 
156 0.00040352 
156.1 0.000403287 
156.2 0.000403054 
156.3 0.000402823 
156.4 0.000402593 
156.5 0.000402364 
156.6 0.000402137 
156.7 0.00040191 
156.8 0.000401685 
156.9 0.000401461 
157 0.000401238 
157.1 0.000401016 
157.2 0.000400795 
157.3 0.000400576 
157.4 0.000400357 
157.5 0.00040014 
157.6 0.000399924 
157.7 0.000399708 
157.8 0.000399494 
157.9 0.000399281 
158 0.00039907 
158.1 0.000398859 
158.2 0.000398649 
158.3 0.000398441 
158.4 0.000398233 
158.5 0.000398027 
158.6 0.000397822 
158.7 0.000397618 
158.8 0.000397415 
158.9 0.000397213 
159 0.000397012 
159.1 0.000396812 
159.2 0.000396613 
159.3 0.000396415 
159.4 0.000396219 
159.5 0.000396023 
159.6 0.000395829 
159.7 0.000395635 
159.8 0.000395443 
159.9 0.000395252 
160 0.000395061 
160.1 0.000394872 
160.2 0.000394684 
160.3 0.000394497 
160.4 0.000394311 
160.5 0.000394126 
160.6 0.000393942 
160.7 0.000393759 
160.8 0.000393577 
160.9 0.000393396 
161 0.000393216 
161.1 0.000393037 
161.2 0.00039286 
161.3 0.000392683 
161.4 0.000392507 
161.5 0.000392332 
161.6 0.000392159 
161.7 0.000391986 
161.8 0.000391815 
161.9 0.000391644 
162 0.000391475 
162.1 0.000391306 
162.2 0.000391139 
162.3 0.000390972 
162.4 0.000390807 
162.5 0.000390643 
162.6 0.000390479 
162.7 0.000390317 
162.8 0.000390156 
162.9 0.000389995 
163 0.000389836 
163.1 0.000389678 
163.2 0.00038952 
163.3 0.000389364 
163.4 0.000389209 
163.5 0.000389055 
163.6 0.000388902 
163.7 0.000388749 
163.8 0.000388598 
163.9 0.000388448 
164 0.000388299 
164.1 0.000388151 
164.2 0.000388004 
164.3 0.000387857 
164.4 0.000387712 
164.5 0.000387568 
164.6 0.000387425 
164.7 0.000387283 
164.8 0.000387142 
164.9 0.000387002 
165 0.000386862 
165.1 0.000386724 
165.2 0.000386587 
165.3 0.000386451 
165.4 0.000386316 
165.5 0.000386181 
165.6 0.000386048 
165.7 0.000385916 
165.8 0.000385785 
165.9 0.000385654 
166 0.000385525 
166.1 0.000385397 
166.2 0.00038527 
166.3 0.000385143 
166.4 0.000385018 
166.5 0.000384893 
166.6 0.00038477 
166.7 0.000384648 
166.8 0.000384526 
166.9 0.000384406 
167 0.000384286 
167.1 0.000384167 
167.2 0.00038405 
167.3 0.000383933 
167.4 0.000383818 
167.5 0.000383703 
167.6 0.000383589 
167.7 0.000383476 
167.8 0.000383365 
167.9 0.000383254 
168 0.000383144 
168.1 0.000383035 
168.2 0.000382927 
168.3 0.00038282 
168.4 0.000382714 
168.5 0.000382609 
168.6 0.000382504 
168.7 0.000382401 
168.8 0.000382299 
168.9 0.000382198 
169 0.000382097 
169.1 0.000381998 
169.2 0.000381899 
169.3 0.000381802 
169.4 0.000381705 
169.5 0.000381609 
169.6 0.000381515 
169.7 0.000381421 
169.8 0.000381328 
169.9 0.000381236 
170 0.000381145 
170.1 0.000381055 
170.2 0.000380966 
170.3 0.000380878 
170.4 0.00038079 
170.5 0.000380704 
170.6 0.000380619 
170.7 0.000380534 
170.8 0.000380451 
170.9 0.000380368 
171 0.000380286 
171.1 0.000380206 
171.2 0.000380126 
171.3 0.000380047 
171.4 0.000379969 
171.5 0.000379892 
171.6 0.000379816 
171.7 0.00037974 
171.8 0.000379666 
171.9 0.000379593 
172 0.00037952 
172.1 0.000379449 
172.2 0.000379378 
172.3 0.000379308 
172.4 0.000379239 
172.5 0.000379172 
172.6 0.000379105 
172.7 0.000379039 
172.8 0.000378973 
172.9 0.000378909 
173 0.000378846 
173.1 0.000378783 
173.2 0.000378722 
173.3 0.000378661 
173.4 0.000378602 
173.5 0.000378543 
173.6 0.000378485 
173.7 0.000378428 
173.8 0.000378372 
173.9 0.000378317 
174 0.000378263 
174.1 0.000378209 
174.2 0.000378157 
174.3 0.000378105 
174.4 0.000378055 
174.5 0.000378005 
174.6 0.000377956 
174.7 0.000377908 
174.8 0.000377861 
174.9 0.000377815 
175 0.00037777 
175.1 0.000377726 
175.2 0.000377682 
175.3 0.00037764 
175.4 0.000377598 
175.5 0.000377558 
175.6 0.000377518 
175.7 0.000377479 
175.8 0.000377441 
175.9 0.000377404 
176 0.000377368 
176.1 0.000377332 
176.2 0.000377298 
176.3 0.000377264 
176.4 0.000377232 
176.5 0.0003772 
176.6 0.000377169 
176.7 0.000377139 
176.8 0.00037711 
176.9 0.000377082 
177 0.000377055 
177.1 0.000377029 
177.2 0.000377003 
177.3 0.000376979 
177.4 0.000376955 
177.5 0.000376932 
177.6 0.00037691 
177.7 0.000376889 
177.8 0.000376869 
177.9 0.00037685 
178 0.000376832 
178.1 0.000376815 
178.2 0.000376798 
178.3 0.000376782 
178.4 0.000376768 
178.5 0.000376754 
178.6 0.000376741 
178.7 0.000376729 
178.8 0.000376718 
178.9 0.000376707 
179 0.000376698 
179.1 0.00037669 
179.2 0.000376682 
179.3 0.000376675 
179.4 0.00037667 
179.5 0.000376665 
179.6 0.000376661 
179.7 0.000376658 
179.8 0.000376655 
