0.1 34.5513 
0.2 34.5494 
0.3 34.5436 
0.4 34.53 
0.5 34.5034 
0.6 34.4575 
0.7 34.3855 
0.8 34.2801 
0.9 34.1341 
1 33.9409 
1.1 33.6944 
1.2 33.3901 
1.3 33.0247 
1.4 32.5967 
1.5 32.1063 
1.6 31.5556 
1.7 30.9482 
1.8 30.2895 
1.9 29.5859 
2 28.8448 
2.1 28.0741 
2.2 27.2821 
2.3 26.4767 
2.4 25.6656 
2.5 24.8556 
2.6 24.0528 
2.7 23.2622 
2.8 22.4878 
2.9 21.7325 
3 20.9983 
3.1 20.2862 
3.2 19.5965 
3.3 18.929 
3.4 18.2829 
3.5 17.6571 
3.6 17.0505 
3.7 16.4619 
3.8 15.89 
3.9 15.334 
4 14.7931 
4.1 14.2667 
4.2 13.7545 
4.3 13.2564 
4.4 12.7724 
4.5 12.3029 
4.6 11.8481 
4.7 11.4082 
4.8 10.9836 
4.9 10.5744 
5 10.1807 
5.1 9.80259 
5.2 9.43975 
5.3 9.09191 
5.4 8.75863 
5.5 8.43936 
5.6 8.13348 
5.7 7.84031 
5.8 7.55916 
5.9 7.28933 
6 7.03015 
6.1 6.781 
6.2 6.54131 
6.3 6.31058 
6.4 6.08839 
6.5 5.87437 
6.6 5.66822 
6.7 5.4697 
6.8 5.27859 
6.9 5.0947 
7 4.91786 
7.1 4.74789 
7.2 4.58462 
7.3 4.42785 
7.4 4.27737 
7.5 4.13295 
7.6 3.99436 
7.7 3.86134 
7.8 3.73362 
7.9 3.61096 
8 3.49308 
8.1 3.37976 
8.2 3.27075 
8.3 3.16584 
8.4 3.06484 
8.5 2.96758 
8.6 2.8739 
8.7 2.78366 
8.8 2.69673 
8.9 2.61301 
9 2.53238 
9.1 2.45475 
9.2 2.38 
9.3 2.30804 
9.4 2.23877 
9.5 2.17207 
9.6 2.10784 
9.7 2.04597 
9.8 1.98635 
9.9 1.92887 
10 1.87344 
10.1 1.81996 
10.2 1.76835 
10.3 1.71852 
10.4 1.67041 
10.5 1.62396 
10.6 1.57912 
10.7 1.53583 
10.8 1.49406 
10.9 1.45376 
11 1.4149 
11.1 1.37742 
11.2 1.34128 
11.3 1.30644 
11.4 1.27285 
11.5 1.24044 
11.6 1.20917 
11.7 1.17897 
11.8 1.14978 
11.9 1.12154 
12 1.09421 
12.1 1.06772 
12.2 1.04205 
12.3 1.01715 
12.4 0.992986 
12.5 0.969543 
12.6 0.946802 
12.7 0.92475 
12.8 0.90338 
12.9 0.882684 
13 0.862657 
13.1 0.843292 
13.2 0.824578 
13.3 0.806503 
13.4 0.789047 
13.5 0.772189 
13.6 0.755902 
13.7 0.740156 
13.8 0.724917 
13.9 0.710151 
14 0.695824 
14.1 0.681901 
14.2 0.668354 
14.3 0.655155 
14.4 0.642282 
14.5 0.62972 
14.6 0.617457 
14.7 0.605487 
14.8 0.593809 
14.9 0.582425 
15 0.571339 
15.1 0.560557 
15.2 0.550084 
15.3 0.539922 
15.4 0.530074 
15.5 0.520536 
15.6 0.511304 
15.7 0.502366 
15.8 0.493709 
15.9 0.485316 
16 0.477169 
16.1 0.469246 
16.2 0.461527 
16.3 0.453991 
16.4 0.446621 
16.5 0.4394 
16.6 0.432316 
16.7 0.425362 
16.8 0.418531 
16.9 0.411824 
17 0.405241 
17.1 0.398788 
17.2 0.392471 
17.3 0.386297 
17.4 0.380273 
17.5 0.374404 
17.6 0.368694 
17.7 0.363146 
17.8 0.357758 
17.9 0.352525 
18 0.347442 
18.1 0.342499 
18.2 0.337686 
18.3 0.332989 
18.4 0.328397 
18.5 0.323897 
18.6 0.319477 
18.7 0.315129 
18.8 0.310844 
18.9 0.306617 
19 0.302446 
19.1 0.29833 
19.2 0.294271 
19.3 0.290273 
19.4 0.286341 
19.5 0.282481 
19.6 0.278697 
19.7 0.274996 
19.8 0.271381 
19.9 0.267854 
20 0.264416 
20.1 0.261066 
20.2 0.257801 
20.3 0.254617 
20.4 0.251506 
20.5 0.248463 
20.6 0.24548 
20.7 0.242548 
20.8 0.239662 
20.9 0.236816 
21 0.234004 
21.1 0.231222 
21.2 0.22847 
21.3 0.225746 
21.4 0.223053 
21.5 0.220391 
21.6 0.217764 
21.7 0.215177 
21.8 0.212631 
21.9 0.210132 
22 0.207681 
22.1 0.205281 
22.2 0.202934 
22.3 0.200637 
22.4 0.198392 
22.5 0.196195 
22.6 0.194043 
22.7 0.191932 
22.8 0.189859 
22.9 0.187819 
23 0.185808 
23.1 0.183822 
23.2 0.181859 
23.3 0.179915 
23.4 0.177991 
23.5 0.176085 
23.6 0.174197 
23.7 0.172329 
23.8 0.170483 
23.9 0.16866 
24 0.166862 
24.1 0.165091 
24.2 0.163349 
24.3 0.161638 
24.4 0.159958 
24.5 0.158309 
24.6 0.15669 
24.7 0.155102 
24.8 0.153541 
24.9 0.152008 
25 0.150498 
25.1 0.14901 
25.2 0.147543 
25.3 0.146093 
25.4 0.14466 
25.5 0.143242 
25.6 0.141839 
25.7 0.140449 
25.8 0.139073 
25.9 0.137711 
26 0.136365 
26.1 0.135034 
26.2 0.13372 
26.3 0.132423 
26.4 0.131145 
26.5 0.129885 
26.6 0.128644 
26.7 0.127423 
26.8 0.12622 
26.9 0.125035 
27 0.123868 
27.1 0.122718 
27.2 0.121583 
27.3 0.120463 
27.4 0.119357 
27.5 0.118264 
27.6 0.117184 
27.7 0.116116 
27.8 0.115059 
27.9 0.114014 
28 0.11298 
28.1 0.111958 
28.2 0.110948 
28.3 0.10995 
28.4 0.108964 
28.5 0.10799 
28.6 0.107029 
28.7 0.10608 
28.8 0.105143 
28.9 0.104218 
29 0.103305 
29.1 0.102402 
29.2 0.101511 
29.3 0.100629 
29.4 0.0997578 
29.5 0.0988958 
29.6 0.098043 
29.7 0.0971995 
29.8 0.0963651 
29.9 0.09554 
30 0.0947243 
30.1 0.0939181 
30.2 0.0931216 
30.3 0.0923351 
30.4 0.0915585 
30.5 0.0907919 
30.6 0.0900352 
30.7 0.0892882 
30.8 0.0885506 
30.9 0.087822 
31 0.0871018 
31.1 0.0863895 
31.2 0.0856845 
31.3 0.0849864 
31.4 0.0842947 
31.5 0.0836089 
31.6 0.082929 
31.7 0.0822547 
31.8 0.0815862 
31.9 0.0809237 
32 0.0802674 
32.1 0.0796178 
32.2 0.0789752 
32.3 0.0783403 
32.4 0.0777132 
32.5 0.0770945 
32.6 0.0764843 
32.7 0.0758827 
32.8 0.0752895 
32.9 0.0747046 
33 0.0741275 
33.1 0.0735576 
33.2 0.0729944 
33.3 0.0724372 
33.4 0.0718852 
33.5 0.0713377 
33.6 0.0707943 
33.7 0.0702544 
33.8 0.0697178 
33.9 0.0691843 
34 0.068654 
34.1 0.0681271 
34.2 0.0676039 
34.3 0.0670851 
34.4 0.0665711 
34.5 0.0660627 
34.6 0.0655602 
34.7 0.0650644 
34.8 0.0645755 
34.9 0.0640938 
35 0.0636194 
35.1 0.0631522 
35.2 0.0626919 
35.3 0.0622379 
35.4 0.0617898 
35.5 0.0613469 
35.6 0.0609083 
35.7 0.0604734 
35.8 0.0600415 
35.9 0.059612 
36 0.0591844 
36.1 0.0587585 
36.2 0.0583342 
36.3 0.0579115 
36.4 0.0574908 
36.5 0.0570724 
36.6 0.056657 
36.7 0.056245 
36.8 0.0558372 
36.9 0.0554341 
37 0.0550363 
37.1 0.0546442 
37.2 0.0542581 
37.3 0.0538781 
37.4 0.0535041 
37.5 0.0531359 
37.6 0.0527731 
37.7 0.052415 
37.8 0.0520611 
37.9 0.0517107 
38 0.0513632 
38.1 0.0510177 
38.2 0.0506739 
38.3 0.0503312 
38.4 0.0499893 
38.5 0.0496483 
38.6 0.049308 
38.7 0.0489687 
38.8 0.0486309 
38.9 0.0482949 
39 0.0479613 
39.1 0.0476308 
39.2 0.0473038 
39.3 0.0469809 
39.4 0.0466626 
39.5 0.0463491 
39.6 0.0460406 
39.7 0.0457371 
39.8 0.0454383 
39.9 0.0451441 
40 0.044854 
40.1 0.0445674 
40.2 0.0442838 
40.3 0.0440026 
40.4 0.0437231 
40.5 0.0434449 
40.6 0.0431676 
40.7 0.0428908 
40.8 0.0426144 
40.9 0.0423384 
41 0.0420629 
41.1 0.0417882 
41.2 0.0415146 
41.3 0.0412426 
41.4 0.0409727 
41.5 0.0407054 
41.6 0.0404411 
41.7 0.0401803 
41.8 0.0399232 
41.9 0.0396701 
42 0.039421 
42.1 0.0391759 
42.2 0.0389346 
42.3 0.0386968 
42.4 0.038462 
42.5 0.0382299 
42.6 0.038 
42.7 0.0377717 
42.8 0.0375447 
42.9 0.0373185 
43 0.0370928 
43.1 0.0368675 
43.2 0.0366424 
43.3 0.0364176 
43.4 0.0361933 
43.5 0.0359696 
43.6 0.0357469 
43.7 0.0355256 
43.8 0.0353061 
43.9 0.0350887 
44 0.0348738 
44.1 0.0346617 
44.2 0.0344527 
44.3 0.0342467 
44.4 0.034044 
44.5 0.0338444 
44.6 0.0336477 
44.7 0.0334537 
44.8 0.033262 
44.9 0.0330724 
45 0.0328845 
45.1 0.0326978 
45.2 0.0325121 
45.3 0.0323271 
45.4 0.0321425 
45.5 0.0319582 
45.6 0.0317743 
45.7 0.0315906 
45.8 0.0314074 
45.9 0.0312249 
46 0.0310432 
46.1 0.0308626 
46.2 0.0306836 
46.3 0.0305062 
46.4 0.0303308 
46.5 0.0301577 
46.6 0.0299868 
46.7 0.0298185 
46.8 0.0296525 
46.9 0.029489 
47 0.0293277 
47.1 0.0291685 
47.2 0.0290112 
47.3 0.0288555 
47.4 0.0287011 
47.5 0.0285478 
47.6 0.0283953 
47.7 0.0282435 
47.8 0.0280922 
47.9 0.0279412 
48 0.0277907 
48.1 0.0276405 
48.2 0.0274909 
48.3 0.0273418 
48.4 0.0271935 
48.5 0.0270462 
48.6 0.0269 
48.7 0.0267552 
48.8 0.026612 
48.9 0.0264704 
49 0.0263305 
49.1 0.0261925 
49.2 0.0260564 
49.3 0.0259221 
49.4 0.0257894 
49.5 0.0256585 
49.6 0.0255289 
49.7 0.0254007 
49.8 0.0252736 
49.9 0.0251474 
50 0.0250221 
50.1 0.0248974 
50.2 0.0247733 
50.3 0.0246497 
50.4 0.0245265 
50.5 0.0244038 
50.6 0.0242817 
50.7 0.0241602 
50.8 0.0240393 
50.9 0.0239193 
51 0.0238002 
51.1 0.0236821 
51.2 0.0235652 
51.3 0.0234496 
51.4 0.0233352 
51.5 0.0232222 
51.6 0.0231106 
51.7 0.0230003 
51.8 0.0228913 
51.9 0.0227835 
52 0.0226768 
52.1 0.0225712 
52.2 0.0224666 
52.3 0.0223628 
52.4 0.0222597 
52.5 0.0221573 
52.6 0.0220556 
52.7 0.0219544 
52.8 0.0218537 
52.9 0.0217537 
53 0.0216542 
53.1 0.0215553 
53.2 0.021457 
53.3 0.0213595 
53.4 0.0212628 
53.5 0.0211668 
53.6 0.0210718 
53.7 0.0209777 
53.8 0.0208845 
53.9 0.0207923 
54 0.020701 
54.1 0.0206107 
54.2 0.0205214 
54.3 0.0204329 
54.4 0.0203453 
54.5 0.0202585 
54.6 0.0201725 
54.7 0.0200872 
54.8 0.0200025 
54.9 0.0199185 
55 0.0198352 
55.1 0.0197524 
55.2 0.0196702 
55.3 0.0195887 
55.4 0.0195077 
55.5 0.0194274 
55.6 0.0193477 
55.7 0.0192686 
55.8 0.0191903 
55.9 0.0191126 
56 0.0190357 
56.1 0.0189594 
56.2 0.0188839 
56.3 0.018809 
56.4 0.0187349 
56.5 0.0186614 
56.6 0.0185885 
56.7 0.0185163 
56.8 0.0184447 
56.9 0.0183736 
57 0.0183032 
57.1 0.0182332 
57.2 0.0181639 
57.3 0.018095 
57.4 0.0180268 
57.5 0.0179591 
57.6 0.0178919 
57.7 0.0178254 
57.8 0.0177595 
57.9 0.0176942 
58 0.0176295 
58.1 0.0175655 
58.2 0.0175022 
58.3 0.0174394 
58.4 0.0173773 
58.5 0.0173158 
58.6 0.0172548 
58.7 0.0171944 
58.8 0.0171345 
58.9 0.0170751 
59 0.0170161 
59.1 0.0169575 
59.2 0.0168993 
59.3 0.0168415 
59.4 0.016784 
59.5 0.0167269 
59.6 0.0166702 
59.7 0.0166139 
59.8 0.0165581 
59.9 0.0165026 
60 0.0164477 
60.1 0.0163933 
60.2 0.0163395 
60.3 0.0162862 
60.4 0.0162336 
60.5 0.0161815 
60.6 0.0161301 
60.7 0.0160793 
60.8 0.0160291 
60.9 0.0159794 
61 0.0159303 
61.1 0.0158816 
61.2 0.0158334 
61.3 0.0157855 
61.4 0.015738 
61.5 0.0156907 
61.6 0.0156437 
61.7 0.015597 
61.8 0.0155504 
61.9 0.0155041 
62 0.0154579 
62.1 0.015412 
62.2 0.0153663 
62.3 0.0153209 
62.4 0.0152759 
62.5 0.0152312 
62.6 0.015187 
62.7 0.0151432 
62.8 0.0151 
62.9 0.0150573 
63 0.0150152 
63.1 0.0149736 
63.2 0.0149326 
63.3 0.0148921 
63.4 0.0148522 
63.5 0.0148128 
63.6 0.0147737 
63.7 0.0147351 
63.8 0.0146967 
63.9 0.0146587 
64 0.0146208 
64.1 0.0145831 
64.2 0.0145455 
64.3 0.014508 
64.4 0.0144705 
64.5 0.0144332 
64.6 0.0143959 
64.7 0.0143587 
64.8 0.0143217 
64.9 0.0142849 
65 0.0142483 
65.1 0.0142121 
65.2 0.0141761 
65.3 0.0141406 
65.4 0.0141056 
65.5 0.014071 
65.6 0.0140368 
65.7 0.0140032 
65.8 0.0139701 
65.9 0.0139375 
66 0.0139054 
66.1 0.0138736 
66.2 0.0138422 
66.3 0.0138111 
66.4 0.0137802 
66.5 0.0137495 
66.6 0.013719 
66.7 0.0136885 
66.8 0.013658 
66.9 0.0136276 
67 0.0135971 
67.1 0.0135666 
67.2 0.0135361 
67.3 0.0135057 
67.4 0.0134753 
67.5 0.0134449 
67.6 0.0134148 
67.7 0.0133848 
67.8 0.0133551 
67.9 0.0133257 
68 0.0132966 
68.1 0.0132679 
68.2 0.0132396 
68.3 0.0132118 
68.4 0.0131843 
68.5 0.0131573 
68.6 0.0131307 
68.7 0.0131044 
68.8 0.0130784 
68.9 0.0130527 
69 0.0130272 
69.1 0.0130018 
69.2 0.0129765 
69.3 0.0129513 
69.4 0.012926 
69.5 0.0129007 
69.6 0.0128753 
69.7 0.0128499 
69.8 0.0128243 
69.9 0.0127987 
70 0.0127731 
70.1 0.0127475 
70.2 0.0127219 
70.3 0.0126965 
70.4 0.0126711 
70.5 0.012646 
70.6 0.012621 
70.7 0.0125964 
70.8 0.012572 
70.9 0.012548 
71 0.0125243 
71.1 0.012501 
71.2 0.012478 
71.3 0.0124552 
71.4 0.0124328 
71.5 0.0124106 
71.6 0.0123885 
71.7 0.0123666 
71.8 0.0123448 
71.9 0.012323 
72 0.0123012 
72.1 0.0122793 
72.2 0.0122574 
72.3 0.0122353 
72.4 0.0122132 
72.5 0.0121909 
72.6 0.0121685 
72.7 0.0121461 
72.8 0.0121236 
72.9 0.0121011 
73 0.0120786 
73.1 0.0120561 
73.2 0.0120338 
73.3 0.0120117 
73.4 0.0119897 
73.5 0.0119679 
73.6 0.0119464 
73.7 0.0119251 
73.8 0.0119041 
73.9 0.0118833 
74 0.0118627 
74.1 0.0118424 
74.2 0.0118222 
74.3 0.0118021 
74.4 0.0117822 
74.5 0.0117623 
74.6 0.0117424 
74.7 0.0117224 
74.8 0.0117025 
74.9 0.0116824 
75 0.0116622 
75.1 0.0116419 
75.2 0.0116214 
75.3 0.0116008 
75.4 0.0115801 
75.5 0.0115593 
75.6 0.0115385 
75.7 0.0115176 
75.8 0.0114967 
75.9 0.0114758 
76 0.0114549 
76.1 0.0114342 
76.2 0.0114136 
76.3 0.0113931 
76.4 0.0113728 
76.5 0.0113526 
76.6 0.0113327 
76.7 0.0113129 
76.8 0.0112932 
76.9 0.0112737 
77 0.0112542 
77.1 0.0112349 
77.2 0.0112156 
77.3 0.0111963 
77.4 0.0111769 
77.5 0.0111575 
77.6 0.0111381 
77.7 0.0111185 
77.8 0.0110988 
77.9 0.011079 
78 0.011059 
78.1 0.0110389 
78.2 0.0110187 
78.3 0.0109983 
78.4 0.0109779 
78.5 0.0109574 
78.6 0.0109368 
78.7 0.0109162 
78.8 0.0108957 
78.9 0.0108751 
79 0.0108546 
79.1 0.0108342 
79.2 0.0108139 
79.3 0.0107937 
79.4 0.0107735 
79.5 0.0107535 
79.6 0.0107335 
79.7 0.0107137 
79.8 0.0106939 
79.9 0.0106741 
80 0.0106543 
80.1 0.0106345 
80.2 0.0106147 
80.3 0.0105949 
80.4 0.0105749 
80.5 0.0105549 
80.6 0.0105347 
80.7 0.0105144 
80.8 0.010494 
80.9 0.0104734 
81 0.0104528 
81.1 0.010432 
81.2 0.010411 
81.3 0.01039 
81.4 0.0103689 
81.5 0.0103478 
81.6 0.0103266 
81.7 0.0103053 
81.8 0.0102841 
81.9 0.0102629 
82 0.0102417 
82.1 0.0102205 
82.2 0.0101994 
82.3 0.0101783 
82.4 0.0101573 
82.5 0.0101363 
82.6 0.0101153 
82.7 0.0100944 
82.8 0.0100734 
82.9 0.0100524 
83 0.0100314 
83.1 0.0100103 
83.2 0.00998918 
83.3 0.00996796 
83.4 0.00994665 
83.5 0.00992523 
83.6 0.00990369 
83.7 0.00988204 
83.8 0.00986027 
83.9 0.00983838 
84 0.00981637 
84.1 0.00979426 
84.2 0.00977205 
84.3 0.00974976 
84.4 0.00972739 
84.5 0.00970496 
84.6 0.00968248 
84.7 0.00965996 
84.8 0.00963742 
84.9 0.00961487 
85 0.0095923 
85.1 0.00956973 
85.2 0.00954717 
85.3 0.0095246 
85.4 0.00950203 
85.5 0.00947945 
85.6 0.00945686 
85.7 0.00943425 
85.8 0.00941161 
85.9 0.00938893 
86 0.0093662 
86.1 0.00934341 
86.2 0.00932055 
86.3 0.00929761 
86.4 0.00927458 
86.5 0.00925146 
86.6 0.00922825 
86.7 0.00920493 
86.8 0.00918152 
86.9 0.00915801 
87 0.00913441 
87.1 0.00911072 
87.2 0.00908694 
87.3 0.00906309 
87.4 0.00903917 
87.5 0.00901519 
87.6 0.00899115 
87.7 0.00896707 
87.8 0.00894295 
87.9 0.0089188 
88 0.00889462 
88.1 0.00887041 
88.2 0.00884617 
88.3 0.00882192 
88.4 0.00879763 
88.5 0.00877332 
88.6 0.00874899 
88.7 0.00872461 
88.8 0.0087002 
88.9 0.00867575 
89 0.00865124 
89.1 0.00862669 
89.2 0.00860207 
89.3 0.0085774 
89.4 0.00855265 
89.5 0.00852784 
89.6 0.00850296 
89.7 0.008478 
89.8 0.00845298 
89.9 0.00842788 
90 0.00840272 
90.1 0.00837749 
90.2 0.0083522 
90.3 0.00832685 
90.4 0.00830145 
90.5 0.008276 
90.6 0.0082505 
90.7 0.00822495 
90.8 0.00819937 
90.9 0.00817375 
91 0.0081481 
91.1 0.00812241 
91.2 0.00809669 
91.3 0.00807094 
91.4 0.00804517 
91.5 0.00801936 
91.6 0.00799352 
91.7 0.00796764 
91.8 0.00794173 
91.9 0.00791579 
92 0.00788981 
92.1 0.00786379 
92.2 0.00783773 
92.3 0.00781163 
92.4 0.00778549 
92.5 0.0077593 
92.6 0.00773308 
92.7 0.00770681 
92.8 0.00768051 
92.9 0.00765416 
93 0.00762779 
93.1 0.00760137 
93.2 0.00757493 
93.3 0.00754845 
93.4 0.00752195 
93.5 0.00749541 
93.6 0.00746886 
93.7 0.00744228 
93.8 0.00741568 
93.9 0.00738906 
94 0.00736242 
94.1 0.00733576 
94.2 0.00730908 
94.3 0.00728238 
94.4 0.00725566 
94.5 0.00722892 
94.6 0.00720216 
94.7 0.00717538 
94.8 0.00714858 
94.9 0.00712175 
95 0.00709491 
95.1 0.00706805 
95.2 0.00704117 
95.3 0.00701426 
95.4 0.00698735 
95.5 0.00696041 
95.6 0.00693347 
95.7 0.00690651 
95.8 0.00687955 
95.9 0.00685258 
96 0.00682561 
96.1 0.00679864 
96.2 0.00677167 
96.3 0.0067447 
96.4 0.00671775 
96.5 0.0066908 
96.6 0.00666386 
96.7 0.00663693 
96.8 0.00661002 
96.9 0.00658312 
97 0.00655623 
97.1 0.00652935 
97.2 0.00650248 
97.3 0.00647563 
97.4 0.00644878 
97.5 0.00642194 
97.6 0.00639511 
97.7 0.00636828 
97.8 0.00634146 
97.9 0.00631465 
98 0.00628784 
98.1 0.00626103 
98.2 0.00623423 
98.3 0.00620743 
98.4 0.00618065 
98.5 0.00615387 
98.6 0.00612711 
98.7 0.00610036 
98.8 0.00607364 
98.9 0.00604693 
99 0.00602026 
99.1 0.00599361 
99.2 0.005967 
99.3 0.00594043 
99.4 0.0059139 
99.5 0.00588741 
99.6 0.00586098 
99.7 0.00583459 
99.8 0.00580826 
99.9 0.00578198 
100 0.00575576 
100.1 0.0057296 
100.2 0.00570349 
100.3 0.00567743 
100.4 0.00565143 
100.5 0.00562549 
100.6 0.0055996 
100.7 0.00557375 
100.8 0.00554796 
100.9 0.00552221 
101 0.00549651 
101.1 0.00547085 
101.2 0.00544524 
101.3 0.00541966 
101.4 0.00539413 
101.5 0.00536864 
101.6 0.0053432 
101.7 0.0053178 
101.8 0.00529245 
101.9 0.00526714 
102 0.0052419 
102.1 0.0052167 
102.2 0.00519157 
102.3 0.00516651 
102.4 0.00514151 
102.5 0.00511659 
102.6 0.00509175 
102.7 0.00506699 
102.8 0.00504231 
102.9 0.00501773 
103 0.00499325 
103.1 0.00496886 
103.2 0.00494457 
103.3 0.00492039 
103.4 0.00489631 
103.5 0.00487233 
103.6 0.00484846 
103.7 0.00482469 
103.8 0.00480103 
103.9 0.00477746 
104 0.004754 
104.1 0.00473064 
104.2 0.00470738 
104.3 0.00468422 
104.4 0.00466114 
104.5 0.00463816 
104.6 0.00461527 
104.7 0.00459248 
104.8 0.00456977 
104.9 0.00454714 
105 0.00452461 
105.1 0.00450217 
105.2 0.00447982 
105.3 0.00445757 
105.4 0.00443541 
105.5 0.00441335 
105.6 0.00439139 
105.7 0.00436955 
105.8 0.00434781 
105.9 0.00432618 
106 0.00430468 
106.1 0.0042833 
106.2 0.00426206 
106.3 0.00424094 
106.4 0.00421996 
106.5 0.00419913 
106.6 0.00417844 
106.7 0.00415789 
106.8 0.0041375 
106.9 0.00411726 
107 0.00409717 
107.1 0.00407724 
107.2 0.00405747 
107.3 0.00403785 
107.4 0.00401838 
107.5 0.00399907 
107.6 0.00397991 
107.7 0.0039609 
107.8 0.00394204 
107.9 0.00392333 
108 0.00390477 
108.1 0.00388635 
108.2 0.00386807 
108.3 0.00384994 
108.4 0.00383195 
108.5 0.0038141 
108.6 0.00379639 
108.7 0.00377883 
108.8 0.0037614 
108.9 0.00374412 
109 0.00372699 
109.1 0.00371 
109.2 0.00369317 
109.3 0.00367649 
109.4 0.00365997 
109.5 0.00364361 
109.6 0.00362742 
109.7 0.0036114 
109.8 0.00359555 
109.9 0.00357988 
110 0.00356439 
110.1 0.00354909 
110.2 0.00353397 
110.3 0.00351905 
110.4 0.00350433 
110.5 0.0034898 
110.6 0.00347547 
110.7 0.00346135 
110.8 0.00344743 
110.9 0.00343371 
111 0.0034202 
111.1 0.0034069 
111.2 0.00339379 
111.3 0.0033809 
111.4 0.0033682 
111.5 0.00335571 
111.6 0.00334341 
111.7 0.00333132 
111.8 0.00331943 
111.9 0.00330773 
112 0.00329623 
112.1 0.00328492 
112.2 0.00327381 
112.3 0.00326289 
112.4 0.00325216 
112.5 0.00324163 
112.6 0.0032313 
112.7 0.00322116 
112.8 0.00321122 
112.9 0.00320147 
113 0.00319193 
113.1 0.00318259 
113.2 0.00317346 
113.3 0.00316454 
113.4 0.00315583 
113.5 0.00314733 
113.6 0.00313905 
113.7 0.003131 
113.8 0.00312317 
113.9 0.00311557 
114 0.0031082 
114.1 0.00310107 
114.2 0.00309417 
114.3 0.00308752 
114.4 0.00308111 
114.5 0.00307494 
114.6 0.00306901 
114.7 0.00306334 
114.8 0.00305791 
114.9 0.00305273 
115 0.00304781 
115.1 0.00304313 
115.2 0.0030387 
115.3 0.00303452 
115.4 0.00303058 
115.5 0.0030269 
115.6 0.00302346 
115.7 0.00302027 
115.8 0.00301732 
115.9 0.00301462 
116 0.00301216 
116.1 0.00300994 
116.2 0.00300797 
116.3 0.00300623 
116.4 0.00300474 
116.5 0.00300349 
116.6 0.00300249 
116.7 0.00300172 
116.8 0.0030012 
116.9 0.00300093 
117 0.0030009 
117.1 0.00300112 
117.2 0.00300159 
117.3 0.0030023 
117.4 0.00300328 
117.5 0.00300451 
117.6 0.00300599 
117.7 0.00300774 
117.8 0.00300975 
117.9 0.00301203 
118 0.00301458 
118.1 0.00301739 
118.2 0.00302048 
118.3 0.00302384 
118.4 0.00302748 
118.5 0.0030314 
118.6 0.00303559 
118.7 0.00304007 
118.8 0.00304483 
118.9 0.00304987 
119 0.0030552 
119.1 0.00306081 
119.2 0.00306671 
119.3 0.00307289 
119.4 0.00307935 
119.5 0.0030861 
119.6 0.00309313 
119.7 0.00310045 
119.8 0.00310805 
119.9 0.00311593 
120 0.00312409 
120.1 0.00313254 
120.2 0.00314126 
120.3 0.00315026 
120.4 0.00315955 
120.5 0.00316911 
120.6 0.00317895 
120.7 0.00318907 
120.8 0.00319947 
120.9 0.00321015 
121 0.00322111 
121.1 0.00323235 
121.2 0.00324386 
121.3 0.00325566 
121.4 0.00326774 
121.5 0.00328011 
121.6 0.00329275 
121.7 0.00330569 
121.8 0.00331891 
121.9 0.00333241 
122 0.00334621 
122.1 0.0033603 
122.2 0.00337468 
122.3 0.00338935 
122.4 0.00340432 
122.5 0.00341959 
122.6 0.00343515 
122.7 0.00345102 
122.8 0.00346718 
122.9 0.00348364 
123 0.00350041 
123.1 0.00351748 
123.2 0.00353485 
123.3 0.00355253 
123.4 0.00357051 
123.5 0.0035888 
123.6 0.00360739 
123.7 0.00362629 
123.8 0.00364549 
123.9 0.00366499 
124 0.0036848 
124.1 0.00370491 
124.2 0.00372533 
124.3 0.00374605 
124.4 0.00376707 
124.5 0.00378839 
124.6 0.00381001 
124.7 0.00383193 
124.8 0.00385416 
124.9 0.00387668 
125 0.0038995 
125.1 0.00392262 
125.2 0.00394604 
125.3 0.00396975 
125.4 0.00399377 
125.5 0.00401808 
125.6 0.00404269 
125.7 0.00406759 
125.8 0.0040928 
125.9 0.0041183 
126 0.0041441 
126.1 0.00417019 
126.2 0.00419659 
126.3 0.00422328 
126.4 0.00425028 
126.5 0.00427757 
126.6 0.00430517 
126.7 0.00433306 
126.8 0.00436126 
126.9 0.00438975 
127 0.00441855 
127.1 0.00444766 
127.2 0.00447706 
127.3 0.00450677 
127.4 0.00453679 
127.5 0.0045671 
127.6 0.00459773 
127.7 0.00462865 
127.8 0.00465988 
127.9 0.00469142 
128 0.00472326 
128.1 0.0047554 
128.2 0.00478785 
128.3 0.00482061 
128.4 0.00485366 
128.5 0.00488702 
128.6 0.00492069 
128.7 0.00495465 
128.8 0.00498892 
128.9 0.00502349 
129 0.00505836 
129.1 0.00509353 
129.2 0.00512899 
129.3 0.00516476 
129.4 0.00520082 
129.5 0.00523719 
129.6 0.00527384 
129.7 0.0053108 
129.8 0.00534805 
129.9 0.00538559 
130 0.00542342 
130.1 0.00546155 
130.2 0.00549997 
130.3 0.00553868 
130.4 0.00557769 
130.5 0.00561698 
130.6 0.00565656 
130.7 0.00569644 
130.8 0.0057366 
130.9 0.00577705 
131 0.00581778 
131.1 0.00585881 
131.2 0.00590012 
131.3 0.00594172 
131.4 0.0059836 
131.5 0.00602577 
131.6 0.00606823 
131.7 0.00611097 
131.8 0.006154 
131.9 0.00619731 
132 0.0062409 
132.1 0.00628478 
132.2 0.00632895 
132.3 0.00637339 
132.4 0.00641812 
132.5 0.00646313 
132.6 0.00650842 
132.7 0.00655399 
132.8 0.00659984 
132.9 0.00664597 
133 0.00669238 
133.1 0.00673907 
133.2 0.00678603 
133.3 0.00683327 
133.4 0.00688079 
133.5 0.00692858 
133.6 0.00697665 
133.7 0.00702499 
133.8 0.00707361 
133.9 0.00712249 
134 0.00717165 
134.1 0.00722107 
134.2 0.00727077 
134.3 0.00732073 
134.4 0.00737096 
134.5 0.00742145 
134.6 0.00747221 
134.7 0.00752323 
134.8 0.00757451 
134.9 0.00762606 
135 0.00767786 
135.1 0.00772992 
135.2 0.00778224 
135.3 0.00783482 
135.4 0.00788766 
135.5 0.00794074 
135.6 0.00799409 
135.7 0.00804768 
135.8 0.00810153 
135.9 0.00815562 
136 0.00820997 
136.1 0.00826456 
136.2 0.0083194 
136.3 0.00837448 
136.4 0.00842981 
136.5 0.00848539 
136.6 0.0085412 
136.7 0.00859726 
136.8 0.00865356 
136.9 0.0087101 
137 0.00876687 
137.1 0.00882389 
137.2 0.00888114 
137.3 0.00893862 
137.4 0.00899634 
137.5 0.00905429 
137.6 0.00911247 
137.7 0.00917088 
137.8 0.00922952 
137.9 0.00928839 
138 0.00934749 
138.1 0.00940681 
138.2 0.00946636 
138.3 0.00952613 
138.4 0.00958612 
138.5 0.00964633 
138.6 0.00970676 
138.7 0.00976741 
138.8 0.00982827 
138.9 0.00988935 
139 0.00995064 
139.1 0.0100122 
139.2 0.0100739 
139.3 0.0101358 
139.4 0.0101979 
139.5 0.0102603 
139.6 0.0103228 
139.7 0.0103856 
139.8 0.0104485 
139.9 0.0105117 
140 0.010575 
140.1 0.0106386 
140.2 0.0107023 
140.3 0.0107663 
140.4 0.0108304 
140.5 0.0108947 
140.6 0.0109593 
140.7 0.011024 
140.8 0.0110889 
140.9 0.0111539 
141 0.0112192 
141.1 0.0112847 
141.2 0.0113503 
141.3 0.0114161 
141.4 0.0114821 
141.5 0.0115482 
141.6 0.0116146 
141.7 0.0116811 
141.8 0.0117478 
141.9 0.0118146 
142 0.0118816 
142.1 0.0119488 
142.2 0.0120162 
142.3 0.0120837 
142.4 0.0121514 
142.5 0.0122192 
142.6 0.0122872 
142.7 0.0123554 
142.8 0.0124237 
142.9 0.0124921 
143 0.0125607 
143.1 0.0126295 
143.2 0.0126984 
143.3 0.0127675 
143.4 0.0128367 
143.5 0.012906 
143.6 0.0129755 
143.7 0.0130451 
143.8 0.0131149 
143.9 0.0131848 
144 0.0132549 
144.1 0.013325 
144.2 0.0133953 
144.3 0.0134658 
144.4 0.0135363 
144.5 0.013607 
144.6 0.0136778 
144.7 0.0137488 
144.8 0.0138198 
144.9 0.013891 
145 0.0139623 
145.1 0.0140337 
145.2 0.0141052 
145.3 0.0141768 
145.4 0.0142486 
145.5 0.0143204 
145.6 0.0143924 
145.7 0.0144644 
145.8 0.0145366 
145.9 0.0146089 
146 0.0146812 
146.1 0.0147537 
146.2 0.0148262 
146.3 0.0148988 
146.4 0.0149716 
146.5 0.0150444 
146.6 0.0151173 
146.7 0.0151903 
146.8 0.0152634 
146.9 0.0153365 
147 0.0154097 
147.1 0.0154831 
147.2 0.0155564 
147.3 0.0156299 
147.4 0.0157034 
147.5 0.015777 
147.6 0.0158507 
147.7 0.0159244 
147.8 0.0159982 
147.9 0.0160721 
148 0.016146 
148.1 0.01622 
148.2 0.016294 
148.3 0.0163681 
148.4 0.0164422 
148.5 0.0165164 
148.6 0.0165906 
148.7 0.0166649 
148.8 0.0167392 
148.9 0.0168136 
149 0.016888 
149.1 0.0169624 
149.2 0.0170369 
149.3 0.0171114 
149.4 0.017186 
149.5 0.0172605 
149.6 0.0173351 
149.7 0.0174098 
149.8 0.0174844 
149.9 0.0175591 
150 0.0176338 
150.1 0.0177085 
150.2 0.0177832 
150.3 0.0178579 
150.4 0.0179327 
150.5 0.0180075 
150.6 0.0180822 
150.7 0.018157 
150.8 0.0182318 
150.9 0.0183065 
151 0.0183813 
151.1 0.0184561 
151.2 0.0185308 
151.3 0.0186056 
151.4 0.0186804 
151.5 0.0187551 
151.6 0.0188298 
151.7 0.0189045 
151.8 0.0189792 
151.9 0.0190539 
152 0.0191286 
152.1 0.0192032 
152.2 0.0192778 
152.3 0.0193524 
152.4 0.0194269 
152.5 0.0195014 
152.6 0.0195759 
152.7 0.0196503 
152.8 0.0197247 
152.9 0.0197991 
153 0.0198734 
153.1 0.0199477 
153.2 0.0200219 
153.3 0.0200961 
153.4 0.0201703 
153.5 0.0202443 
153.6 0.0203184 
153.7 0.0203923 
153.8 0.0204662 
153.9 0.0205401 
154 0.0206138 
154.1 0.0206876 
154.2 0.0207612 
154.3 0.0208348 
154.4 0.0209083 
154.5 0.0209817 
154.6 0.0210551 
154.7 0.0211284 
154.8 0.0212016 
154.9 0.0212747 
155 0.0213477 
155.1 0.0214206 
155.2 0.0214935 
155.3 0.0215663 
155.4 0.0216389 
155.5 0.0217115 
155.6 0.021784 
155.7 0.0218564 
155.8 0.0219287 
155.9 0.0220008 
156 0.0220729 
156.1 0.0221449 
156.2 0.0222167 
156.3 0.0222885 
156.4 0.0223601 
156.5 0.0224316 
156.6 0.022503 
156.7 0.0225743 
156.8 0.0226455 
156.9 0.0227165 
157 0.0227874 
157.1 0.0228582 
157.2 0.0229288 
157.3 0.0229994 
157.4 0.0230697 
157.5 0.02314 
157.6 0.0232101 
157.7 0.0232801 
157.8 0.0233499 
157.9 0.0234196 
158 0.0234891 
158.1 0.0235585 
158.2 0.0236278 
158.3 0.0236969 
158.4 0.0237658 
158.5 0.0238346 
158.6 0.0239032 
158.7 0.0239717 
158.8 0.02404 
158.9 0.0241081 
159 0.0241761 
159.1 0.0242439 
159.2 0.0243115 
159.3 0.024379 
159.4 0.0244463 
159.5 0.0245134 
159.6 0.0245803 
159.7 0.0246471 
159.8 0.0247137 
159.9 0.0247801 
160 0.0248463 
160.1 0.0249123 
160.2 0.0249781 
160.3 0.0250437 
160.4 0.0251092 
160.5 0.0251744 
160.6 0.0252395 
160.7 0.0253044 
160.8 0.025369 
160.9 0.0254335 
161 0.0254977 
161.1 0.0255617 
161.2 0.0256256 
161.3 0.0256892 
161.4 0.0257526 
161.5 0.0258158 
161.6 0.0258788 
161.7 0.0259415 
161.8 0.0260041 
161.9 0.0260664 
162 0.0261285 
162.1 0.0261904 
162.2 0.026252 
162.3 0.0263134 
162.4 0.0263746 
162.5 0.0264356 
162.6 0.0264963 
162.7 0.0265568 
162.8 0.026617 
162.9 0.026677 
163 0.0267368 
163.1 0.0267963 
163.2 0.0268556 
163.3 0.0269146 
163.4 0.0269734 
163.5 0.0270319 
163.6 0.0270902 
163.7 0.0271482 
163.8 0.027206 
163.9 0.0272635 
164 0.0273208 
164.1 0.0273778 
164.2 0.0274345 
164.3 0.027491 
164.4 0.0275472 
164.5 0.0276031 
164.6 0.0276588 
164.7 0.0277142 
164.8 0.0277693 
164.9 0.0278241 
165 0.0278787 
165.1 0.027933 
165.2 0.027987 
165.3 0.0280408 
165.4 0.0280942 
165.5 0.0281474 
165.6 0.0282003 
165.7 0.0282529 
165.8 0.0283052 
165.9 0.0283572 
166 0.0284089 
166.1 0.0284604 
166.2 0.0285115 
166.3 0.0285624 
166.4 0.0286129 
166.5 0.0286632 
166.6 0.0287131 
166.7 0.0287628 
166.8 0.0288121 
166.9 0.0288612 
167 0.0289099 
167.1 0.0289583 
167.2 0.0290064 
167.3 0.0290542 
167.4 0.0291017 
167.5 0.0291489 
167.6 0.0291958 
167.7 0.0292423 
167.8 0.0292886 
167.9 0.0293345 
168 0.0293801 
168.1 0.0294253 
168.2 0.0294703 
168.3 0.0295149 
168.4 0.0295592 
168.5 0.0296031 
168.6 0.0296468 
168.7 0.0296901 
168.8 0.0297331 
168.9 0.0297757 
169 0.029818 
169.1 0.02986 
169.2 0.0299016 
169.3 0.0299429 
169.4 0.0299839 
169.5 0.0300245 
169.6 0.0300648 
169.7 0.0301047 
169.8 0.0301443 
169.9 0.0301836 
170 0.0302225 
170.1 0.030261 
170.2 0.0302992 
170.3 0.0303371 
170.4 0.0303746 
170.5 0.0304117 
170.6 0.0304485 
170.7 0.030485 
170.8 0.0305211 
170.9 0.0305568 
171 0.0305922 
171.1 0.0306272 
171.2 0.0306619 
171.3 0.0306962 
171.4 0.0307301 
171.5 0.0307637 
171.6 0.0307969 
171.7 0.0308297 
171.8 0.0308622 
171.9 0.0308943 
172 0.0309261 
172.1 0.0309574 
172.2 0.0309885 
172.3 0.0310191 
172.4 0.0310494 
172.5 0.0310792 
172.6 0.0311088 
172.7 0.0311379 
172.8 0.0311667 
172.9 0.0311951 
173 0.0312231 
173.1 0.0312507 
173.2 0.031278 
173.3 0.0313049 
173.4 0.0313314 
173.5 0.0313575 
173.6 0.0313832 
173.7 0.0314086 
173.8 0.0314336 
173.9 0.0314582 
174 0.0314824 
174.1 0.0315062 
174.2 0.0315296 
174.3 0.0315527 
174.4 0.0315753 
174.5 0.0315976 
174.6 0.0316195 
174.7 0.031641 
174.8 0.0316621 
174.9 0.0316828 
175 0.0317031 
175.1 0.031723 
175.2 0.0317425 
175.3 0.0317617 
175.4 0.0317804 
175.5 0.0317988 
175.6 0.0318167 
175.7 0.0318343 
175.8 0.0318515 
175.9 0.0318682 
176 0.0318846 
176.1 0.0319006 
176.2 0.0319161 
176.3 0.0319313 
176.4 0.0319461 
176.5 0.0319605 
176.6 0.0319745 
176.7 0.031988 
176.8 0.0320012 
176.9 0.032014 
177 0.0320264 
177.1 0.0320383 
177.2 0.0320499 
177.3 0.0320611 
177.4 0.0320718 
177.5 0.0320822 
177.6 0.0320921 
177.7 0.0321017 
177.8 0.0321108 
177.9 0.0321196 
178 0.0321279 
178.1 0.0321358 
178.2 0.0321434 
178.3 0.0321505 
178.4 0.0321572 
178.5 0.0321635 
178.6 0.0321694 
178.7 0.0321749 
178.8 0.03218 
178.9 0.0321847 
179 0.032189 
179.1 0.0321928 
179.2 0.0321963 
179.3 0.0321994 
179.4 0.032202 
179.5 0.0322043 
179.6 0.0322061 
179.7 0.0322075 
179.8 0.0322085 
