0.1 92.1674 
0.2 92.0248 
0.3 91.7877 
0.4 91.4571 
0.5 91.0343 
0.6 90.5209 
0.7 89.9189 
0.8 89.2306 
0.9 88.4587 
1 87.606 
1.1 86.6758 
1.2 85.6715 
1.3 84.5968 
1.4 83.4555 
1.5 82.2517 
1.6 80.9896 
1.7 79.6735 
1.8 78.3078 
1.9 76.897 
2 75.4457 
2.1 73.9583 
2.2 72.4394 
2.3 70.8935 
2.4 69.325 
2.5 67.7384 
2.6 66.1378 
2.7 64.5274 
2.8 62.9111 
2.9 61.2929 
3 59.6765 
3.1 58.0652 
3.2 56.4625 
3.3 54.8714 
3.4 53.2949 
3.5 51.7356 
3.6 50.196 
3.7 48.6784 
3.8 47.1849 
3.9 45.7173 
4 44.2772 
4.1 42.8662 
4.2 41.4853 
4.3 40.1358 
4.4 38.8184 
4.5 37.5338 
4.6 36.2826 
4.7 35.0652 
4.8 33.8818 
4.9 32.7325 
5 31.6172 
5.1 30.5359 
5.2 29.4882 
5.3 28.4738 
5.4 27.4924 
5.5 26.5434 
5.6 25.6262 
5.7 24.7403 
5.8 23.8849 
5.9 23.0594 
6 22.2631 
6.1 21.4951 
6.2 20.7547 
6.3 20.0411 
6.4 19.3535 
6.5 18.6911 
6.6 18.0531 
6.7 17.4387 
6.8 16.8471 
6.9 16.2776 
7 15.7292 
7.1 15.2015 
7.2 14.6934 
7.3 14.2045 
7.4 13.7339 
7.5 13.281 
7.6 12.8451 
7.7 12.4256 
7.8 12.0219 
7.9 11.6333 
8 11.2594 
8.1 10.8995 
8.2 10.553 
8.3 10.2196 
8.4 9.89865 
8.5 9.58968 
8.6 9.29225 
8.7 9.00589 
8.8 8.73018 
8.9 8.46468 
9 8.20901 
9.1 7.96277 
9.2 7.72559 
9.3 7.4971 
9.4 7.27696 
9.5 7.06483 
9.6 6.86038 
9.7 6.6633 
9.8 6.4733 
9.9 6.29009 
10 6.11338 
10.1 5.94292 
10.2 5.77844 
10.3 5.6197 
10.4 5.46647 
10.5 5.31851 
10.6 5.17562 
10.7 5.03759 
10.8 4.90421 
10.9 4.7753 
11 4.65068 
11.1 4.53018 
11.2 4.41363 
11.3 4.30088 
11.4 4.19177 
11.5 4.08617 
11.6 3.98393 
11.7 3.88494 
11.8 3.78906 
11.9 3.69618 
12 3.60619 
12.1 3.51898 
12.2 3.43445 
12.3 3.3525 
12.4 3.27304 
12.5 3.19598 
12.6 3.12123 
12.7 3.04872 
12.8 2.97835 
12.9 2.91007 
13 2.84379 
13.1 2.77944 
13.2 2.71697 
13.3 2.65629 
13.4 2.59736 
13.5 2.54011 
13.6 2.48448 
13.7 2.43042 
13.8 2.37787 
13.9 2.32677 
14 2.27709 
14.1 2.22877 
14.2 2.18176 
14.3 2.13602 
14.4 2.0915 
14.5 2.04817 
14.6 2.00598 
14.7 1.96489 
14.8 1.92487 
14.9 1.88589 
15 1.8479 
15.1 1.81088 
15.2 1.77479 
15.3 1.73962 
15.4 1.70532 
15.5 1.67187 
15.6 1.63925 
15.7 1.60744 
15.8 1.5764 
15.9 1.54612 
16 1.51658 
16.1 1.48775 
16.2 1.45962 
16.3 1.43218 
16.4 1.40539 
16.5 1.37925 
16.6 1.35374 
16.7 1.32883 
16.8 1.30453 
16.9 1.28081 
17 1.25766 
17.1 1.23505 
17.2 1.21299 
17.3 1.19146 
17.4 1.17043 
17.5 1.14991 
17.6 1.12987 
17.7 1.1103 
17.8 1.09119 
17.9 1.07253 
18 1.05431 
18.1 1.0365 
18.2 1.01911 
18.3 1.00212 
18.4 0.985518 
18.5 0.969292 
18.6 0.953432 
18.7 0.937927 
18.8 0.922768 
18.9 0.907944 
19 0.893446 
19.1 0.879264 
19.2 0.86539 
19.3 0.851814 
19.4 0.83853 
19.5 0.825529 
19.6 0.812803 
19.7 0.800345 
19.8 0.78815 
19.9 0.776209 
20 0.764518 
20.1 0.75307 
20.2 0.74186 
20.3 0.730882 
20.4 0.720132 
20.5 0.709604 
20.6 0.699295 
20.7 0.689199 
20.8 0.679313 
20.9 0.669632 
21 0.660152 
21.1 0.650869 
21.2 0.64178 
21.3 0.63288 
21.4 0.624166 
21.5 0.615634 
21.6 0.60728 
21.7 0.5991 
21.8 0.591091 
21.9 0.583249 
22 0.575569 
22.1 0.56805 
22.2 0.560685 
22.3 0.553473 
22.4 0.546409 
22.5 0.539489 
22.6 0.53271 
22.7 0.526067 
22.8 0.519559 
22.9 0.51318 
23 0.506927 
23.1 0.500798 
23.2 0.494788 
23.3 0.488895 
23.4 0.483115 
23.5 0.477445 
23.6 0.471883 
23.7 0.466425 
23.8 0.461069 
23.9 0.455813 
24 0.450654 
24.1 0.445589 
24.2 0.440617 
24.3 0.435735 
24.4 0.430941 
24.5 0.426235 
24.6 0.421612 
24.7 0.417073 
24.8 0.412616 
24.9 0.408238 
25 0.403939 
25.1 0.399716 
25.2 0.39557 
25.3 0.391497 
25.4 0.387497 
25.5 0.38357 
25.6 0.379712 
25.7 0.375924 
25.8 0.372203 
25.9 0.368549 
26 0.36496 
26.1 0.361435 
26.2 0.357973 
26.3 0.354573 
26.4 0.351232 
26.5 0.347951 
26.6 0.344727 
26.7 0.341559 
26.8 0.338446 
26.9 0.335387 
27 0.332381 
27.1 0.329426 
27.2 0.32652 
27.3 0.323664 
27.4 0.320854 
27.5 0.318092 
27.6 0.315374 
27.7 0.312701 
27.8 0.31007 
27.9 0.307482 
28 0.304934 
28.1 0.302427 
28.2 0.299959 
28.3 0.297529 
28.4 0.295136 
28.5 0.29278 
28.6 0.29046 
28.7 0.288175 
28.8 0.285925 
28.9 0.283708 
29 0.281525 
29.1 0.279374 
29.2 0.277255 
29.3 0.275167 
29.4 0.27311 
29.5 0.271083 
29.6 0.269086 
29.7 0.267118 
29.8 0.265179 
29.9 0.263267 
30 0.261384 
30.1 0.259527 
30.2 0.257697 
30.3 0.255892 
30.4 0.254113 
30.5 0.252359 
30.6 0.250629 
30.7 0.248923 
30.8 0.247241 
30.9 0.245581 
31 0.243943 
31.1 0.242327 
31.2 0.240732 
31.3 0.239158 
31.4 0.237605 
31.5 0.236071 
31.6 0.234556 
31.7 0.23306 
31.8 0.231582 
31.9 0.230123 
32 0.228681 
32.1 0.227256 
32.2 0.225848 
32.3 0.224457 
32.4 0.223082 
32.5 0.221723 
32.6 0.22038 
32.7 0.219051 
32.8 0.217738 
32.9 0.21644 
33 0.215156 
33.1 0.213886 
33.2 0.212631 
33.3 0.211389 
33.4 0.210161 
33.5 0.208946 
33.6 0.207744 
33.7 0.206555 
33.8 0.205379 
33.9 0.204215 
34 0.203063 
34.1 0.201923 
34.2 0.200795 
34.3 0.199678 
34.4 0.198572 
34.5 0.197477 
34.6 0.196392 
34.7 0.195318 
34.8 0.194253 
34.9 0.193198 
35 0.192153 
35.1 0.191116 
35.2 0.190089 
35.3 0.18907 
35.4 0.188059 
35.5 0.187056 
35.6 0.186061 
35.7 0.185073 
35.8 0.184093 
35.9 0.183119 
36 0.182153 
36.1 0.181193 
36.2 0.18024 
36.3 0.179293 
36.4 0.178352 
36.5 0.177417 
36.6 0.176488 
36.7 0.175565 
36.8 0.174648 
36.9 0.173736 
37 0.17283 
37.1 0.171929 
37.2 0.171034 
37.3 0.170144 
37.4 0.169259 
37.5 0.16838 
37.6 0.167506 
37.7 0.166636 
37.8 0.165772 
37.9 0.164913 
38 0.164059 
38.1 0.16321 
38.2 0.162365 
38.3 0.161525 
38.4 0.16069 
38.5 0.159859 
38.6 0.159032 
38.7 0.15821 
38.8 0.157391 
38.9 0.156577 
39 0.155766 
39.1 0.154959 
39.2 0.154156 
39.3 0.153356 
39.4 0.152559 
39.5 0.151765 
39.6 0.150974 
39.7 0.150185 
39.8 0.149399 
39.9 0.148616 
40 0.147834 
40.1 0.147055 
40.2 0.146278 
40.3 0.145503 
40.4 0.144729 
40.5 0.143958 
40.6 0.143187 
40.7 0.142419 
40.8 0.141652 
40.9 0.140886 
41 0.140121 
41.1 0.139358 
41.2 0.138597 
41.3 0.137836 
41.4 0.137077 
41.5 0.136319 
41.6 0.135563 
41.7 0.134808 
41.8 0.134055 
41.9 0.133302 
42 0.132552 
42.1 0.131802 
42.2 0.131055 
42.3 0.130308 
42.4 0.129563 
42.5 0.12882 
42.6 0.128079 
42.7 0.127338 
42.8 0.1266 
42.9 0.125863 
43 0.125127 
43.1 0.124393 
43.2 0.12366 
43.3 0.122929 
43.4 0.1222 
43.5 0.121471 
43.6 0.120744 
43.7 0.120018 
43.8 0.119293 
43.9 0.11857 
44 0.117847 
44.1 0.117126 
44.2 0.116405 
44.3 0.115685 
44.4 0.114966 
44.5 0.114248 
44.6 0.113531 
44.7 0.112814 
44.8 0.112098 
44.9 0.111382 
45 0.110667 
45.1 0.109953 
45.2 0.109239 
45.3 0.108526 
45.4 0.107813 
45.5 0.107101 
45.6 0.106389 
45.7 0.105678 
45.8 0.104967 
45.9 0.104257 
46 0.103548 
46.1 0.102839 
46.2 0.102131 
46.3 0.101425 
46.4 0.100719 
46.5 0.100013 
46.6 0.0993094 
46.7 0.0986064 
46.8 0.0979045 
46.9 0.0972039 
47 0.0965044 
47.1 0.0958063 
47.2 0.0951095 
47.3 0.0944141 
47.4 0.0937202 
47.5 0.0930278 
47.6 0.0923369 
47.7 0.0916475 
47.8 0.0909598 
47.9 0.0902737 
48 0.0895892 
48.1 0.0889064 
48.2 0.0882252 
48.3 0.0875458 
48.4 0.086868 
48.5 0.086192 
48.6 0.0855177 
48.7 0.0848451 
48.8 0.0841743 
48.9 0.0835052 
49 0.0828378 
49.1 0.0821722 
49.2 0.0815084 
49.3 0.0808464 
49.4 0.0801862 
49.5 0.0795277 
49.6 0.0788711 
49.7 0.0782164 
49.8 0.0775636 
49.9 0.0769127 
50 0.0762637 
50.1 0.0756167 
50.2 0.0749718 
50.3 0.074329 
50.4 0.0736882 
50.5 0.0730497 
50.6 0.0724134 
50.7 0.0717795 
50.8 0.0711478 
50.9 0.0705186 
51 0.0698919 
51.1 0.0692678 
51.2 0.0686462 
51.3 0.0680274 
51.4 0.0674113 
51.5 0.066798 
51.6 0.0661876 
51.7 0.0655801 
51.8 0.0649757 
51.9 0.0643743 
52 0.063776 
52.1 0.063181 
52.2 0.0625891 
52.3 0.0620006 
52.4 0.0614154 
52.5 0.0608336 
52.6 0.0602553 
52.7 0.0596805 
52.8 0.0591092 
52.9 0.0585414 
53 0.0579773 
53.1 0.0574169 
53.2 0.0568601 
53.3 0.0563071 
53.4 0.0557578 
53.5 0.0552123 
53.6 0.0546707 
53.7 0.0541329 
53.8 0.0535991 
53.9 0.0530692 
54 0.0525433 
54.1 0.0520213 
54.2 0.0515035 
54.3 0.0509897 
54.4 0.0504801 
54.5 0.0499747 
54.6 0.0494734 
54.7 0.0489764 
54.8 0.0484837 
54.9 0.0479954 
55 0.0475115 
55.1 0.0470319 
55.2 0.0465569 
55.3 0.0460864 
55.4 0.0456205 
55.5 0.0451592 
55.6 0.0447025 
55.7 0.0442506 
55.8 0.0438034 
55.9 0.0433611 
56 0.0429236 
56.1 0.042491 
56.2 0.0420634 
56.3 0.0416407 
56.4 0.0412231 
56.5 0.0408105 
56.6 0.0404031 
56.7 0.0400008 
56.8 0.0396037 
56.9 0.0392119 
57 0.0388253 
57.1 0.0384439 
57.2 0.0380679 
57.3 0.0376973 
57.4 0.037332 
57.5 0.0369722 
57.6 0.0366178 
57.7 0.0362689 
57.8 0.0359254 
57.9 0.0355875 
58 0.0352551 
58.1 0.0349283 
58.2 0.034607 
58.3 0.0342914 
58.4 0.0339814 
58.5 0.033677 
58.6 0.0333784 
58.7 0.0330854 
58.8 0.0327981 
58.9 0.0325166 
59 0.0322408 
59.1 0.0319707 
59.2 0.0317065 
59.3 0.0314481 
59.4 0.0311955 
59.5 0.0309488 
59.6 0.0307079 
59.7 0.0304729 
59.8 0.0302439 
59.9 0.0300207 
60 0.0298034 
60.1 0.0295921 
60.2 0.0293868 
60.3 0.0291874 
60.4 0.028994 
60.5 0.0288066 
60.6 0.0286252 
60.7 0.0284498 
60.8 0.0282803 
60.9 0.0281169 
61 0.0279596 
61.1 0.0278082 
61.2 0.0276628 
61.3 0.0275235 
61.4 0.0273901 
61.5 0.0272628 
61.6 0.0271414 
61.7 0.0270261 
61.8 0.0269167 
61.9 0.0268132 
62 0.0267158 
62.1 0.0266243 
62.2 0.0265387 
62.3 0.026459 
62.4 0.0263852 
62.5 0.0263173 
62.6 0.0262553 
62.7 0.0261992 
62.8 0.0261488 
62.9 0.0261043 
63 0.0260656 
63.1 0.0260326 
63.2 0.0260054 
63.3 0.025984 
63.4 0.0259682 
63.5 0.0259582 
63.6 0.0259538 
63.7 0.0259551 
63.8 0.025962 
63.9 0.0259745 
64 0.0259926 
64.1 0.0260163 
64.2 0.0260455 
64.3 0.0260802 
64.4 0.0261205 
64.5 0.0261661 
64.6 0.0262172 
64.7 0.0262737 
64.8 0.0263356 
64.9 0.0264028 
65 0.0264753 
65.1 0.0265531 
65.2 0.0266362 
65.3 0.0267244 
65.4 0.0268178 
65.5 0.0269164 
65.6 0.02702 
65.7 0.0271287 
65.8 0.0272423 
65.9 0.0273609 
66 0.0274845 
66.1 0.0276129 
66.2 0.0277461 
66.3 0.027884 
66.4 0.0280267 
66.5 0.028174 
66.6 0.0283259 
66.7 0.0284824 
66.8 0.0286434 
66.9 0.0288087 
67 0.0289785 
67.1 0.0291525 
67.2 0.0293308 
67.3 0.0295133 
67.4 0.0297 
67.5 0.0298907 
67.6 0.0300853 
67.7 0.030284 
67.8 0.0304865 
67.9 0.0306928 
68 0.0309029 
68.1 0.0311167 
68.2 0.0313341 
68.3 0.0315551 
68.4 0.0317795 
68.5 0.0320074 
68.6 0.0322387 
68.7 0.0324733 
68.8 0.0327111 
68.9 0.0329521 
69 0.0331962 
69.1 0.0334433 
69.2 0.0336935 
69.3 0.0339465 
69.4 0.0342024 
69.5 0.0344611 
69.6 0.0347225 
69.7 0.0349866 
69.8 0.0352533 
69.9 0.0355224 
70 0.035794 
70.1 0.036068 
70.2 0.0363443 
70.3 0.0366228 
70.4 0.0369035 
70.5 0.0371862 
70.6 0.037471 
70.7 0.0377577 
70.8 0.0380462 
70.9 0.0383366 
71 0.0386286 
71.1 0.0389223 
71.2 0.0392175 
71.3 0.0395142 
71.4 0.0398123 
71.5 0.0401117 
71.6 0.0404123 
71.7 0.0407141 
71.8 0.0410169 
71.9 0.0413207 
72 0.0416253 
72.1 0.0419308 
72.2 0.0422371 
72.3 0.0425439 
72.4 0.0428513 
72.5 0.0431592 
72.6 0.0434675 
72.7 0.0437761 
72.8 0.0440849 
72.9 0.0443939 
73 0.0447029 
73.1 0.0450119 
73.2 0.0453208 
73.3 0.0456295 
73.4 0.0459379 
73.5 0.0462459 
73.6 0.0465536 
73.7 0.0468607 
73.8 0.0471672 
73.9 0.0474731 
74 0.0477782 
74.1 0.0480824 
74.2 0.0483858 
74.3 0.0486882 
74.4 0.0489895 
74.5 0.0492896 
74.6 0.0495886 
74.7 0.0498862 
74.8 0.0501825 
74.9 0.0504774 
75 0.0507707 
75.1 0.0510624 
75.2 0.0513524 
75.3 0.0516407 
75.4 0.0519272 
75.5 0.0522118 
75.6 0.0524944 
75.7 0.0527749 
75.8 0.0530533 
75.9 0.0533296 
76 0.0536035 
76.1 0.0538752 
76.2 0.0541444 
76.3 0.0544111 
76.4 0.0546752 
76.5 0.0549367 
76.6 0.0551955 
76.7 0.0554516 
76.8 0.0557047 
76.9 0.055955 
77 0.0562022 
77.1 0.0564464 
77.2 0.0566875 
77.3 0.0569253 
77.4 0.0571599 
77.5 0.0573912 
77.6 0.057619 
77.7 0.0578433 
77.8 0.0580641 
77.9 0.0582813 
78 0.0584949 
78.1 0.0587047 
78.2 0.0589107 
78.3 0.0591128 
78.4 0.0593111 
78.5 0.0595053 
78.6 0.0596955 
78.7 0.0598817 
78.8 0.0600636 
78.9 0.0602414 
79 0.0604149 
79.1 0.0605841 
79.2 0.0607489 
79.3 0.0609093 
79.4 0.0610653 
79.5 0.0612167 
79.6 0.0613636 
79.7 0.0615058 
79.8 0.0616434 
79.9 0.0617763 
80 0.0619044 
80.1 0.0620277 
80.2 0.0621462 
80.3 0.0622599 
80.4 0.0623686 
80.5 0.0624723 
80.6 0.0625711 
80.7 0.0626648 
80.8 0.0627535 
80.9 0.0628371 
81 0.0629155 
81.1 0.0629887 
81.2 0.0630568 
81.3 0.0631196 
81.4 0.0631771 
81.5 0.0632294 
81.6 0.0632763 
81.7 0.0633179 
81.8 0.0633541 
81.9 0.0633849 
82 0.0634102 
82.1 0.0634301 
82.2 0.0634446 
82.3 0.0634535 
82.4 0.063457 
82.5 0.0634549 
82.6 0.0634472 
82.7 0.063434 
82.8 0.0634152 
82.9 0.0633908 
83 0.0633607 
83.1 0.0633251 
83.2 0.0632839 
83.3 0.0632369 
83.4 0.0631844 
83.5 0.0631262 
83.6 0.0630623 
83.7 0.0629928 
83.8 0.0629176 
83.9 0.0628367 
84 0.0627502 
84.1 0.062658 
84.2 0.0625602 
84.3 0.0624566 
84.4 0.0623475 
84.5 0.0622327 
84.6 0.0621122 
84.7 0.0619861 
84.8 0.0618544 
84.9 0.0617171 
85 0.0615742 
85.1 0.0614258 
85.2 0.0612717 
85.3 0.0611121 
85.4 0.060947 
85.5 0.0607764 
85.6 0.0606003 
85.7 0.0604187 
85.8 0.0602317 
85.9 0.0600392 
86 0.0598414 
86.1 0.0596381 
86.2 0.0594296 
86.3 0.0592157 
86.4 0.0589966 
86.5 0.0587722 
86.6 0.0585425 
86.7 0.0583077 
86.8 0.0580678 
86.9 0.0578227 
87 0.0575725 
87.1 0.0573173 
87.2 0.0570571 
87.3 0.0567919 
87.4 0.0565219 
87.5 0.0562469 
87.6 0.0559671 
87.7 0.0556825 
87.8 0.0553931 
87.9 0.0550991 
88 0.0548004 
88.1 0.0544971 
88.2 0.0541893 
88.3 0.0538769 
88.4 0.0535601 
88.5 0.053239 
88.6 0.0529134 
88.7 0.0525836 
88.8 0.0522496 
88.9 0.0519114 
89 0.0515691 
89.1 0.0512228 
89.2 0.0508724 
89.3 0.0505182 
89.4 0.0501601 
89.5 0.0497982 
89.6 0.0494325 
89.7 0.0490632 
89.8 0.0486904 
89.9 0.0483139 
90 0.0479341 
90.1 0.0475508 
90.2 0.0471642 
90.3 0.0467744 
90.4 0.0463814 
90.5 0.0459854 
90.6 0.0455863 
90.7 0.0451842 
90.8 0.0447793 
90.9 0.0443716 
91 0.0439612 
91.1 0.0435482 
91.2 0.0431326 
91.3 0.0427145 
91.4 0.042294 
91.5 0.0418712 
91.6 0.0414462 
91.7 0.0410191 
91.8 0.0405899 
91.9 0.0401587 
92 0.0397256 
92.1 0.0392907 
92.2 0.0388541 
92.3 0.0384158 
92.4 0.037976 
92.5 0.0375347 
92.6 0.0370921 
92.7 0.0366481 
92.8 0.036203 
92.9 0.0357568 
93 0.0353095 
93.1 0.0348613 
93.2 0.0344123 
93.3 0.0339625 
93.4 0.0335121 
93.5 0.0330611 
93.6 0.0326096 
93.7 0.0321578 
93.8 0.0317056 
93.9 0.0312533 
94 0.0308009 
94.1 0.0303485 
94.2 0.0298961 
94.3 0.029444 
94.4 0.0289921 
94.5 0.0285406 
94.6 0.0280896 
94.7 0.0276391 
94.8 0.0271893 
94.9 0.0267403 
95 0.0262921 
95.1 0.0258448 
95.2 0.0253986 
95.3 0.0249536 
95.4 0.0245097 
95.5 0.0240673 
95.6 0.0236262 
95.7 0.0231867 
95.8 0.0227488 
95.9 0.0223126 
96 0.0218782 
96.1 0.0214458 
96.2 0.0210153 
96.3 0.020587 
96.4 0.0201609 
96.5 0.0197371 
96.6 0.0193156 
96.7 0.0188967 
96.8 0.0184803 
96.9 0.0180666 
97 0.0176557 
97.1 0.0172477 
97.2 0.0168426 
97.3 0.0164406 
97.4 0.0160417 
97.5 0.0156461 
97.6 0.0152538 
97.7 0.014865 
97.8 0.0144796 
97.9 0.0140979 
98 0.0137199 
98.1 0.0133456 
98.2 0.0129753 
98.3 0.0126089 
98.4 0.0122466 
98.5 0.0118884 
98.6 0.0115344 
98.7 0.0111848 
98.8 0.0108396 
98.9 0.0104988 
99 0.0101627 
99.1 0.00983115 
99.2 0.00950439 
99.3 0.00918246 
99.4 0.00886543 
99.5 0.00855339 
99.6 0.00824642 
99.7 0.00794459 
99.8 0.00764799 
99.9 0.0073567 
100 0.00707078 
100.1 0.00679033 
100.2 0.0065154 
100.3 0.00624609 
100.4 0.00598245 
100.5 0.00572457 
100.6 0.00547251 
100.7 0.00522635 
100.8 0.00498616 
100.9 0.004752 
101 0.00452395 
101.1 0.00430206 
101.2 0.00408642 
101.3 0.00387707 
101.4 0.00367409 
101.5 0.00347754 
101.6 0.00328748 
101.7 0.00310397 
101.8 0.00292708 
101.9 0.00275685 
102 0.00259335 
102.1 0.00243664 
102.2 0.00228676 
102.3 0.00214378 
102.4 0.00200775 
102.5 0.00187871 
102.6 0.00175673 
102.7 0.00164184 
102.8 0.0015341 
102.9 0.00143355 
103 0.00134024 
103.1 0.00125422 
103.2 0.00117552 
103.3 0.00110419 
103.4 0.00104027 
103.5 0.000983793 
103.6 0.000934805 
103.7 0.000893339 
103.8 0.00085943 
103.9 0.000833112 
104 0.000814418 
104.1 0.000803377 
104.2 0.00080002 
104.3 0.000804375 
104.4 0.000816469 
104.5 0.000836326 
104.6 0.00086397 
104.7 0.000899424 
104.8 0.000942709 
104.9 0.000993845 
105 0.00105285 
105.1 0.00111974 
105.2 0.00119452 
105.3 0.00127722 
105.4 0.00136785 
105.5 0.00146641 
105.6 0.00157291 
105.7 0.00168737 
105.8 0.00180979 
105.9 0.00194016 
106 0.00207851 
106.1 0.00222482 
106.2 0.00237909 
106.3 0.00254133 
106.4 0.00271153 
106.5 0.00288969 
106.6 0.0030758 
106.7 0.00326985 
106.8 0.00347183 
106.9 0.00368174 
107 0.00389956 
107.1 0.00412527 
107.2 0.00435886 
107.3 0.00460031 
107.4 0.00484961 
107.5 0.00510673 
107.6 0.00537166 
107.7 0.00564436 
107.8 0.00592482 
107.9 0.006213 
108 0.00650889 
108.1 0.00681244 
108.2 0.00712364 
108.3 0.00744244 
108.4 0.00776882 
108.5 0.00810273 
108.6 0.00844415 
108.7 0.00879302 
108.8 0.00914932 
108.9 0.009513 
109 0.00988402 
109.1 0.0102623 
109.2 0.0106479 
109.3 0.0110406 
109.4 0.0114406 
109.5 0.0118476 
109.6 0.0122616 
109.7 0.0126827 
109.8 0.0131107 
109.9 0.0135456 
110 0.0139873 
110.1 0.0144358 
110.2 0.0148909 
110.3 0.0153528 
110.4 0.0158212 
110.5 0.0162961 
110.6 0.0167775 
110.7 0.0172653 
110.8 0.0177594 
110.9 0.0182597 
111 0.0187662 
111.1 0.0192789 
111.2 0.0197975 
111.3 0.0203221 
111.4 0.0208526 
111.5 0.0213889 
111.6 0.0219309 
111.7 0.0224785 
111.8 0.0230317 
111.9 0.0235904 
112 0.0241544 
112.1 0.0247238 
112.2 0.0252984 
112.3 0.0258781 
112.4 0.0264629 
112.5 0.0270526 
112.6 0.0276472 
112.7 0.0282465 
112.8 0.0288505 
112.9 0.0294591 
113 0.0300722 
113.1 0.0306896 
113.2 0.0313114 
113.3 0.0319373 
113.4 0.0325674 
113.5 0.0332014 
113.6 0.0338393 
113.7 0.0344809 
113.8 0.0351263 
113.9 0.0357752 
114 0.0364276 
114.1 0.0370834 
114.2 0.0377424 
114.3 0.0384046 
114.4 0.0390698 
114.5 0.0397379 
114.6 0.0404088 
114.7 0.0410824 
114.8 0.0417586 
114.9 0.0424373 
115 0.0431184 
115.1 0.0438016 
115.2 0.0444871 
115.3 0.0451745 
115.4 0.0458638 
115.5 0.0465549 
115.6 0.0472477 
115.7 0.0479419 
115.8 0.0486377 
115.9 0.0493347 
116 0.0500329 
116.1 0.0507321 
116.2 0.0514323 
116.3 0.0521333 
116.4 0.052835 
116.5 0.0535372 
116.6 0.0542399 
116.7 0.054943 
116.8 0.0556462 
116.9 0.0563495 
117 0.0570527 
117.1 0.0577558 
117.2 0.0584586 
117.3 0.0591609 
117.4 0.0598627 
117.5 0.0605638 
117.6 0.0612642 
117.7 0.0619635 
117.8 0.0626619 
117.9 0.063359 
118 0.0640549 
118.1 0.0647493 
118.2 0.0654422 
118.3 0.0661334 
118.4 0.0668227 
118.5 0.0675102 
118.6 0.0681955 
118.7 0.0688787 
118.8 0.0695596 
118.9 0.070238 
119 0.0709139 
119.1 0.0715871 
119.2 0.0722575 
119.3 0.0729249 
119.4 0.0735893 
119.5 0.0742505 
119.6 0.0749084 
119.7 0.0755629 
119.8 0.0762138 
119.9 0.076861 
120 0.0775045 
120.1 0.078144 
120.2 0.0787795 
120.3 0.0794108 
120.4 0.0800378 
120.5 0.0806605 
120.6 0.0812786 
120.7 0.0818921 
120.8 0.0825008 
120.9 0.0831046 
121 0.0837035 
121.1 0.0842972 
121.2 0.0848858 
121.3 0.085469 
121.4 0.0860467 
121.5 0.0866189 
121.6 0.0871854 
121.7 0.0877462 
121.8 0.088301 
121.9 0.0888498 
122 0.0893926 
122.1 0.0899291 
122.2 0.0904592 
122.3 0.0909829 
122.4 0.0915001 
122.5 0.0920107 
122.6 0.0925145 
122.7 0.0930114 
122.8 0.0935014 
122.9 0.0939843 
123 0.0944601 
123.1 0.0949286 
123.2 0.0953898 
123.3 0.0958435 
123.4 0.0962897 
123.5 0.0967283 
123.6 0.0971592 
123.7 0.0975822 
123.8 0.0979974 
123.9 0.0984045 
124 0.0988036 
124.1 0.0991945 
124.2 0.0995771 
124.3 0.0999515 
124.4 0.100317 
124.5 0.100675 
124.6 0.101024 
124.7 0.101364 
124.8 0.101695 
124.9 0.102018 
125 0.102332 
125.1 0.102637 
125.2 0.102933 
125.3 0.103219 
125.4 0.103497 
125.5 0.103766 
125.6 0.104025 
125.7 0.104275 
125.8 0.104515 
125.9 0.104746 
126 0.104967 
126.1 0.105179 
126.2 0.105382 
126.3 0.105574 
126.4 0.105757 
126.5 0.10593 
126.6 0.106094 
126.7 0.106247 
126.8 0.106391 
126.9 0.106524 
127 0.106648 
127.1 0.106762 
127.2 0.106865 
127.3 0.106959 
127.4 0.107042 
127.5 0.107116 
127.6 0.107179 
127.7 0.107232 
127.8 0.107274 
127.9 0.107307 
128 0.107329 
128.1 0.107341 
128.2 0.107343 
128.3 0.107334 
128.4 0.107315 
128.5 0.107286 
128.6 0.107246 
128.7 0.107196 
128.8 0.107136 
128.9 0.107065 
129 0.106984 
129.1 0.106893 
129.2 0.106791 
129.3 0.106679 
129.4 0.106556 
129.5 0.106424 
129.6 0.106281 
129.7 0.106127 
129.8 0.105964 
129.9 0.10579 
130 0.105606 
130.1 0.105411 
130.2 0.105207 
130.3 0.104992 
130.4 0.104767 
130.5 0.104532 
130.6 0.104287 
130.7 0.104032 
130.8 0.103767 
130.9 0.103492 
131 0.103207 
131.1 0.102912 
131.2 0.102608 
131.3 0.102293 
131.4 0.101969 
131.5 0.101635 
131.6 0.101292 
131.7 0.100938 
131.8 0.100576 
131.9 0.100204 
132 0.099822 
132.1 0.0994311 
132.2 0.0990308 
132.3 0.0986214 
132.4 0.0982028 
132.5 0.0977751 
132.6 0.0973385 
132.7 0.0968928 
132.8 0.0964384 
132.9 0.0959751 
133 0.0955031 
133.1 0.0950225 
133.2 0.0945334 
133.3 0.0940359 
133.4 0.0935299 
133.5 0.0930157 
133.6 0.0924934 
133.7 0.0919629 
133.8 0.0914245 
133.9 0.0908781 
134 0.090324 
134.1 0.0897621 
134.2 0.0891927 
134.3 0.0886158 
134.4 0.0880315 
134.5 0.0874399 
134.6 0.0868412 
134.7 0.0862354 
134.8 0.0856227 
134.9 0.0850032 
135 0.084377 
135.1 0.0837442 
135.2 0.0831049 
135.3 0.0824592 
135.4 0.0818074 
135.5 0.0811494 
135.6 0.0804855 
135.7 0.0798158 
135.8 0.0791403 
135.9 0.0784593 
136 0.0777728 
136.1 0.077081 
136.2 0.0763841 
136.3 0.0756821 
136.4 0.0749752 
136.5 0.0742635 
136.6 0.0735473 
136.7 0.0728266 
136.8 0.0721015 
136.9 0.0713723 
137 0.070639 
137.1 0.0699019 
137.2 0.069161 
137.3 0.0684166 
137.4 0.0676687 
137.5 0.0669175 
137.6 0.0661633 
137.7 0.0654061 
137.8 0.0646461 
137.9 0.0638834 
138 0.0631182 
138.1 0.0623508 
138.2 0.0615812 
138.3 0.0608095 
138.4 0.0600361 
138.5 0.059261 
138.6 0.0584843 
138.7 0.0577064 
138.8 0.0569273 
138.9 0.0561472 
139 0.0553662 
139.1 0.0545846 
139.2 0.0538025 
139.3 0.0530202 
139.4 0.0522376 
139.5 0.0514551 
139.6 0.0506729 
139.7 0.049891 
139.8 0.0491096 
139.9 0.048329 
140 0.0475493 
140.1 0.0467707 
140.2 0.0459934 
140.3 0.0452176 
140.4 0.0444433 
140.5 0.0436709 
140.6 0.0429004 
140.7 0.0421321 
140.8 0.0413662 
140.9 0.0406028 
141 0.0398421 
141.1 0.0390843 
141.2 0.0383296 
141.3 0.0375781 
141.4 0.0368301 
141.5 0.0360856 
141.6 0.035345 
141.7 0.0346084 
141.8 0.0338759 
141.9 0.0331478 
142 0.0324243 
142.1 0.0317054 
142.2 0.0309914 
142.3 0.0302825 
142.4 0.0295789 
142.5 0.0288807 
142.6 0.0281882 
142.7 0.0275015 
142.8 0.0268207 
142.9 0.0261461 
143 0.0254779 
143.1 0.0248162 
143.2 0.0241612 
143.3 0.0235131 
143.4 0.0228721 
143.5 0.0222383 
143.6 0.021612 
143.7 0.0209932 
143.8 0.0203823 
143.9 0.0197793 
144 0.0191844 
144.1 0.0185979 
144.2 0.0180198 
144.3 0.0174505 
144.4 0.0168899 
144.5 0.0163383 
144.6 0.015796 
144.7 0.0152629 
144.8 0.0147394 
144.9 0.0142256 
145 0.0137217 
145.1 0.0132277 
145.2 0.012744 
145.3 0.0122706 
145.4 0.0118077 
145.5 0.0113555 
145.6 0.0109142 
145.7 0.0104839 
145.8 0.0100647 
145.9 0.00965686 
146 0.00926051 
146.1 0.00887579 
146.2 0.00850287 
146.3 0.0081419 
146.4 0.00779302 
146.5 0.0074564 
146.6 0.00713219 
146.7 0.00682052 
146.8 0.00652154 
146.9 0.00623541 
147 0.00596227 
147.1 0.00570225 
147.2 0.0054555 
147.3 0.00522217 
147.4 0.00500237 
147.5 0.00479626 
147.6 0.00460397 
147.7 0.00442562 
147.8 0.00426135 
147.9 0.0041113 
148 0.00397558 
148.1 0.00385432 
148.2 0.00374765 
148.3 0.00365569 
148.4 0.00357856 
148.5 0.00351638 
148.6 0.00346926 
148.7 0.00343732 
148.8 0.00342067 
148.9 0.00341942 
149 0.00343368 
149.1 0.00346356 
149.2 0.00350917 
149.3 0.0035706 
149.4 0.00364795 
149.5 0.00374133 
149.6 0.00385082 
149.7 0.00397653 
149.8 0.00411855 
149.9 0.00427697 
150 0.00445186 
150.1 0.00464333 
150.2 0.00485145 
150.3 0.0050763 
150.4 0.00531796 
150.5 0.00557651 
150.6 0.00585202 
150.7 0.00614457 
150.8 0.00645422 
150.9 0.00678104 
151 0.00712509 
151.1 0.00748644 
151.2 0.00786515 
151.3 0.00826126 
151.4 0.00867485 
151.5 0.00910596 
151.6 0.00955464 
151.7 0.0100209 
151.8 0.0105049 
151.9 0.0110066 
152 0.011526 
152.1 0.0120632 
152.2 0.0126182 
152.3 0.013191 
152.4 0.0137818 
152.5 0.0143904 
152.6 0.015017 
152.7 0.0156616 
152.8 0.0163241 
152.9 0.0170046 
153 0.017703 
153.1 0.0184196 
153.2 0.0191541 
153.3 0.0199067 
153.4 0.0206773 
153.5 0.0214659 
153.6 0.0222725 
153.7 0.0230972 
153.8 0.0239399 
153.9 0.0248007 
154 0.0256794 
154.1 0.0265761 
154.2 0.0274907 
154.3 0.0284233 
154.4 0.0293738 
154.5 0.0303422 
154.6 0.0313285 
154.7 0.0323326 
154.8 0.0333545 
154.9 0.0343942 
155 0.0354516 
155.1 0.0365266 
155.2 0.0376193 
155.3 0.0387296 
155.4 0.0398574 
155.5 0.0410027 
155.6 0.0421654 
155.7 0.0433455 
155.8 0.0445429 
155.9 0.0457575 
156 0.0469893 
156.1 0.0482382 
156.2 0.0495041 
156.3 0.050787 
156.4 0.0520867 
156.5 0.0534033 
156.6 0.0547365 
156.7 0.0560864 
156.8 0.0574529 
156.9 0.0588357 
157 0.060235 
157.1 0.0616505 
157.2 0.0630821 
157.3 0.0645299 
157.4 0.0659935 
157.5 0.067473 
157.6 0.0689683 
157.7 0.0704792 
157.8 0.0720056 
157.9 0.0735473 
158 0.0751044 
158.1 0.0766766 
158.2 0.0782639 
158.3 0.079866 
158.4 0.0814829 
158.5 0.0831145 
158.6 0.0847605 
158.7 0.086421 
158.8 0.0880956 
158.9 0.0897844 
159 0.0914871 
159.1 0.0932036 
159.2 0.0949337 
159.3 0.0966773 
159.4 0.0984343 
159.5 0.100204 
159.6 0.101988 
159.7 0.103784 
159.8 0.105593 
159.9 0.107414 
160 0.109248 
160.1 0.111093 
160.2 0.112951 
160.3 0.114821 
160.4 0.116703 
160.5 0.118596 
160.6 0.1205 
160.7 0.122416 
160.8 0.124342 
160.9 0.126279 
161 0.128227 
161.1 0.130185 
161.2 0.132154 
161.3 0.134132 
161.4 0.136121 
161.5 0.138118 
161.6 0.140126 
161.7 0.142142 
161.8 0.144168 
161.9 0.146202 
162 0.148245 
162.1 0.150297 
162.2 0.152356 
162.3 0.154424 
162.4 0.156499 
162.5 0.158582 
162.6 0.160673 
162.7 0.16277 
162.8 0.164874 
162.9 0.166985 
163 0.169103 
163.1 0.171227 
163.2 0.173356 
163.3 0.175492 
163.4 0.177633 
163.5 0.179779 
163.6 0.181931 
163.7 0.184087 
163.8 0.186248 
163.9 0.188414 
164 0.190583 
164.1 0.192757 
164.2 0.194934 
164.3 0.197115 
164.4 0.199299 
164.5 0.201486 
164.6 0.203676 
164.7 0.205868 
164.8 0.208063 
164.9 0.210259 
165 0.212457 
165.1 0.214657 
165.2 0.216859 
165.3 0.219061 
165.4 0.221264 
165.5 0.223467 
165.6 0.225671 
165.7 0.227875 
165.8 0.230079 
165.9 0.232282 
166 0.234485 
166.1 0.236686 
166.2 0.238887 
166.3 0.241086 
166.4 0.243283 
166.5 0.245479 
166.6 0.247672 
166.7 0.249863 
166.8 0.252051 
166.9 0.254236 
167 0.256418 
167.1 0.258596 
167.2 0.260771 
167.3 0.262942 
167.4 0.265108 
167.5 0.26727 
167.6 0.269428 
167.7 0.27158 
167.8 0.273727 
167.9 0.275869 
168 0.278005 
168.1 0.280135 
168.2 0.282259 
168.3 0.284377 
168.4 0.286487 
168.5 0.288591 
168.6 0.290687 
168.7 0.292776 
168.8 0.294858 
168.9 0.296931 
169 0.298996 
169.1 0.301053 
169.2 0.303101 
169.3 0.30514 
169.4 0.30717 
169.5 0.30919 
169.6 0.311201 
169.7 0.313202 
169.8 0.315193 
169.9 0.317173 
170 0.319143 
170.1 0.321102 
170.2 0.323049 
170.3 0.324986 
170.4 0.326911 
170.5 0.328824 
170.6 0.330725 
170.7 0.332614 
170.8 0.33449 
170.9 0.336354 
171 0.338204 
171.1 0.340042 
171.2 0.341866 
171.3 0.343676 
171.4 0.345473 
171.5 0.347256 
171.6 0.349024 
171.7 0.350778 
171.8 0.352517 
171.9 0.354242 
172 0.355951 
172.1 0.357645 
172.2 0.359323 
172.3 0.360986 
172.4 0.362632 
172.5 0.364263 
172.6 0.365877 
172.7 0.367474 
172.8 0.369055 
172.9 0.370619 
173 0.372166 
173.1 0.373696 
173.2 0.375208 
173.3 0.376702 
173.4 0.378178 
173.5 0.379637 
173.6 0.381077 
173.7 0.382498 
173.8 0.383902 
173.9 0.385286 
174 0.386651 
174.1 0.387998 
174.2 0.389325 
174.3 0.390632 
174.4 0.39192 
174.5 0.393188 
174.6 0.394437 
174.7 0.395665 
174.8 0.396873 
174.9 0.39806 
175 0.399227 
175.1 0.400374 
175.2 0.401499 
175.3 0.402604 
175.4 0.403688 
175.5 0.40475 
175.6 0.405791 
175.7 0.40681 
175.8 0.407808 
175.9 0.408784 
176 0.409739 
176.1 0.410671 
176.2 0.411581 
176.3 0.412469 
176.4 0.413335 
176.5 0.414178 
176.6 0.414998 
176.7 0.415796 
176.8 0.416572 
176.9 0.417324 
177 0.418054 
177.1 0.41876 
177.2 0.419443 
177.3 0.420104 
177.4 0.42074 
177.5 0.421354 
177.6 0.421944 
177.7 0.422511 
177.8 0.423054 
177.9 0.423573 
178 0.424069 
178.1 0.42454 
178.2 0.424988 
178.3 0.425412 
178.4 0.425813 
178.5 0.426189 
178.6 0.426541 
178.7 0.426869 
178.8 0.427173 
178.9 0.427453 
179 0.427708 
179.1 0.427939 
179.2 0.428146 
179.3 0.428329 
179.4 0.428487 
179.5 0.428621 
179.6 0.428731 
179.7 0.428817 
179.8 0.428878 
