0.1 1 
0.2 1 
0.3 1 
0.4 1 
0.5 1 
0.6 1 
0.7 1 
0.8 1 
0.9 1 
1 1 
1.1 1 
1.2 1 
1.3 1 
1.4 1 
1.5 1 
1.6 1 
1.7 1 
1.8 1 
1.9 1 
2 1 
2.1 1 
2.2 1 
2.3 1 
2.4 1 
2.5 1 
2.6 1 
2.7 1 
2.8 1 
2.9 1 
3 1 
3.1 1 
3.2 1 
3.3 1 
3.4 1 
3.5 1 
3.6 1 
3.7 1 
3.8 1 
3.9 1 
4 1 
4.1 1 
4.2 1 
4.3 1 
4.4 1 
4.5 1 
4.6 1 
4.7 1 
4.8 1 
4.9 1 
5 1 
5.1 1 
5.2 1 
5.3 1 
5.4 1 
5.5 0.999999 
5.6 0.999999 
5.7 0.999999 
5.8 0.999999 
5.9 0.999999 
6 0.999999 
6.1 0.999999 
6.2 0.999999 
6.3 0.999999 
6.4 0.999999 
6.5 0.999999 
6.6 0.999999 
6.7 0.999999 
6.8 0.999999 
6.9 0.999999 
7 0.999999 
7.1 0.999999 
7.2 0.999999 
7.3 0.999999 
7.4 0.999998 
7.5 0.999998 
7.6 0.999998 
7.7 0.999998 
7.8 0.999998 
7.9 0.999998 
8 0.999998 
8.1 0.999998 
8.2 0.999998 
8.3 0.999997 
8.4 0.999997 
8.5 0.999997 
8.6 0.999997 
8.7 0.999997 
8.8 0.999997 
8.9 0.999996 
9 0.999996 
9.1 0.999996 
9.2 0.999996 
9.3 0.999996 
9.4 0.999996 
9.5 0.999995 
9.6 0.999995 
9.7 0.999995 
9.8 0.999995 
9.9 0.999994 
10 0.999994 
10.1 0.999994 
10.2 0.999994 
10.3 0.999994 
10.4 0.999993 
10.5 0.999993 
10.6 0.999993 
10.7 0.999992 
10.8 0.999992 
10.9 0.999992 
11 0.999991 
11.1 0.999991 
11.2 0.999991 
11.3 0.99999 
11.4 0.99999 
11.5 0.999989 
11.6 0.999989 
11.7 0.999989 
11.8 0.999988 
11.9 0.999988 
12 0.999987 
12.1 0.999987 
12.2 0.999986 
12.3 0.999985 
12.4 0.999985 
12.5 0.999984 
12.6 0.999984 
12.7 0.999983 
12.8 0.999982 
12.9 0.999982 
13 0.999981 
13.1 0.99998 
13.2 0.99998 
13.3 0.999979 
13.4 0.999978 
13.5 0.999977 
13.6 0.999977 
13.7 0.999976 
13.8 0.999975 
13.9 0.999974 
14 0.999973 
14.1 0.999973 
14.2 0.999972 
14.3 0.999971 
14.4 0.99997 
14.5 0.999969 
14.6 0.999968 
14.7 0.999967 
14.8 0.999966 
14.9 0.999965 
15 0.999964 
15.1 0.999963 
15.2 0.999962 
15.3 0.999961 
15.4 0.999959 
15.5 0.999958 
15.6 0.999957 
15.7 0.999955 
15.8 0.999954 
15.9 0.999953 
16 0.999951 
16.1 0.99995 
16.2 0.999948 
16.3 0.999946 
16.4 0.999945 
16.5 0.999943 
16.6 0.999941 
16.7 0.999939 
16.8 0.999938 
16.9 0.999936 
17 0.999934 
17.1 0.999932 
17.2 0.99993 
17.3 0.999928 
17.4 0.999926 
17.5 0.999923 
17.6 0.999921 
17.7 0.999919 
17.8 0.999917 
17.9 0.999915 
18 0.999912 
18.1 0.99991 
18.2 0.999908 
18.3 0.999905 
18.4 0.999903 
18.5 0.9999 
18.6 0.999898 
18.7 0.999895 
18.8 0.999893 
18.9 0.99989 
19 0.999887 
19.1 0.999884 
19.2 0.999882 
19.3 0.999879 
19.4 0.999876 
19.5 0.999873 
19.6 0.99987 
19.7 0.999866 
19.8 0.999863 
19.9 0.99986 
20 0.999856 
20.1 0.999853 
20.2 0.999849 
20.3 0.999845 
20.4 0.999842 
20.5 0.999838 
20.6 0.999834 
20.7 0.99983 
20.8 0.999825 
20.9 0.999821 
21 0.999817 
21.1 0.999812 
21.2 0.999808 
21.3 0.999803 
21.4 0.999798 
21.5 0.999794 
21.6 0.999789 
21.7 0.999784 
21.8 0.999779 
21.9 0.999774 
22 0.999769 
22.1 0.999763 
22.2 0.999758 
22.3 0.999753 
22.4 0.999748 
22.5 0.999742 
22.6 0.999737 
22.7 0.999731 
22.8 0.999726 
22.9 0.99972 
23 0.999714 
23.1 0.999709 
23.2 0.999703 
23.3 0.999697 
23.4 0.999691 
23.5 0.999685 
23.6 0.999679 
23.7 0.999673 
23.8 0.999666 
23.9 0.99966 
24 0.999653 
24.1 0.999647 
24.2 0.99964 
24.3 0.999633 
24.4 0.999626 
24.5 0.999618 
24.6 0.999611 
24.7 0.999604 
24.8 0.999596 
24.9 0.999588 
25 0.99958 
25.1 0.999572 
25.2 0.999564 
25.3 0.999556 
25.4 0.999547 
25.5 0.999538 
25.6 0.99953 
25.7 0.999521 
25.8 0.999512 
25.9 0.999503 
26 0.999493 
26.1 0.999484 
26.2 0.999475 
26.3 0.999465 
26.4 0.999456 
26.5 0.999446 
26.6 0.999436 
26.7 0.999427 
26.8 0.999417 
26.9 0.999407 
27 0.999397 
27.1 0.999387 
27.2 0.999377 
27.3 0.999367 
27.4 0.999356 
27.5 0.999346 
27.6 0.999336 
27.7 0.999325 
27.8 0.999315 
27.9 0.999304 
28 0.999294 
28.1 0.999283 
28.2 0.999272 
28.3 0.999261 
28.4 0.99925 
28.5 0.999238 
28.6 0.999227 
28.7 0.999215 
28.8 0.999203 
28.9 0.999191 
29 0.999179 
29.1 0.999167 
29.2 0.999154 
29.3 0.999141 
29.4 0.999128 
29.5 0.999115 
29.6 0.999102 
29.7 0.999088 
29.8 0.999075 
29.9 0.999061 
30 0.999047 
30.1 0.999033 
30.2 0.999018 
30.3 0.999004 
30.4 0.998989 
30.5 0.998974 
30.6 0.998959 
30.7 0.998944 
30.8 0.998929 
30.9 0.998914 
31 0.998899 
31.1 0.998883 
31.2 0.998868 
31.3 0.998853 
31.4 0.998837 
31.5 0.998821 
31.6 0.998806 
31.7 0.99879 
31.8 0.998774 
31.9 0.998758 
32 0.998742 
32.1 0.998726 
32.2 0.99871 
32.3 0.998694 
32.4 0.998677 
32.5 0.998661 
32.6 0.998644 
32.7 0.998628 
32.8 0.998611 
32.9 0.998594 
33 0.998576 
33.1 0.998559 
33.2 0.998541 
33.3 0.998524 
33.4 0.998506 
33.5 0.998487 
33.6 0.998469 
33.7 0.99845 
33.8 0.998431 
33.9 0.998412 
34 0.998393 
34.1 0.998373 
34.2 0.998353 
34.3 0.998333 
34.4 0.998312 
34.5 0.998292 
34.6 0.998271 
34.7 0.99825 
34.8 0.998228 
34.9 0.998207 
35 0.998185 
35.1 0.998163 
35.2 0.998141 
35.3 0.998119 
35.4 0.998097 
35.5 0.998074 
35.6 0.998052 
35.7 0.998029 
35.8 0.998006 
35.9 0.997983 
36 0.99796 
36.1 0.997937 
36.2 0.997914 
36.3 0.99789 
36.4 0.997867 
36.5 0.997843 
36.6 0.997819 
36.7 0.997795 
36.8 0.997771 
36.9 0.997747 
37 0.997723 
37.1 0.997699 
37.2 0.997674 
37.3 0.997649 
37.4 0.997624 
37.5 0.997599 
37.6 0.997573 
37.7 0.997547 
37.8 0.997521 
37.9 0.997494 
38 0.997468 
38.1 0.997441 
38.2 0.997413 
38.3 0.997385 
38.4 0.997357 
38.5 0.997329 
38.6 0.9973 
38.7 0.997271 
38.8 0.997241 
38.9 0.997211 
39 0.997181 
39.1 0.99715 
39.2 0.997119 
39.3 0.997087 
39.4 0.997056 
39.5 0.997024 
39.6 0.996991 
39.7 0.996958 
39.8 0.996925 
39.9 0.996892 
40 0.996858 
40.1 0.996824 
40.2 0.99679 
40.3 0.996755 
40.4 0.99672 
40.5 0.996685 
40.6 0.99665 
40.7 0.996615 
40.8 0.996579 
40.9 0.996543 
41 0.996506 
41.1 0.99647 
41.2 0.996433 
41.3 0.996396 
41.4 0.996359 
41.5 0.996321 
41.6 0.996283 
41.7 0.996244 
41.8 0.996206 
41.9 0.996167 
42 0.996127 
42.1 0.996087 
42.2 0.996047 
42.3 0.996006 
42.4 0.995964 
42.5 0.995922 
42.6 0.99588 
42.7 0.995837 
42.8 0.995793 
42.9 0.995749 
43 0.995704 
43.1 0.995659 
43.2 0.995613 
43.3 0.995566 
43.4 0.995519 
43.5 0.995471 
43.6 0.995422 
43.7 0.995372 
43.8 0.995322 
43.9 0.995272 
44 0.99522 
44.1 0.995168 
44.2 0.995115 
44.3 0.995061 
44.4 0.995007 
44.5 0.994952 
44.6 0.994897 
44.7 0.99484 
44.8 0.994784 
44.9 0.994726 
45 0.994668 
45.1 0.994609 
45.2 0.99455 
45.3 0.99449 
45.4 0.994429 
45.5 0.994368 
45.6 0.994306 
45.7 0.994244 
45.8 0.994181 
45.9 0.994117 
46 0.994052 
46.1 0.993987 
46.2 0.993921 
46.3 0.993855 
46.4 0.993787 
46.5 0.993719 
46.6 0.99365 
46.7 0.99358 
46.8 0.993509 
46.9 0.993437 
47 0.993364 
47.1 0.99329 
47.2 0.993215 
47.3 0.99314 
47.4 0.993062 
47.5 0.992984 
47.6 0.992905 
47.7 0.992824 
47.8 0.992742 
47.9 0.992659 
48 0.992574 
48.1 0.992488 
48.2 0.992401 
48.3 0.992312 
48.4 0.992222 
48.5 0.99213 
48.6 0.992038 
48.7 0.991943 
48.8 0.991847 
48.9 0.99175 
49 0.991651 
49.1 0.991551 
49.2 0.991449 
49.3 0.991345 
49.4 0.991241 
49.5 0.991134 
49.6 0.991027 
49.7 0.990917 
49.8 0.990807 
49.9 0.990695 
50 0.990581 
50.1 0.990466 
50.2 0.990349 
50.3 0.990231 
50.4 0.990111 
50.5 0.98999 
50.6 0.989867 
50.7 0.989743 
50.8 0.989616 
50.9 0.989489 
51 0.989359 
51.1 0.989228 
51.2 0.989095 
51.3 0.98896 
51.4 0.988824 
51.5 0.988685 
51.6 0.988545 
51.7 0.988402 
51.8 0.988258 
51.9 0.988111 
52 0.987962 
52.1 0.98781 
52.2 0.987657 
52.3 0.987501 
52.4 0.987342 
52.5 0.987181 
52.6 0.987018 
52.7 0.986852 
52.8 0.986683 
52.9 0.986511 
53 0.986337 
53.1 0.98616 
53.2 0.98598 
53.3 0.985797 
53.4 0.985611 
53.5 0.985423 
53.6 0.985231 
53.7 0.985037 
53.8 0.984839 
53.9 0.984639 
54 0.984436 
54.1 0.98423 
54.2 0.984021 
54.3 0.983809 
54.4 0.983594 
54.5 0.983377 
54.6 0.983156 
54.7 0.982933 
54.8 0.982707 
54.9 0.982478 
55 0.982247 
55.1 0.982012 
55.2 0.981775 
55.3 0.981536 
55.4 0.981293 
55.5 0.981048 
55.6 0.980801 
55.7 0.980551 
55.8 0.980298 
55.9 0.980042 
56 0.979784 
56.1 0.979524 
56.2 0.979261 
56.3 0.978995 
56.4 0.978726 
56.5 0.978455 
56.6 0.978182 
56.7 0.977905 
56.8 0.977626 
56.9 0.977345 
57 0.977061 
57.1 0.976774 
57.2 0.976485 
57.3 0.976193 
57.4 0.975898 
57.5 0.975601 
57.6 0.975302 
57.7 0.975 
57.8 0.974696 
57.9 0.974389 
58 0.974081 
58.1 0.97377 
58.2 0.973458 
58.3 0.973143 
58.4 0.972827 
58.5 0.972509 
58.6 0.97219 
58.7 0.97187 
58.8 0.971549 
58.9 0.971227 
59 0.970905 
59.1 0.970582 
59.2 0.970259 
59.3 0.969937 
59.4 0.969614 
59.5 0.969293 
59.6 0.968973 
59.7 0.968654 
59.8 0.968336 
59.9 0.968021 
60 0.967707 
60.1 0.967396 
60.2 0.967088 
60.3 0.966783 
60.4 0.966481 
60.5 0.966182 
60.6 0.965888 
60.7 0.965598 
60.8 0.965312 
60.9 0.96503 
61 0.964754 
61.1 0.964483 
61.2 0.964217 
61.3 0.963956 
61.4 0.963701 
61.5 0.963452 
61.6 0.96321 
61.7 0.962973 
61.8 0.962743 
61.9 0.962519 
62 0.962302 
62.1 0.962092 
62.2 0.961889 
62.3 0.961693 
62.4 0.961504 
62.5 0.961323 
62.6 0.961148 
62.7 0.960982 
62.8 0.960823 
62.9 0.960671 
63 0.960528 
63.1 0.960392 
63.2 0.960264 
63.3 0.960144 
63.4 0.960033 
63.5 0.959929 
63.6 0.959834 
63.7 0.959748 
63.8 0.959669 
63.9 0.959599 
64 0.959538 
64.1 0.959485 
64.2 0.959441 
64.3 0.959405 
64.4 0.959378 
64.5 0.95936 
64.6 0.95935 
64.7 0.959349 
64.8 0.959357 
64.9 0.959373 
65 0.959397 
65.1 0.95943 
65.2 0.959471 
65.3 0.95952 
65.4 0.959577 
65.5 0.959642 
65.6 0.959715 
65.7 0.959795 
65.8 0.959883 
65.9 0.959978 
66 0.960079 
66.1 0.960187 
66.2 0.960302 
66.3 0.960423 
66.4 0.960549 
66.5 0.960682 
66.6 0.960819 
66.7 0.960962 
66.8 0.96111 
66.9 0.961262 
67 0.961418 
67.1 0.961578 
67.2 0.961742 
67.3 0.961909 
67.4 0.962079 
67.5 0.962253 
67.6 0.962428 
67.7 0.962607 
67.8 0.962787 
67.9 0.962969 
68 0.963153 
68.1 0.963339 
68.2 0.963525 
68.3 0.963713 
68.4 0.963902 
68.5 0.964092 
68.6 0.964282 
68.7 0.964473 
68.8 0.964664 
68.9 0.964855 
69 0.965047 
69.1 0.965239 
69.2 0.965431 
69.3 0.965622 
69.4 0.965814 
69.5 0.966005 
69.6 0.966196 
69.7 0.966387 
69.8 0.966578 
69.9 0.966767 
70 0.966957 
70.1 0.967146 
70.2 0.967334 
70.3 0.967522 
70.4 0.967709 
70.5 0.967895 
70.6 0.96808 
70.7 0.968265 
70.8 0.968449 
70.9 0.968631 
71 0.968813 
71.1 0.968994 
71.2 0.969173 
71.3 0.969352 
71.4 0.969529 
71.5 0.969705 
71.6 0.969879 
71.7 0.970052 
71.8 0.970224 
71.9 0.970394 
72 0.970562 
72.1 0.970729 
72.2 0.970894 
72.3 0.971057 
72.4 0.971218 
72.5 0.971377 
72.6 0.971534 
72.7 0.97169 
72.8 0.971843 
72.9 0.971994 
73 0.972143 
73.1 0.972289 
73.2 0.972434 
73.3 0.972576 
73.4 0.972716 
73.5 0.972853 
73.6 0.972988 
73.7 0.973121 
73.8 0.973252 
73.9 0.97338 
74 0.973506 
74.1 0.97363 
74.2 0.973751 
74.3 0.97387 
74.4 0.973987 
74.5 0.974102 
74.6 0.974214 
74.7 0.974325 
74.8 0.974433 
74.9 0.974539 
75 0.974643 
75.1 0.974745 
75.2 0.974845 
75.3 0.974943 
75.4 0.975039 
75.5 0.975134 
75.6 0.975226 
75.7 0.975316 
75.8 0.975405 
75.9 0.975492 
76 0.975577 
76.1 0.975661 
76.2 0.975743 
76.3 0.975823 
76.4 0.975901 
76.5 0.975978 
76.6 0.976053 
76.7 0.976127 
76.8 0.976199 
76.9 0.976269 
77 0.976338 
77.1 0.976405 
77.2 0.97647 
77.3 0.976534 
77.4 0.976595 
77.5 0.976656 
77.6 0.976714 
77.7 0.976771 
77.8 0.976826 
77.9 0.97688 
78 0.976931 
78.1 0.976981 
78.2 0.977029 
78.3 0.977075 
78.4 0.97712 
78.5 0.977162 
78.6 0.977203 
78.7 0.977241 
78.8 0.977278 
78.9 0.977313 
79 0.977346 
79.1 0.977377 
79.2 0.977406 
79.3 0.977434 
79.4 0.977459 
79.5 0.977482 
79.6 0.977504 
79.7 0.977523 
79.8 0.97754 
79.9 0.977556 
80 0.97757 
80.1 0.977582 
80.2 0.977591 
80.3 0.977599 
80.4 0.977605 
80.5 0.97761 
80.6 0.977612 
80.7 0.977613 
80.8 0.977612 
80.9 0.977609 
81 0.977604 
81.1 0.977597 
81.2 0.977589 
81.3 0.977579 
81.4 0.977567 
81.5 0.977554 
81.6 0.977539 
81.7 0.977522 
81.8 0.977503 
81.9 0.977483 
82 0.977461 
82.1 0.977437 
82.2 0.977412 
82.3 0.977385 
82.4 0.977356 
82.5 0.977326 
82.6 0.977294 
82.7 0.97726 
82.8 0.977224 
82.9 0.977186 
83 0.977147 
83.1 0.977106 
83.2 0.977063 
83.3 0.977018 
83.4 0.976971 
83.5 0.976922 
83.6 0.976871 
83.7 0.976818 
83.8 0.976763 
83.9 0.976706 
84 0.976647 
84.1 0.976585 
84.2 0.976521 
84.3 0.976455 
84.4 0.976387 
84.5 0.976316 
84.6 0.976243 
84.7 0.976167 
84.8 0.976089 
84.9 0.976008 
85 0.975925 
85.1 0.975839 
85.2 0.97575 
85.3 0.975658 
85.4 0.975564 
85.5 0.975467 
85.6 0.975368 
85.7 0.975265 
85.8 0.975159 
85.9 0.975051 
86 0.974939 
86.1 0.974824 
86.2 0.974707 
86.3 0.974586 
86.4 0.974462 
86.5 0.974335 
86.6 0.974205 
86.7 0.974071 
86.8 0.973934 
86.9 0.973794 
87 0.97365 
87.1 0.973503 
87.2 0.973353 
87.3 0.973199 
87.4 0.973041 
87.5 0.97288 
87.6 0.972715 
87.7 0.972546 
87.8 0.972374 
87.9 0.972198 
88 0.972017 
88.1 0.971833 
88.2 0.971644 
88.3 0.971452 
88.4 0.971255 
88.5 0.971054 
88.6 0.970848 
88.7 0.970638 
88.8 0.970423 
88.9 0.970203 
89 0.969978 
89.1 0.969748 
89.2 0.969514 
89.3 0.969273 
89.4 0.969028 
89.5 0.968777 
89.6 0.96852 
89.7 0.968257 
89.8 0.967988 
89.9 0.967713 
90 0.967431 
90.1 0.967143 
90.2 0.966848 
90.3 0.966546 
90.4 0.966237 
90.5 0.96592 
90.6 0.965596 
90.7 0.965264 
90.8 0.964924 
90.9 0.964575 
91 0.964218 
91.1 0.963852 
91.2 0.963477 
91.3 0.963093 
91.4 0.962699 
91.5 0.962295 
91.6 0.961881 
91.7 0.961456 
91.8 0.961021 
91.9 0.960574 
92 0.960116 
92.1 0.959646 
92.2 0.959164 
92.3 0.958669 
92.4 0.958161 
92.5 0.95764 
92.6 0.957105 
92.7 0.956556 
92.8 0.955992 
92.9 0.955413 
93 0.954819 
93.1 0.954208 
93.2 0.953581 
93.3 0.952936 
93.4 0.952273 
93.5 0.951593 
93.6 0.950893 
93.7 0.950173 
93.8 0.949433 
93.9 0.948672 
94 0.947889 
94.1 0.947084 
94.2 0.946255 
94.3 0.945401 
94.4 0.944522 
94.5 0.943617 
94.6 0.942685 
94.7 0.941724 
94.8 0.940733 
94.9 0.939712 
95 0.938659 
95.1 0.937573 
95.2 0.936452 
95.3 0.935294 
95.4 0.934099 
95.5 0.932865 
95.6 0.931589 
95.7 0.93027 
95.8 0.928907 
95.9 0.927496 
96 0.926036 
96.1 0.924525 
96.2 0.92296 
96.3 0.921338 
96.4 0.919657 
96.5 0.917914 
96.6 0.916105 
96.7 0.914228 
96.8 0.912279 
96.9 0.910255 
97 0.90815 
97.1 0.905962 
97.2 0.903685 
97.3 0.901316 
97.4 0.898847 
97.5 0.896276 
97.6 0.893595 
97.7 0.890798 
97.8 0.887879 
97.9 0.88483 
98 0.881645 
98.1 0.878314 
98.2 0.874829 
98.3 0.871181 
98.4 0.867359 
98.5 0.863353 
98.6 0.859151 
98.7 0.854739 
98.8 0.850105 
98.9 0.845233 
99 0.840107 
99.1 0.834711 
99.2 0.829025 
99.3 0.823028 
99.4 0.816698 
99.5 0.810012 
99.6 0.802943 
99.7 0.795461 
99.8 0.787537 
99.9 0.779134 
100 0.770217 
100.1 0.760743 
100.2 0.750668 
100.3 0.739942 
100.4 0.728511 
100.5 0.716315 
100.6 0.703289 
100.7 0.689361 
100.8 0.67445 
100.9 0.658469 
101 0.641322 
101.1 0.622902 
101.2 0.603092 
101.3 0.581761 
101.4 0.558768 
101.5 0.533957 
101.6 0.507156 
101.7 0.478178 
101.8 0.446819 
101.9 0.41286 
102 0.376064 
102.1 0.33618 
102.2 0.292945 
102.3 0.246089 
102.4 0.195342 
102.5 0.140446 
102.6 0.081168 
102.7 0.0173248 
102.8 -0.0511906 
102.9 -0.124371 
103 -0.202046 
103.1 -0.283831 
103.2 -0.369056 
103.3 -0.456707 
103.4 -0.545361 
103.5 -0.633145 
103.6 -0.717735 
103.7 -0.796406 
103.8 -0.86616 
103.9 -0.923933 
104 -0.96687 
104.1 -0.992637 
104.2 -0.999711 
104.3 -0.987585 
104.4 -0.956847 
104.5 -0.9091 
104.6 -0.846754 
104.7 -0.772731 
104.8 -0.690151 
104.9 -0.602052 
105 -0.511185 
105.1 -0.41988 
105.2 -0.330004 
105.3 -0.24296 
105.4 -0.159734 
105.5 -0.0809598 
105.6 -0.00698766 
105.7 0.0620515 
105.8 0.126186 
105.9 0.185558 
106 0.240382 
106.1 0.290919 
106.2 0.337451 
106.3 0.38027 
106.4 0.419665 
106.5 0.455914 
106.6 0.489282 
106.7 0.520016 
106.8 0.548347 
106.9 0.574484 
107 0.598622 
107.1 0.620938 
107.2 0.641593 
107.3 0.660731 
107.4 0.678485 
107.5 0.694975 
107.6 0.71031 
107.7 0.724587 
107.8 0.737895 
107.9 0.750315 
108 0.761919 
108.1 0.772773 
108.2 0.782937 
108.3 0.792466 
108.4 0.801409 
108.5 0.809811 
108.6 0.817712 
108.7 0.825151 
108.8 0.83216 
108.9 0.838772 
109 0.845014 
109.1 0.850913 
109.2 0.856492 
109.3 0.861774 
109.4 0.866778 
109.5 0.871523 
109.6 0.876025 
109.7 0.880302 
109.8 0.884366 
109.9 0.888232 
110 0.891912 
110.1 0.895417 
110.2 0.898757 
110.3 0.901943 
110.4 0.904984 
110.5 0.907888 
110.6 0.910663 
110.7 0.913316 
110.8 0.915855 
110.9 0.918284 
111 0.920612 
111.1 0.922842 
111.2 0.92498 
111.3 0.927031 
111.4 0.929 
111.5 0.93089 
111.6 0.932706 
111.7 0.934452 
111.8 0.93613 
111.9 0.937745 
112 0.939299 
112.1 0.940796 
112.2 0.942237 
112.3 0.943626 
112.4 0.944965 
112.5 0.946257 
112.6 0.947503 
112.7 0.948705 
112.8 0.949866 
112.9 0.950988 
113 0.952071 
113.1 0.953119 
113.2 0.954131 
113.3 0.955111 
113.4 0.956058 
113.5 0.956975 
113.6 0.957863 
113.7 0.958723 
113.8 0.959556 
113.9 0.960363 
114 0.961146 
114.1 0.961905 
114.2 0.962641 
114.3 0.963354 
114.4 0.964047 
114.5 0.96472 
114.6 0.965373 
114.7 0.966007 
114.8 0.966623 
114.9 0.967222 
115 0.967804 
115.1 0.96837 
115.2 0.96892 
115.3 0.969455 
115.4 0.969976 
115.5 0.970482 
115.6 0.970975 
115.7 0.971456 
115.8 0.971923 
115.9 0.972378 
116 0.972822 
116.1 0.973254 
116.2 0.973675 
116.3 0.974086 
116.4 0.974486 
116.5 0.974877 
116.6 0.975257 
116.7 0.975629 
116.8 0.975991 
116.9 0.976345 
117 0.97669 
117.1 0.977027 
117.2 0.977355 
117.3 0.977677 
117.4 0.97799 
117.5 0.978296 
117.6 0.978596 
117.7 0.978888 
117.8 0.979174 
117.9 0.979453 
118 0.979726 
118.1 0.979992 
118.2 0.980253 
118.3 0.980508 
118.4 0.980758 
118.5 0.981001 
118.6 0.98124 
118.7 0.981473 
118.8 0.981701 
118.9 0.981925 
119 0.982143 
119.1 0.982357 
119.2 0.982566 
119.3 0.982771 
119.4 0.982972 
119.5 0.983168 
119.6 0.98336 
119.7 0.983548 
119.8 0.983733 
119.9 0.983913 
120 0.98409 
120.1 0.984263 
120.2 0.984432 
120.3 0.984599 
120.4 0.984761 
120.5 0.984921 
120.6 0.985077 
120.7 0.98523 
120.8 0.98538 
120.9 0.985527 
121 0.985671 
121.1 0.985812 
121.2 0.98595 
121.3 0.986086 
121.4 0.986218 
121.5 0.986349 
121.6 0.986476 
121.7 0.986602 
121.8 0.986724 
121.9 0.986845 
122 0.986963 
122.1 0.987078 
122.2 0.987192 
122.3 0.987303 
122.4 0.987412 
122.5 0.987519 
122.6 0.987624 
122.7 0.987727 
122.8 0.987828 
122.9 0.987927 
123 0.988024 
123.1 0.988119 
123.2 0.988213 
123.3 0.988304 
123.4 0.988394 
123.5 0.988482 
123.6 0.988569 
123.7 0.988654 
123.8 0.988737 
123.9 0.988819 
124 0.988899 
124.1 0.988977 
124.2 0.989055 
124.3 0.98913 
124.4 0.989204 
124.5 0.989277 
124.6 0.989348 
124.7 0.989418 
124.8 0.989487 
124.9 0.989554 
125 0.98962 
125.1 0.989685 
125.2 0.989748 
125.3 0.989811 
125.4 0.989872 
125.5 0.989932 
125.6 0.98999 
125.7 0.990048 
125.8 0.990104 
125.9 0.990159 
126 0.990213 
126.1 0.990266 
126.2 0.990318 
126.3 0.990369 
126.4 0.990419 
126.5 0.990467 
126.6 0.990515 
126.7 0.990562 
126.8 0.990607 
126.9 0.990652 
127 0.990696 
127.1 0.990738 
127.2 0.99078 
127.3 0.990821 
127.4 0.990861 
127.5 0.9909 
127.6 0.990938 
127.7 0.990975 
127.8 0.991011 
127.9 0.991046 
128 0.991081 
128.1 0.991114 
128.2 0.991147 
128.3 0.991178 
128.4 0.991209 
128.5 0.991239 
128.6 0.991268 
128.7 0.991297 
128.8 0.991324 
128.9 0.991351 
129 0.991377 
129.1 0.991402 
129.2 0.991426 
129.3 0.991449 
129.4 0.991471 
129.5 0.991493 
129.6 0.991514 
129.7 0.991534 
129.8 0.991553 
129.9 0.991572 
130 0.991589 
130.1 0.991606 
130.2 0.991622 
130.3 0.991637 
130.4 0.991652 
130.5 0.991665 
130.6 0.991678 
130.7 0.99169 
130.8 0.991701 
130.9 0.991712 
131 0.991721 
131.1 0.99173 
131.2 0.991738 
131.3 0.991745 
131.4 0.991751 
131.5 0.991757 
131.6 0.991762 
131.7 0.991766 
131.8 0.991769 
131.9 0.991771 
132 0.991772 
132.1 0.991773 
132.2 0.991773 
132.3 0.991772 
132.4 0.99177 
132.5 0.991767 
132.6 0.991764 
132.7 0.991759 
132.8 0.991754 
132.9 0.991748 
133 0.99174 
133.1 0.991732 
133.2 0.991724 
133.3 0.991714 
133.4 0.991703 
133.5 0.991691 
133.6 0.991679 
133.7 0.991665 
133.8 0.991651 
133.9 0.991635 
134 0.991619 
134.1 0.991602 
134.2 0.991583 
134.3 0.991564 
134.4 0.991543 
134.5 0.991522 
134.6 0.991499 
134.7 0.991475 
134.8 0.99145 
134.9 0.991425 
135 0.991397 
135.1 0.991369 
135.2 0.99134 
135.3 0.991309 
135.4 0.991277 
135.5 0.991244 
135.6 0.99121 
135.7 0.991174 
135.8 0.991137 
135.9 0.991099 
136 0.991059 
136.1 0.991018 
136.2 0.990975 
136.3 0.990931 
136.4 0.990885 
136.5 0.990838 
136.6 0.99079 
136.7 0.990739 
136.8 0.990687 
136.9 0.990633 
137 0.990578 
137.1 0.990521 
137.2 0.990462 
137.3 0.990401 
137.4 0.990338 
137.5 0.990273 
137.6 0.990206 
137.7 0.990137 
137.8 0.990066 
137.9 0.989992 
138 0.989916 
138.1 0.989838 
138.2 0.989758 
138.3 0.989675 
138.4 0.989589 
138.5 0.989501 
138.6 0.98941 
138.7 0.989316 
138.8 0.989219 
138.9 0.98912 
139 0.989017 
139.1 0.988911 
139.2 0.988801 
139.3 0.988688 
139.4 0.988572 
139.5 0.988452 
139.6 0.988328 
139.7 0.9882 
139.8 0.988068 
139.9 0.987932 
140 0.987791 
140.1 0.987646 
140.2 0.987496 
140.3 0.987341 
140.4 0.987181 
140.5 0.987016 
140.6 0.986845 
140.7 0.986668 
140.8 0.986486 
140.9 0.986297 
141 0.986101 
141.1 0.985899 
141.2 0.98569 
141.3 0.985473 
141.4 0.985249 
141.5 0.985017 
141.6 0.984776 
141.7 0.984527 
141.8 0.984268 
141.9 0.984 
142 0.983722 
142.1 0.983433 
142.2 0.983133 
142.3 0.982822 
142.4 0.982499 
142.5 0.982163 
142.6 0.981813 
142.7 0.98145 
142.8 0.981072 
142.9 0.980679 
143 0.980269 
143.1 0.979843 
143.2 0.979398 
143.3 0.978934 
143.4 0.978451 
143.5 0.977946 
143.6 0.97742 
143.7 0.976869 
143.8 0.976294 
143.9 0.975693 
144 0.975065 
144.1 0.974407 
144.2 0.973718 
144.3 0.972996 
144.4 0.97224 
144.5 0.971448 
144.6 0.970616 
144.7 0.969744 
144.8 0.968827 
144.9 0.967865 
145 0.966854 
145.1 0.965792 
145.2 0.964674 
145.3 0.963499 
145.4 0.962262 
145.5 0.960961 
145.6 0.959591 
145.7 0.95815 
145.8 0.956632 
145.9 0.955034 
146 0.953353 
146.1 0.951584 
146.2 0.949724 
146.3 0.947769 
146.4 0.945716 
146.5 0.943563 
146.6 0.941308 
146.7 0.938949 
146.8 0.936487 
146.9 0.933924 
147 0.931264 
147.1 0.928512 
147.2 0.925677 
147.3 0.922771 
147.4 0.919809 
147.5 0.916813 
147.6 0.913805 
147.7 0.910815 
147.8 0.907878 
147.9 0.905034 
148 0.902326 
148.1 0.899803 
148.2 0.897514 
148.3 0.895512 
148.4 0.893846 
148.5 0.892564 
148.6 0.891707 
148.7 0.891306 
148.8 0.891384 
148.9 0.89195 
149 0.893 
149.1 0.894517 
149.2 0.896473 
149.3 0.898827 
149.4 0.901532 
149.5 0.904534 
149.6 0.907776 
149.7 0.911201 
149.8 0.914753 
149.9 0.918381 
150 0.922039 
150.1 0.925685 
150.2 0.929284 
150.3 0.932809 
150.4 0.936236 
150.5 0.939547 
150.6 0.942731 
150.7 0.945778 
150.8 0.948684 
150.9 0.951446 
151 0.954065 
151.1 0.956542 
151.2 0.958882 
151.3 0.961088 
151.4 0.963166 
151.5 0.965122 
151.6 0.966961 
151.7 0.96869 
151.8 0.970314 
151.9 0.97184 
152 0.973274 
152.1 0.974622 
152.2 0.975888 
152.3 0.977078 
152.4 0.978197 
152.5 0.97925 
152.6 0.98024 
152.7 0.981173 
152.8 0.982051 
152.9 0.982878 
153 0.983659 
153.1 0.984394 
153.2 0.985089 
153.3 0.985745 
153.4 0.986365 
153.5 0.986951 
153.6 0.987505 
153.7 0.98803 
153.8 0.988527 
153.9 0.988998 
154 0.989445 
154.1 0.989869 
154.2 0.990271 
154.3 0.990653 
154.4 0.991016 
154.5 0.991362 
154.6 0.99169 
154.7 0.992003 
154.8 0.992301 
154.9 0.992585 
155 0.992856 
155.1 0.993114 
155.2 0.99336 
155.3 0.993596 
155.4 0.99382 
155.5 0.994035 
155.6 0.994241 
155.7 0.994437 
155.8 0.994625 
155.9 0.994805 
156 0.994978 
156.1 0.995143 
156.2 0.995302 
156.3 0.995454 
156.4 0.9956 
156.5 0.99574 
156.6 0.995874 
156.7 0.996003 
156.8 0.996127 
156.9 0.996247 
157 0.996362 
157.1 0.996472 
157.2 0.996578 
157.3 0.996681 
157.4 0.996779 
157.5 0.996874 
157.6 0.996965 
157.7 0.997054 
157.8 0.997139 
157.9 0.997221 
158 0.9973 
158.1 0.997376 
158.2 0.99745 
158.3 0.997521 
158.4 0.99759 
158.5 0.997656 
158.6 0.997721 
158.7 0.997783 
158.8 0.997843 
158.9 0.997901 
159 0.997957 
159.1 0.998011 
159.2 0.998064 
159.3 0.998115 
159.4 0.998164 
159.5 0.998212 
159.6 0.998259 
159.7 0.998304 
159.8 0.998347 
159.9 0.998389 
160 0.99843 
160.1 0.99847 
160.2 0.998509 
160.3 0.998546 
160.4 0.998582 
160.5 0.998618 
160.6 0.998652 
160.7 0.998685 
160.8 0.998717 
160.9 0.998749 
161 0.998779 
161.1 0.998809 
161.2 0.998838 
161.3 0.998866 
161.4 0.998893 
161.5 0.998919 
161.6 0.998945 
161.7 0.99897 
161.8 0.998995 
161.9 0.999018 
162 0.999041 
162.1 0.999064 
162.2 0.999086 
162.3 0.999107 
162.4 0.999128 
162.5 0.999148 
162.6 0.999168 
162.7 0.999187 
162.8 0.999206 
162.9 0.999224 
163 0.999242 
163.1 0.999259 
163.2 0.999276 
163.3 0.999293 
163.4 0.999309 
163.5 0.999325 
163.6 0.99934 
163.7 0.999355 
163.8 0.99937 
163.9 0.999384 
164 0.999398 
164.1 0.999411 
164.2 0.999425 
164.3 0.999438 
164.4 0.99945 
164.5 0.999463 
164.6 0.999475 
164.7 0.999486 
164.8 0.999498 
164.9 0.999509 
165 0.99952 
165.1 0.999531 
165.2 0.999541 
165.3 0.999552 
165.4 0.999562 
165.5 0.999571 
165.6 0.999581 
165.7 0.99959 
165.8 0.9996 
165.9 0.999609 
166 0.999617 
166.1 0.999626 
166.2 0.999634 
166.3 0.999643 
166.4 0.999651 
166.5 0.999658 
166.6 0.999666 
166.7 0.999674 
166.8 0.999681 
166.9 0.999688 
167 0.999695 
167.1 0.999702 
167.2 0.999709 
167.3 0.999716 
167.4 0.999722 
167.5 0.999728 
167.6 0.999735 
167.7 0.999741 
167.8 0.999747 
167.9 0.999753 
168 0.999758 
168.1 0.999764 
168.2 0.999769 
168.3 0.999775 
168.4 0.99978 
168.5 0.999785 
168.6 0.99979 
168.7 0.999795 
168.8 0.9998 
168.9 0.999805 
169 0.99981 
169.1 0.999814 
169.2 0.999819 
169.3 0.999823 
169.4 0.999827 
169.5 0.999831 
169.6 0.999836 
169.7 0.99984 
169.8 0.999844 
169.9 0.999848 
170 0.999851 
170.1 0.999855 
170.2 0.999859 
170.3 0.999862 
170.4 0.999866 
170.5 0.999869 
170.6 0.999873 
170.7 0.999876 
170.8 0.999879 
170.9 0.999882 
171 0.999886 
171.1 0.999889 
171.2 0.999892 
171.3 0.999894 
171.4 0.999897 
171.5 0.9999 
171.6 0.999903 
171.7 0.999906 
171.8 0.999908 
171.9 0.999911 
172 0.999913 
172.1 0.999916 
172.2 0.999918 
172.3 0.999921 
172.4 0.999923 
172.5 0.999925 
172.6 0.999928 
172.7 0.99993 
172.8 0.999932 
172.9 0.999934 
173 0.999936 
173.1 0.999938 
173.2 0.99994 
173.3 0.999942 
173.4 0.999944 
173.5 0.999946 
173.6 0.999948 
173.7 0.99995 
173.8 0.999951 
173.9 0.999953 
174 0.999955 
174.1 0.999956 
174.2 0.999958 
174.3 0.999959 
174.4 0.999961 
174.5 0.999962 
174.6 0.999964 
174.7 0.999965 
174.8 0.999967 
174.9 0.999968 
175 0.999969 
175.1 0.999971 
175.2 0.999972 
175.3 0.999973 
175.4 0.999974 
175.5 0.999975 
175.6 0.999977 
175.7 0.999978 
175.8 0.999979 
175.9 0.99998 
176 0.999981 
176.1 0.999982 
176.2 0.999983 
176.3 0.999984 
176.4 0.999985 
176.5 0.999985 
176.6 0.999986 
176.7 0.999987 
176.8 0.999988 
176.9 0.999989 
177 0.999989 
177.1 0.99999 
177.2 0.999991 
177.3 0.999991 
177.4 0.999992 
177.5 0.999993 
177.6 0.999993 
177.7 0.999994 
177.8 0.999994 
177.9 0.999995 
178 0.999995 
178.1 0.999996 
178.2 0.999996 
178.3 0.999997 
178.4 0.999997 
178.5 0.999997 
178.6 0.999998 
178.7 0.999998 
178.8 0.999998 
178.9 0.999999 
179 0.999999 
179.1 0.999999 
179.2 0.999999 
179.3 0.999999 
179.4 1 
179.5 1 
179.6 1 
179.7 1 
179.8 1 
