0.1 -2.8364e-06 
0.2 -5.51455e-06 
0.3 -7.87785e-06 
0.4 -9.77296e-06 
0.5 -1.10514e-05 
0.6 -1.1571e-05 
0.7 -1.11975e-05 
0.8 -9.80606e-06 
0.9 -7.28218e-06 
1 -3.52326e-06 
1.1 1.56049e-06 
1.2 8.04509e-06 
1.3 1.5992e-05 
1.4 2.54473e-05 
1.5 3.64418e-05 
1.6 4.899e-05 
1.7 6.30904e-05 
1.8 7.87258e-05 
1.9 9.58631e-05 
2 0.000114454 
2.1 0.000134436 
2.2 0.000155733 
2.3 0.000178257 
2.4 0.000201906 
2.5 0.000226572 
2.6 0.000252137 
2.7 0.000278476 
2.8 0.000305461 
2.9 0.000332961 
3 0.000360843 
3.1 0.000388977 
3.2 0.000417237 
3.3 0.000445502 
3.4 0.000473661 
3.5 0.00050161 
3.6 0.000529258 
3.7 0.00055653 
3.8 0.000583363 
3.9 0.000609711 
4 0.000635547 
4.1 0.000660861 
4.2 0.000685663 
4.3 0.000709979 
4.4 0.000733857 
4.5 0.00075736 
4.6 0.000780571 
4.7 0.000803587 
4.8 0.000826518 
4.9 0.000849488 
5 0.000872631 
5.1 0.000896087 
5.2 0.000920002 
5.3 0.000944524 
5.4 0.000969799 
5.5 0.000995972 
5.6 0.00102318 
5.7 0.00105154 
5.8 0.00108119 
5.9 0.00111221 
6 0.00114469 
6.1 0.0011787 
6.2 0.00121428 
6.3 0.00125147 
6.4 0.00129027 
6.5 0.00133066 
6.6 0.0013726 
6.7 0.00141604 
6.8 0.0014609 
6.9 0.00150709 
7 0.00155451 
7.1 0.00160302 
7.2 0.0016525 
7.3 0.00170281 
7.4 0.00175379 
7.5 0.00180531 
7.6 0.00185721 
7.7 0.00190936 
7.8 0.00196161 
7.9 0.00201384 
8 0.00206592 
8.1 0.00211775 
8.2 0.00216923 
8.3 0.0022203 
8.4 0.00227088 
8.5 0.00232093 
8.6 0.00237042 
8.7 0.00241932 
8.8 0.00246764 
8.9 0.00251538 
9 0.00256254 
9.1 0.00260916 
9.2 0.00265526 
9.3 0.00270087 
9.4 0.00274601 
9.5 0.0027907 
9.6 0.00283495 
9.7 0.00287878 
9.8 0.00292218 
9.9 0.00296512 
10 0.00300758 
10.1 0.0030495 
10.2 0.00309082 
10.3 0.00313145 
10.4 0.0031713 
10.5 0.00321025 
10.6 0.00324817 
10.7 0.00328493 
10.8 0.00332036 
10.9 0.00335432 
11 0.00338663 
11.1 0.00341714 
11.2 0.00344568 
11.3 0.00347208 
11.4 0.00349619 
11.5 0.00351787 
11.6 0.003537 
11.7 0.00355344 
11.8 0.0035671 
11.9 0.00357791 
12 0.00358579 
12.1 0.0035907 
12.2 0.00359263 
12.3 0.00359156 
12.4 0.00358752 
12.5 0.00358052 
12.6 0.00357061 
12.7 0.00355785 
12.8 0.0035423 
12.9 0.00352403 
13 0.0035031 
13.1 0.00347959 
13.2 0.00345354 
13.3 0.00342501 
13.4 0.00339404 
13.5 0.00336064 
13.6 0.0033248 
13.7 0.00328651 
13.8 0.00324572 
13.9 0.00320233 
14 0.00315626 
14.1 0.00310737 
14.2 0.0030555 
14.3 0.00300046 
14.4 0.00294205 
14.5 0.00288003 
14.6 0.00281416 
14.7 0.00274418 
14.8 0.00266981 
14.9 0.00259078 
15 0.0025068 
15.1 0.00241761 
15.2 0.00232294 
15.3 0.00222254 
15.4 0.0021162 
15.5 0.00200369 
15.6 0.00188486 
15.7 0.00175955 
15.8 0.00162767 
15.9 0.00148914 
16 0.00134393 
16.1 0.00119206 
16.2 0.00103358 
16.3 0.000868583 
16.4 0.000697191 
16.5 0.000519568 
16.6 0.000335908 
16.7 0.000146431 
16.8 -4.86203e-05 
16.9 -0.000248988 
17 -0.000454402 
17.1 -0.00066459 
17.2 -0.000879279 
17.3 -0.00109821 
17.4 -0.00132112 
17.5 -0.0015478 
17.6 -0.00177803 
17.7 -0.00201165 
17.8 -0.00224852 
17.9 -0.00248854 
18 -0.00273165 
18.1 -0.00297785 
18.2 -0.00322715 
18.3 -0.00347964 
18.4 -0.00373542 
18.5 -0.00399466 
18.6 -0.00425755 
18.7 -0.00452431 
18.8 -0.00479518 
18.9 -0.00507044 
19 -0.00535037 
19.1 -0.00563527 
19.2 -0.00592543 
19.3 -0.00622113 
19.4 -0.00652264 
19.5 -0.00683021 
19.6 -0.00714406 
19.7 -0.00746437 
19.8 -0.00779128 
19.9 -0.00812489 
20 -0.00846525 
20.1 -0.00881235 
20.2 -0.00916612 
20.3 -0.00952644 
20.4 -0.00989314 
20.5 -0.010266 
20.6 -0.0106447 
20.7 -0.0110289 
20.8 -0.0114183 
20.9 -0.0118124 
21 -0.0122108 
21.1 -0.0126129 
21.2 -0.0130184 
21.3 -0.0134267 
21.4 -0.0138372 
21.5 -0.0142495 
21.6 -0.0146631 
21.7 -0.0150775 
21.8 -0.0154922 
21.9 -0.0159068 
22 -0.016321 
22.1 -0.0167344 
22.2 -0.0171467 
22.3 -0.0175577 
22.4 -0.0179672 
22.5 -0.018375 
22.6 -0.0187811 
22.7 -0.0191855 
22.8 -0.019588 
22.9 -0.0199888 
23 -0.0203879 
23.1 -0.0207855 
23.2 -0.0211816 
23.3 -0.0215765 
23.4 -0.0219702 
23.5 -0.0223629 
23.6 -0.0227548 
23.7 -0.023146 
23.8 -0.0235367 
23.9 -0.0239268 
24 -0.0243164 
24.1 -0.0247057 
24.2 -0.0250945 
24.3 -0.0254828 
24.4 -0.0258705 
24.5 -0.0262574 
24.6 -0.0266433 
24.7 -0.0270279 
24.8 -0.027411 
24.9 -0.0277922 
25 -0.0281712 
25.1 -0.0285475 
25.2 -0.0289207 
25.3 -0.0292903 
25.4 -0.0296559 
25.5 -0.0300169 
25.6 -0.030373 
25.7 -0.0307236 
25.8 -0.0310682 
25.9 -0.0314065 
26 -0.0317379 
26.1 -0.0320621 
26.2 -0.0323788 
26.3 -0.0326875 
26.4 -0.0329879 
26.5 -0.0332799 
26.6 -0.0335632 
26.7 -0.0338377 
26.8 -0.0341031 
26.9 -0.0343594 
27 -0.0346066 
27.1 -0.0348446 
27.2 -0.0350733 
27.3 -0.0352929 
27.4 -0.0355033 
27.5 -0.0357046 
27.6 -0.0358968 
27.7 -0.0360801 
27.8 -0.0362544 
27.9 -0.0364198 
28 -0.0365764 
28.1 -0.0367241 
28.2 -0.0368631 
28.3 -0.0369932 
28.4 -0.0371145 
28.5 -0.0372269 
28.6 -0.0373302 
28.7 -0.0374245 
28.8 -0.0375096 
28.9 -0.0375852 
29 -0.0376514 
29.1 -0.0377078 
29.2 -0.0377543 
29.3 -0.0377906 
29.4 -0.0378166 
29.5 -0.0378321 
29.6 -0.0378368 
29.7 -0.0378305 
29.8 -0.0378131 
29.9 -0.0377843 
30 -0.037744 
30.1 -0.0376921 
30.2 -0.0376284 
30.3 -0.0375528 
30.4 -0.0374654 
30.5 -0.0373659 
30.6 -0.0372544 
30.7 -0.037131 
30.8 -0.0369956 
30.9 -0.0368483 
31 -0.0366892 
31.1 -0.0365183 
31.2 -0.0363357 
31.3 -0.0361416 
31.4 -0.035936 
31.5 -0.0357192 
31.6 -0.0354911 
31.7 -0.0352519 
31.8 -0.0350016 
31.9 -0.0347405 
32 -0.0344685 
32.1 -0.0341856 
32.2 -0.033892 
32.3 -0.0335876 
32.4 -0.0332724 
32.5 -0.0329464 
32.6 -0.0326096 
32.7 -0.0322618 
32.8 -0.031903 
32.9 -0.031533 
33 -0.0311519 
33.1 -0.0307594 
33.2 -0.0303554 
33.3 -0.0299399 
33.4 -0.0295127 
33.5 -0.0290736 
33.6 -0.0286226 
33.7 -0.0281597 
33.8 -0.0276847 
33.9 -0.0271976 
34 -0.0266983 
34.1 -0.026187 
34.2 -0.0256637 
34.3 -0.0251284 
34.4 -0.0245812 
34.5 -0.0240223 
34.6 -0.0234519 
34.7 -0.0228701 
34.8 -0.0222771 
34.9 -0.0216733 
35 -0.0210589 
35.1 -0.0204342 
35.2 -0.0197995 
35.3 -0.0191551 
35.4 -0.0185012 
35.5 -0.0178383 
35.6 -0.0171667 
35.7 -0.0164865 
35.8 -0.0157982 
35.9 -0.0151019 
36 -0.0143979 
36.1 -0.0136864 
36.2 -0.0129676 
36.3 -0.0122415 
36.4 -0.0115084 
36.5 -0.0107683 
36.6 -0.0100212 
36.7 -0.0092671 
36.8 -0.008506 
36.9 -0.00773782 
37 -0.00696246 
37.1 -0.0061798 
37.2 -0.0053897 
37.3 -0.00459199 
37.4 -0.0037865 
37.5 -0.00297306 
37.6 -0.00215146 
37.7 -0.00132155 
37.8 -0.000483128 
37.9 0.000363947 
38 0.00121982 
38.1 0.00208461 
38.2 0.0029584 
38.3 0.00384126 
38.4 0.0047332 
38.5 0.0056342 
38.6 0.00654423 
38.7 0.00746317 
38.8 0.00839091 
38.9 0.00932726 
39 0.010272 
39.1 0.0112249 
39.2 0.0121857 
39.3 0.013154 
39.4 0.0141296 
39.5 0.015112 
39.6 0.0161009 
39.7 0.0170958 
39.8 0.0180965 
39.9 0.0191025 
40 0.0201134 
40.1 0.0211288 
40.2 0.0221484 
40.3 0.0231719 
40.4 0.0241989 
40.5 0.0252291 
40.6 0.0262623 
40.7 0.0272983 
40.8 0.028337 
40.9 0.0293781 
41 0.0304217 
41.1 0.0314676 
41.2 0.0325159 
41.3 0.0335666 
41.4 0.0346198 
41.5 0.0356756 
41.6 0.0367342 
41.7 0.0377957 
41.8 0.0388603 
41.9 0.0399283 
42 0.0409998 
42.1 0.0420752 
42.2 0.0431546 
42.3 0.0442383 
42.4 0.0453265 
42.5 0.0464194 
42.6 0.0475173 
42.7 0.0486202 
42.8 0.0497283 
42.9 0.0508417 
43 0.0519605 
43.1 0.0530847 
43.2 0.0542143 
43.3 0.0553493 
43.4 0.0564895 
43.5 0.0576348 
43.6 0.0587851 
43.7 0.0599401 
43.8 0.0610995 
43.9 0.0622632 
44 0.0634308 
44.1 0.064602 
44.2 0.0657763 
44.3 0.0669535 
44.4 0.0681332 
44.5 0.0693151 
44.6 0.0704986 
44.7 0.0716835 
44.8 0.0728694 
44.9 0.0740559 
45 0.0752428 
45.1 0.0764297 
45.2 0.0776165 
45.3 0.0788027 
45.4 0.0799883 
45.5 0.0811731 
45.6 0.082357 
45.7 0.0835398 
45.8 0.0847215 
45.9 0.0859021 
46 0.0870816 
46.1 0.0882601 
46.2 0.0894376 
46.3 0.0906143 
46.4 0.0917903 
46.5 0.0929657 
46.6 0.0941408 
46.7 0.0953155 
46.8 0.0964903 
46.9 0.0976651 
47 0.0988402 
47.1 0.100016 
47.2 0.101192 
47.3 0.102369 
47.4 0.103547 
47.5 0.104725 
47.6 0.105905 
47.7 0.107085 
47.8 0.108266 
47.9 0.109449 
48 0.110632 
48.1 0.111815 
48.2 0.112999 
48.3 0.114183 
48.4 0.115367 
48.5 0.116551 
48.6 0.117733 
48.7 0.118915 
48.8 0.120096 
48.9 0.121274 
49 0.12245 
49.1 0.123624 
49.2 0.124794 
49.3 0.125961 
49.4 0.127124 
49.5 0.128282 
49.6 0.129435 
49.7 0.130582 
49.8 0.131724 
49.9 0.132859 
50 0.133988 
50.1 0.13511 
50.2 0.136223 
50.3 0.13733 
50.4 0.138428 
50.5 0.139517 
50.6 0.140598 
50.7 0.141669 
50.8 0.142732 
50.9 0.143785 
51 0.144828 
51.1 0.145861 
51.2 0.146884 
51.3 0.147896 
51.4 0.148898 
51.5 0.149889 
51.6 0.150869 
51.7 0.151838 
51.8 0.152795 
51.9 0.15374 
52 0.154674 
52.1 0.155594 
52.2 0.156502 
52.3 0.157397 
52.4 0.158278 
52.5 0.159144 
52.6 0.159996 
52.7 0.160833 
52.8 0.161654 
52.9 0.162458 
53 0.163246 
53.1 0.164015 
53.2 0.164766 
53.3 0.165497 
53.4 0.166207 
53.5 0.166897 
53.6 0.167564 
53.7 0.168208 
53.8 0.168828 
53.9 0.169423 
54 0.169991 
54.1 0.170533 
54.2 0.171046 
54.3 0.17153 
54.4 0.171984 
54.5 0.172406 
54.6 0.172795 
54.7 0.173151 
54.8 0.173472 
54.9 0.173756 
55 0.174004 
55.1 0.174214 
55.2 0.174385 
55.3 0.174515 
55.4 0.174603 
55.5 0.17465 
55.6 0.174652 
55.7 0.174609 
55.8 0.174521 
55.9 0.174385 
56 0.174202 
56.1 0.173968 
56.2 0.173685 
56.3 0.173349 
56.4 0.172961 
56.5 0.172518 
56.6 0.172021 
56.7 0.171466 
56.8 0.170854 
56.9 0.170183 
57 0.169451 
57.1 0.168658 
57.2 0.167801 
57.3 0.16688 
57.4 0.165894 
57.5 0.164841 
57.6 0.163719 
57.7 0.162528 
57.8 0.161266 
57.9 0.159932 
58 0.158525 
58.1 0.157042 
58.2 0.155484 
58.3 0.153849 
58.4 0.152136 
58.5 0.150344 
58.6 0.148471 
58.7 0.146518 
58.8 0.144482 
58.9 0.142364 
59 0.140163 
59.1 0.137878 
59.2 0.135508 
59.3 0.133054 
59.4 0.130515 
59.5 0.127891 
59.6 0.125182 
59.7 0.122388 
59.8 0.119509 
59.9 0.116546 
60 0.113499 
60.1 0.110369 
60.2 0.107156 
60.3 0.103862 
60.4 0.100487 
60.5 0.0970329 
60.6 0.0935006 
60.7 0.0898915 
60.8 0.0862071 
60.9 0.0824491 
61 0.0786192 
61.1 0.0747192 
61.2 0.070751 
61.3 0.0667169 
61.4 0.0626189 
61.5 0.0584593 
61.6 0.0542404 
61.7 0.0499649 
61.8 0.0456351 
61.9 0.0412539 
62 0.0368239 
62.1 0.0323479 
62.2 0.027829 
62.3 0.0232701 
62.4 0.0186743 
62.5 0.0140447 
62.6 0.00938466 
62.7 0.00469743 
62.8 -1.35796e-05 
62.9 -0.00474494 
63 -0.00949312 
63.1 -0.0142546 
63.2 -0.0190257 
63.3 -0.0238028 
63.4 -0.0285822 
63.5 -0.0333601 
63.6 -0.0381329 
63.7 -0.0428967 
63.8 -0.0476478 
63.9 -0.0523825 
64 -0.0570969 
64.1 -0.0617874 
64.2 -0.0664504 
64.3 -0.0710821 
64.4 -0.0756791 
64.5 -0.0802378 
64.6 -0.0847548 
64.7 -0.0892269 
64.8 -0.0936509 
64.9 -0.0980236 
65 -0.102342 
65.1 -0.106604 
65.2 -0.110806 
65.3 -0.114945 
65.4 -0.119021 
65.5 -0.123029 
65.6 -0.126969 
65.7 -0.130838 
65.8 -0.134635 
65.9 -0.138358 
66 -0.142007 
66.1 -0.145579 
66.2 -0.149074 
66.3 -0.152491 
66.4 -0.155829 
66.5 -0.159089 
66.6 -0.162268 
66.7 -0.165369 
66.8 -0.168389 
66.9 -0.17133 
67 -0.174192 
67.1 -0.176974 
67.2 -0.179677 
67.3 -0.182302 
67.4 -0.18485 
67.5 -0.18732 
67.6 -0.189714 
67.7 -0.192032 
67.8 -0.194275 
67.9 -0.196445 
68 -0.198541 
68.1 -0.200564 
68.2 -0.202517 
68.3 -0.204398 
68.4 -0.206211 
68.5 -0.207955 
68.6 -0.209631 
68.7 -0.21124 
68.8 -0.212784 
68.9 -0.214263 
69 -0.215679 
69.1 -0.217031 
69.2 -0.218322 
69.3 -0.219553 
69.4 -0.220723 
69.5 -0.221834 
69.6 -0.222888 
69.7 -0.223884 
69.8 -0.224825 
69.9 -0.225711 
70 -0.226543 
70.1 -0.227323 
70.2 -0.22805 
70.3 -0.228727 
70.4 -0.229355 
70.5 -0.229933 
70.6 -0.230465 
70.7 -0.23095 
70.8 -0.23139 
70.9 -0.231786 
71 -0.232139 
71.1 -0.23245 
71.2 -0.232721 
71.3 -0.232952 
71.4 -0.233146 
71.5 -0.233302 
71.6 -0.233423 
71.7 -0.233509 
71.8 -0.233562 
71.9 -0.233582 
72 -0.233572 
72.1 -0.233532 
72.2 -0.233462 
72.3 -0.233366 
72.4 -0.233242 
72.5 -0.233093 
72.6 -0.23292 
72.7 -0.232723 
72.8 -0.232504 
72.9 -0.232263 
73 -0.232001 
73.1 -0.23172 
73.2 -0.23142 
73.3 -0.231101 
73.4 -0.230766 
73.5 -0.230413 
73.6 -0.230045 
73.7 -0.229661 
73.8 -0.229263 
73.9 -0.228851 
74 -0.228425 
74.1 -0.227986 
74.2 -0.227534 
74.3 -0.227071 
74.4 -0.226595 
74.5 -0.226109 
74.6 -0.225612 
74.7 -0.225104 
74.8 -0.224586 
74.9 -0.224058 
75 -0.223521 
75.1 -0.222975 
75.2 -0.222419 
75.3 -0.221856 
75.4 -0.221283 
75.5 -0.220703 
75.6 -0.220115 
75.7 -0.21952 
75.8 -0.218917 
75.9 -0.218307 
76 -0.217691 
76.1 -0.217068 
76.2 -0.216439 
76.3 -0.215805 
76.4 -0.215164 
76.5 -0.214519 
76.6 -0.213868 
76.7 -0.213212 
76.8 -0.212552 
76.9 -0.211888 
77 -0.21122 
77.1 -0.210548 
77.2 -0.209873 
77.3 -0.209195 
77.4 -0.208514 
77.5 -0.20783 
77.6 -0.207145 
77.7 -0.206457 
77.8 -0.205768 
77.9 -0.205077 
78 -0.204385 
78.1 -0.203692 
78.2 -0.202999 
78.3 -0.202304 
78.4 -0.20161 
78.5 -0.200915 
78.6 -0.200221 
78.7 -0.199527 
78.8 -0.198833 
78.9 -0.198139 
79 -0.197447 
79.1 -0.196755 
79.2 -0.196064 
79.3 -0.195374 
79.4 -0.194685 
79.5 -0.193998 
79.6 -0.193311 
79.7 -0.192626 
79.8 -0.191943 
79.9 -0.19126 
80 -0.190579 
80.1 -0.1899 
80.2 -0.189222 
80.3 -0.188545 
80.4 -0.18787 
80.5 -0.187197 
80.6 -0.186525 
80.7 -0.185854 
80.8 -0.185185 
80.9 -0.184517 
81 -0.183851 
81.1 -0.183186 
81.2 -0.182523 
81.3 -0.181861 
81.4 -0.181201 
81.5 -0.180542 
81.6 -0.179884 
81.7 -0.179228 
81.8 -0.178574 
81.9 -0.177921 
82 -0.17727 
82.1 -0.17662 
82.2 -0.175971 
82.3 -0.175325 
82.4 -0.17468 
82.5 -0.174036 
82.6 -0.173394 
82.7 -0.172754 
82.8 -0.172116 
82.9 -0.171479 
83 -0.170845 
83.1 -0.170212 
83.2 -0.169581 
83.3 -0.168952 
83.4 -0.168326 
83.5 -0.167701 
83.6 -0.167078 
83.7 -0.166457 
83.8 -0.165839 
83.9 -0.165223 
84 -0.164609 
84.1 -0.163997 
84.2 -0.163388 
84.3 -0.16278 
84.4 -0.162175 
84.5 -0.161573 
84.6 -0.160973 
84.7 -0.160375 
84.8 -0.159779 
84.9 -0.159186 
85 -0.158595 
85.1 -0.158006 
85.2 -0.15742 
85.3 -0.156836 
85.4 -0.156254 
85.5 -0.155675 
85.6 -0.155098 
85.7 -0.154522 
85.8 -0.15395 
85.9 -0.153379 
86 -0.15281 
86.1 -0.152243 
86.2 -0.151679 
86.3 -0.151116 
86.4 -0.150555 
86.5 -0.149997 
86.6 -0.14944 
86.7 -0.148885 
86.8 -0.148332 
86.9 -0.14778 
87 -0.14723 
87.1 -0.146682 
87.2 -0.146136 
87.3 -0.145591 
87.4 -0.145048 
87.5 -0.144507 
87.6 -0.143967 
87.7 -0.143428 
87.8 -0.142892 
87.9 -0.142356 
88 -0.141822 
88.1 -0.14129 
88.2 -0.140759 
88.3 -0.140229 
88.4 -0.139701 
88.5 -0.139174 
88.6 -0.138648 
88.7 -0.138124 
88.8 -0.137601 
88.9 -0.137079 
89 -0.136559 
89.1 -0.136039 
89.2 -0.135521 
89.3 -0.135005 
89.4 -0.134489 
89.5 -0.133974 
89.6 -0.133461 
89.7 -0.132949 
89.8 -0.132437 
89.9 -0.131927 
90 -0.131418 
90.1 -0.13091 
90.2 -0.130402 
90.3 -0.129896 
90.4 -0.12939 
90.5 -0.128885 
90.6 -0.128381 
90.7 -0.127877 
90.8 -0.127375 
90.9 -0.126872 
91 -0.12637 
91.1 -0.125869 
91.2 -0.125368 
91.3 -0.124867 
91.4 -0.124367 
91.5 -0.123867 
91.6 -0.123367 
91.7 -0.122867 
91.8 -0.122367 
91.9 -0.121867 
92 -0.121366 
92.1 -0.120866 
92.2 -0.120365 
92.3 -0.119864 
92.4 -0.119362 
92.5 -0.11886 
92.6 -0.118357 
92.7 -0.117854 
92.8 -0.117349 
92.9 -0.116844 
93 -0.116338 
93.1 -0.115831 
93.2 -0.115323 
93.3 -0.114813 
93.4 -0.114303 
93.5 -0.113791 
93.6 -0.113277 
93.7 -0.112762 
93.8 -0.112245 
93.9 -0.111726 
94 -0.111206 
94.1 -0.110683 
94.2 -0.110159 
94.3 -0.109632 
94.4 -0.109103 
94.5 -0.108571 
94.6 -0.108036 
94.7 -0.107499 
94.8 -0.106959 
94.9 -0.106416 
95 -0.10587 
95.1 -0.10532 
95.2 -0.104766 
95.3 -0.104209 
95.4 -0.103647 
95.5 -0.103082 
95.6 -0.102512 
95.7 -0.101937 
95.8 -0.101357 
95.9 -0.100772 
96 -0.100182 
96.1 -0.0995857 
96.2 -0.0989834 
96.3 -0.0983746 
96.4 -0.097759 
96.5 -0.0971362 
96.6 -0.0965059 
96.7 -0.0958677 
96.8 -0.0952212 
96.9 -0.0945658 
97 -0.0939011 
97.1 -0.0932267 
97.2 -0.0925419 
97.3 -0.0918463 
97.4 -0.0911393 
97.5 -0.0904203 
97.6 -0.0896885 
97.7 -0.0889434 
97.8 -0.0881843 
97.9 -0.0874103 
98 -0.0866206 
98.1 -0.0858145 
98.2 -0.084991 
98.3 -0.0841492 
98.4 -0.0832881 
98.5 -0.0824066 
98.6 -0.0815036 
98.7 -0.0805779 
98.8 -0.0796283 
98.9 -0.0786533 
99 -0.0776515 
99.1 -0.0766215 
99.2 -0.0755615 
99.3 -0.0744699 
99.4 -0.0733447 
99.5 -0.072184 
99.6 -0.0709857 
99.7 -0.0697475 
99.8 -0.068467 
99.9 -0.0671415 
100 -0.0657683 
100.1 -0.0643444 
100.2 -0.0628667 
100.3 -0.0613315 
100.4 -0.0597354 
100.5 -0.0580744 
100.6 -0.0563443 
100.7 -0.0545405 
100.8 -0.0526585 
100.9 -0.050693 
101 -0.0486387 
101.1 -0.04649 
101.2 -0.0442408 
101.3 -0.0418851 
101.4 -0.0394163 
101.5 -0.036828 
101.6 -0.0341135 
101.7 -0.0312664 
101.8 -0.0282807 
101.9 -0.0251507 
102 -0.021872 
102.1 -0.0184415 
102.2 -0.0148582 
102.3 -0.0111243 
102.4 -0.00724572 
102.5 -0.00323405 
102.6 0.000892252 
102.7 0.00510563 
102.8 0.00936717 
102.9 0.0136239 
103 0.0178061 
103.1 0.0218245 
103.2 0.0255683 
103.3 0.028904 
103.4 0.0316764 
103.5 0.0337129 
103.6 0.0348313 
103.7 0.0348525 
103.8 0.0336174 
103.9 0.0310065 
104 0.0269604 
104.1 0.0214952 
104.2 0.0147106 
104.3 0.00678652 
104.4 -0.00203193 
104.5 -0.0114585 
104.6 -0.0211941 
104.7 -0.0309542 
104.8 -0.0404903 
104.9 -0.0496028 
105 -0.0581463 
105.1 -0.0660275 
105.2 -0.0731985 
105.3 -0.0796478 
105.4 -0.0853917 
105.5 -0.0904651 
105.6 -0.0949148 
105.7 -0.0987937 
105.8 -0.102157 
105.9 -0.105058 
106 -0.10755 
106.1 -0.109679 
106.2 -0.111491 
106.3 -0.113023 
106.4 -0.114312 
106.5 -0.115388 
106.6 -0.11628 
106.7 -0.11701 
106.8 -0.1176 
106.9 -0.118068 
107 -0.11843 
107.1 -0.1187 
107.2 -0.11889 
107.3 -0.119011 
107.4 -0.119071 
107.5 -0.119079 
107.6 -0.119041 
107.7 -0.118964 
107.8 -0.118853 
107.9 -0.118712 
108 -0.118545 
108.1 -0.118357 
108.2 -0.118149 
108.3 -0.117925 
108.4 -0.117686 
108.5 -0.117436 
108.6 -0.117176 
108.7 -0.116907 
108.8 -0.116631 
108.9 -0.116349 
109 -0.116062 
109.1 -0.115772 
109.2 -0.115478 
109.3 -0.115182 
109.4 -0.114885 
109.5 -0.114587 
109.6 -0.114288 
109.7 -0.113989 
109.8 -0.11369 
109.9 -0.113393 
110 -0.113096 
110.1 -0.112801 
110.2 -0.112507 
110.3 -0.112215 
110.4 -0.111925 
110.5 -0.111638 
110.6 -0.111352 
110.7 -0.11107 
110.8 -0.110789 
110.9 -0.110512 
111 -0.110237 
111.1 -0.109965 
111.2 -0.109696 
111.3 -0.10943 
111.4 -0.109167 
111.5 -0.108907 
111.6 -0.108651 
111.7 -0.108397 
111.8 -0.108146 
111.9 -0.107899 
112 -0.107654 
112.1 -0.107413 
112.2 -0.107175 
112.3 -0.10694 
112.4 -0.106708 
112.5 -0.106479 
112.6 -0.106254 
112.7 -0.106031 
112.8 -0.105811 
112.9 -0.105595 
113 -0.105381 
113.1 -0.10517 
113.2 -0.104963 
113.3 -0.104758 
113.4 -0.104555 
113.5 -0.104356 
113.6 -0.10416 
113.7 -0.103966 
113.8 -0.103775 
113.9 -0.103586 
114 -0.1034 
114.1 -0.103217 
114.2 -0.103036 
114.3 -0.102858 
114.4 -0.102682 
114.5 -0.102509 
114.6 -0.102338 
114.7 -0.102169 
114.8 -0.102003 
114.9 -0.101839 
115 -0.101677 
115.1 -0.101517 
115.2 -0.101359 
115.3 -0.101204 
115.4 -0.101051 
115.5 -0.100899 
115.6 -0.10075 
115.7 -0.100603 
115.8 -0.100458 
115.9 -0.100314 
116 -0.100173 
116.1 -0.100034 
116.2 -0.0998959 
116.3 -0.0997602 
116.4 -0.0996264 
116.5 -0.0994944 
116.6 -0.0993641 
116.7 -0.0992357 
116.8 -0.0991091 
116.9 -0.0989842 
117 -0.0988611 
117.1 -0.0987398 
117.2 -0.0986201 
117.3 -0.0985023 
117.4 -0.0983861 
117.5 -0.0982717 
117.6 -0.098159 
117.7 -0.098048 
117.8 -0.0979387 
117.9 -0.0978311 
118 -0.0977253 
118.1 -0.0976211 
118.2 -0.0975186 
118.3 -0.0974179 
118.4 -0.0973189 
118.5 -0.0972216 
118.6 -0.097126 
118.7 -0.0970321 
118.8 -0.09694 
118.9 -0.0968495 
119 -0.0967608 
119.1 -0.0966739 
119.2 -0.0965886 
119.3 -0.0965052 
119.4 -0.0964234 
119.5 -0.0963434 
119.6 -0.0962652 
119.7 -0.0961887 
119.8 -0.096114 
119.9 -0.096041 
120 -0.0959698 
120.1 -0.0959004 
120.2 -0.0958328 
120.3 -0.0957669 
120.4 -0.0957028 
120.5 -0.0956405 
120.6 -0.09558 
120.7 -0.0955212 
120.8 -0.0954643 
120.9 -0.0954091 
121 -0.0953557 
121.1 -0.0953041 
121.2 -0.0952543 
121.3 -0.0952062 
121.4 -0.09516 
121.5 -0.0951155 
121.6 -0.0950728 
121.7 -0.0950319 
121.8 -0.0949928 
121.9 -0.0949554 
122 -0.0949198 
122.1 -0.094886 
122.2 -0.094854 
122.3 -0.0948237 
122.4 -0.0947952 
122.5 -0.0947684 
122.6 -0.0947434 
122.7 -0.0947202 
122.8 -0.0946987 
122.9 -0.0946789 
123 -0.0946609 
123.1 -0.0946447 
123.2 -0.0946302 
123.3 -0.0946174 
123.4 -0.0946064 
123.5 -0.0945972 
123.6 -0.0945896 
123.7 -0.0945838 
123.8 -0.0945798 
123.9 -0.0945774 
124 -0.0945769 
124.1 -0.094578 
124.2 -0.0945809 
124.3 -0.0945855 
124.4 -0.0945919 
124.5 -0.0946001 
124.6 -0.09461 
124.7 -0.0946216 
124.8 -0.094635 
124.9 -0.0946502 
125 -0.0946672 
125.1 -0.0946859 
125.2 -0.0947065 
125.3 -0.0947288 
125.4 -0.0947529 
125.5 -0.0947789 
125.6 -0.0948067 
125.7 -0.0948363 
125.8 -0.0948678 
125.9 -0.0949011 
126 -0.0949363 
126.1 -0.0949734 
126.2 -0.0950124 
126.3 -0.0950533 
126.4 -0.0950962 
126.5 -0.095141 
126.6 -0.0951878 
126.7 -0.0952365 
126.8 -0.0952873 
126.9 -0.0953401 
127 -0.0953949 
127.1 -0.0954518 
127.2 -0.0955108 
127.3 -0.0955719 
127.4 -0.0956351 
127.5 -0.0957005 
127.6 -0.095768 
127.7 -0.0958378 
127.8 -0.0959097 
127.9 -0.0959839 
128 -0.0960604 
128.1 -0.0961392 
128.2 -0.0962203 
128.3 -0.0963038 
128.4 -0.0963897 
128.5 -0.0964779 
128.6 -0.0965686 
128.7 -0.0966618 
128.8 -0.0967575 
128.9 -0.0968557 
129 -0.0969564 
129.1 -0.0970598 
129.2 -0.0971657 
129.3 -0.0972743 
129.4 -0.0973856 
129.5 -0.0974996 
129.6 -0.0976164 
129.7 -0.0977359 
129.8 -0.0978583 
129.9 -0.0979835 
130 -0.0981116 
130.1 -0.0982426 
130.2 -0.0983766 
130.3 -0.0985136 
130.4 -0.0986536 
130.5 -0.0987967 
130.6 -0.0989429 
130.7 -0.0990922 
130.8 -0.0992447 
130.9 -0.0994005 
131 -0.0995595 
131.1 -0.0997219 
131.2 -0.0998876 
131.3 -0.100057 
131.4 -0.100229 
131.5 -0.100405 
131.6 -0.100585 
131.7 -0.100768 
131.8 -0.100955 
131.9 -0.101145 
132 -0.101339 
132.1 -0.101537 
132.2 -0.101739 
132.3 -0.101944 
132.4 -0.102154 
132.5 -0.102367 
132.6 -0.102585 
132.7 -0.102807 
132.8 -0.103033 
132.9 -0.103263 
133 -0.103497 
133.1 -0.103735 
133.2 -0.103978 
133.3 -0.104226 
133.4 -0.104478 
133.5 -0.104735 
133.6 -0.104996 
133.7 -0.105262 
133.8 -0.105533 
133.9 -0.105809 
134 -0.106089 
134.1 -0.106375 
134.2 -0.106666 
134.3 -0.106962 
134.4 -0.107263 
134.5 -0.10757 
134.6 -0.107883 
134.7 -0.1082 
134.8 -0.108524 
134.9 -0.108853 
135 -0.109188 
135.1 -0.10953 
135.2 -0.109877 
135.3 -0.11023 
135.4 -0.11059 
135.5 -0.110956 
135.6 -0.111329 
135.7 -0.111708 
135.8 -0.112094 
135.9 -0.112487 
136 -0.112887 
136.1 -0.113295 
136.2 -0.113709 
136.3 -0.114131 
136.4 -0.114561 
136.5 -0.114998 
136.6 -0.115444 
136.7 -0.115897 
136.8 -0.116359 
136.9 -0.116829 
137 -0.117308 
137.1 -0.117795 
137.2 -0.118292 
137.3 -0.118797 
137.4 -0.119312 
137.5 -0.119836 
137.6 -0.120371 
137.7 -0.120915 
137.8 -0.121469 
137.9 -0.122034 
138 -0.122609 
138.1 -0.123195 
138.2 -0.123793 
138.3 -0.124402 
138.4 -0.125022 
138.5 -0.125654 
138.6 -0.126299 
138.7 -0.126955 
138.8 -0.127625 
138.9 -0.128308 
139 -0.129004 
139.1 -0.129713 
139.2 -0.130437 
139.3 -0.131175 
139.4 -0.131928 
139.5 -0.132695 
139.6 -0.133478 
139.7 -0.134277 
139.8 -0.135092 
139.9 -0.135923 
140 -0.136772 
140.1 -0.137637 
140.2 -0.138521 
140.3 -0.139422 
140.4 -0.140343 
140.5 -0.141282 
140.6 -0.142241 
140.7 -0.14322 
140.8 -0.14422 
140.9 -0.145241 
141 -0.146283 
141.1 -0.147348 
141.2 -0.148435 
141.3 -0.149545 
141.4 -0.15068 
141.5 -0.151838 
141.6 -0.153022 
141.7 -0.154231 
141.8 -0.155467 
141.9 -0.156729 
142 -0.158019 
142.1 -0.159336 
142.2 -0.160683 
142.3 -0.162058 
142.4 -0.163464 
142.5 -0.1649 
142.6 -0.166367 
142.7 -0.167866 
142.8 -0.169397 
142.9 -0.170961 
143 -0.172558 
143.1 -0.174189 
143.2 -0.175855 
143.3 -0.177555 
143.4 -0.179289 
143.5 -0.181059 
143.6 -0.182865 
143.7 -0.184705 
143.8 -0.186581 
143.9 -0.188491 
144 -0.190435 
144.1 -0.192414 
144.2 -0.194425 
144.3 -0.196467 
144.4 -0.198539 
144.5 -0.200638 
144.6 -0.202763 
144.7 -0.204911 
144.8 -0.207077 
144.9 -0.209257 
145 -0.211447 
145.1 -0.21364 
145.2 -0.21583 
145.3 -0.218007 
145.4 -0.220162 
145.5 -0.222285 
145.6 -0.224361 
145.7 -0.226376 
145.8 -0.228313 
145.9 -0.230151 
146 -0.231868 
146.1 -0.233436 
146.2 -0.234827 
146.3 -0.236005 
146.4 -0.236932 
146.5 -0.237565 
146.6 -0.237855 
146.7 -0.237746 
146.8 -0.237179 
146.9 -0.236085 
147 -0.234391 
147.1 -0.232019 
147.2 -0.228884 
147.3 -0.224897 
147.4 -0.219965 
147.5 -0.213996 
147.6 -0.206899 
147.7 -0.19859 
147.8 -0.188992 
147.9 -0.178047 
148 -0.165715 
148.1 -0.151984 
148.2 -0.136874 
148.3 -0.120444 
148.4 -0.102791 
148.5 -0.0840586 
148.6 -0.0644298 
148.7 -0.0441261 
148.8 -0.0233999 
148.9 -0.00252479 
149 0.0182162 
149.1 0.0385432 
149.2 0.058192 
149.3 0.0769251 
149.4 0.0945409 
149.5 0.110879 
149.6 0.125824 
149.7 0.139305 
149.8 0.151291 
149.9 0.16179 
150 0.17084 
150.1 0.178504 
150.2 0.184862 
150.3 0.19001 
150.4 0.194048 
150.5 0.19708 
150.6 0.199209 
150.7 0.200537 
150.8 0.201159 
150.9 0.201165 
151 0.200635 
151.1 0.199646 
151.2 0.198266 
151.3 0.196554 
151.4 0.194565 
151.5 0.192346 
151.6 0.189939 
151.7 0.187381 
151.8 0.184704 
151.9 0.181934 
152 0.179096 
152.1 0.176211 
152.2 0.173294 
152.3 0.170363 
152.4 0.167428 
152.5 0.164502 
152.6 0.161592 
152.7 0.158706 
152.8 0.155851 
152.9 0.153032 
153 0.150252 
153.1 0.147516 
153.2 0.144825 
153.3 0.142181 
153.4 0.139587 
153.5 0.137043 
153.6 0.13455 
153.7 0.132108 
153.8 0.129718 
153.9 0.127379 
154 0.125091 
154.1 0.122853 
154.2 0.120665 
154.3 0.118527 
154.4 0.116437 
154.5 0.114394 
154.6 0.112398 
154.7 0.110448 
154.8 0.108542 
154.9 0.10668 
155 0.104861 
155.1 0.103084 
155.2 0.101347 
155.3 0.0996496 
155.4 0.097991 
155.5 0.09637 
155.6 0.0947857 
155.7 0.093237 
155.8 0.091723 
155.9 0.0902428 
156 0.0887954 
156.1 0.08738 
156.2 0.0859956 
156.3 0.0846415 
156.4 0.0833168 
156.5 0.0820207 
156.6 0.0807524 
156.7 0.0795112 
156.8 0.0782962 
156.9 0.0771068 
157 0.0759423 
157.1 0.074802 
157.2 0.0736852 
157.3 0.0725913 
157.4 0.0715196 
157.5 0.0704697 
157.6 0.0694408 
157.7 0.0684324 
157.8 0.067444 
157.9 0.066475 
158 0.065525 
158.1 0.0645933 
158.2 0.0636796 
158.3 0.0627834 
158.4 0.0619041 
158.5 0.0610415 
158.6 0.060195 
158.7 0.0593642 
158.8 0.0585487 
158.9 0.0577482 
159 0.0569622 
159.1 0.0561904 
159.2 0.0554325 
159.3 0.054688 
159.4 0.0539567 
159.5 0.0532382 
159.6 0.0525323 
159.7 0.0518386 
159.8 0.0511568 
159.9 0.0504866 
160 0.0498278 
160.1 0.04918 
160.2 0.0485431 
160.3 0.0479168 
160.4 0.0473007 
160.5 0.0466948 
160.6 0.0460986 
160.7 0.0455121 
160.8 0.044935 
160.9 0.0443671 
161 0.0438082 
161.1 0.043258 
161.2 0.0427164 
161.3 0.0421832 
161.4 0.0416582 
161.5 0.0411411 
161.6 0.040632 
161.7 0.0401305 
161.8 0.0396365 
161.9 0.0391498 
162 0.0386703 
162.1 0.0381979 
162.2 0.0377323 
162.3 0.0372735 
162.4 0.0368212 
162.5 0.0363754 
162.6 0.0359359 
162.7 0.0355026 
162.8 0.0350753 
162.9 0.034654 
163 0.0342385 
163.1 0.0338287 
163.2 0.0334245 
163.3 0.0330257 
163.4 0.0326323 
163.5 0.0322441 
163.6 0.0318611 
163.7 0.0314831 
163.8 0.03111 
163.9 0.0307418 
164 0.0303784 
164.1 0.0300196 
164.2 0.0296653 
164.3 0.0293156 
164.4 0.0289702 
164.5 0.0286291 
164.6 0.0282923 
164.7 0.0279596 
164.8 0.0276309 
164.9 0.0273063 
165 0.0269856 
165.1 0.0266687 
165.2 0.0263556 
165.3 0.0260461 
165.4 0.0257403 
165.5 0.0254381 
165.6 0.0251394 
165.7 0.024844 
165.8 0.0245521 
165.9 0.0242635 
166 0.0239781 
166.1 0.0236959 
166.2 0.0234168 
166.3 0.0231409 
166.4 0.0228679 
166.5 0.0225979 
166.6 0.0223308 
166.7 0.0220666 
166.8 0.0218052 
166.9 0.0215465 
167 0.0212905 
167.1 0.0210373 
167.2 0.0207866 
167.3 0.0205385 
167.4 0.0202929 
167.5 0.0200498 
167.6 0.0198092 
167.7 0.0195709 
167.8 0.019335 
167.9 0.0191014 
168 0.0188701 
168.1 0.018641 
168.2 0.0184141 
168.3 0.0181894 
168.4 0.0179668 
168.5 0.0177462 
168.6 0.0175277 
168.7 0.0173113 
168.8 0.0170968 
168.9 0.0168842 
169 0.0166736 
169.1 0.0164648 
169.2 0.0162579 
169.3 0.0160528 
169.4 0.0158495 
169.5 0.0156479 
169.6 0.015448 
169.7 0.0152499 
169.8 0.0150534 
169.9 0.0148585 
170 0.0146653 
170.1 0.0144736 
170.2 0.0142835 
170.3 0.0140949 
170.4 0.0139078 
170.5 0.0137221 
170.6 0.013538 
170.7 0.0133552 
170.8 0.0131739 
170.9 0.0129939 
171 0.0128152 
171.1 0.0126379 
171.2 0.0124619 
171.3 0.0122872 
171.4 0.0121137 
171.5 0.0119415 
171.6 0.0117705 
171.7 0.0116007 
171.8 0.011432 
171.9 0.0112645 
172 0.0110982 
172.1 0.0109329 
172.2 0.0107687 
172.3 0.0106056 
172.4 0.0104436 
172.5 0.0102825 
172.6 0.0101225 
172.7 0.00996352 
172.8 0.00980548 
172.9 0.00964839 
173 0.00949224 
173.1 0.00933702 
173.2 0.00918269 
173.3 0.00902925 
173.4 0.00887668 
173.5 0.00872496 
173.6 0.00857408 
173.7 0.00842401 
173.8 0.00827475 
173.9 0.00812627 
174 0.00797856 
174.1 0.00783161 
174.2 0.00768539 
174.3 0.0075399 
174.4 0.00739511 
174.5 0.00725102 
174.6 0.0071076 
174.7 0.00696484 
174.8 0.00682274 
174.9 0.00668127 
175 0.00654041 
175.1 0.00640016 
175.2 0.0062605 
175.3 0.00612142 
175.4 0.0059829 
175.5 0.00584493 
175.6 0.0057075 
175.7 0.00557059 
175.8 0.00543418 
175.9 0.00529827 
176 0.00516285 
176.1 0.00502789 
176.2 0.00489339 
176.3 0.00475933 
176.4 0.0046257 
176.5 0.00449249 
176.6 0.00435969 
176.7 0.00422727 
176.8 0.00409524 
176.9 0.00396358 
177 0.00383227 
177.1 0.0037013 
177.2 0.00357067 
177.3 0.00344035 
177.4 0.00331035 
177.5 0.00318063 
177.6 0.00305121 
177.7 0.00292205 
177.8 0.00279315 
177.9 0.0026645 
178 0.00253609 
178.1 0.00240791 
178.2 0.00227993 
178.3 0.00215216 
178.4 0.00202458 
178.5 0.00189718 
178.6 0.00176995 
178.7 0.00164287 
178.8 0.00151594 
178.9 0.00138914 
179 0.00126247 
179.1 0.0011359 
179.2 0.00100944 
179.3 0.000883065 
179.4 0.000756768 
179.5 0.000630538 
179.6 0.000504364 
179.7 0.000378234 
179.8 0.000252138 
