0.1 40.0307 
0.2 39.9397 
0.3 39.7889 
0.4 39.5794 
0.5 39.3128 
0.6 38.9912 
0.7 38.6171 
0.8 38.1933 
0.9 37.7228 
1 37.2091 
1.1 36.6558 
1.2 36.0666 
1.3 35.4456 
1.4 34.7967 
1.5 34.1239 
1.6 33.4314 
1.7 32.7229 
1.8 32.0025 
1.9 31.2738 
2 30.5404 
2.1 29.8056 
2.2 29.0726 
2.3 28.3441 
2.4 27.623 
2.5 26.9114 
2.6 26.2115 
2.7 25.5251 
2.8 24.8538 
2.9 24.1988 
3 23.5611 
3.1 22.9416 
3.2 22.3407 
3.3 21.7589 
3.4 21.1962 
3.5 20.6528 
3.6 20.1283 
3.7 19.6225 
3.8 19.1349 
3.9 18.665 
4 18.2121 
4.1 17.7757 
4.2 17.3548 
4.3 16.9488 
4.4 16.5569 
4.5 16.1781 
4.6 15.8118 
4.7 15.4571 
4.8 15.1132 
4.9 14.7793 
5 14.4548 
5.1 14.1388 
5.2 13.8309 
5.3 13.5303 
5.4 13.2365 
5.5 12.9491 
5.6 12.6675 
5.7 12.3915 
5.8 12.1205 
5.9 11.8544 
6 11.5929 
6.1 11.3358 
6.2 11.083 
6.3 10.8343 
6.4 10.5897 
6.5 10.349 
6.6 10.1124 
6.7 9.87971 
6.8 9.65106 
6.9 9.42645 
7 9.20593 
7.1 8.98955 
7.2 8.77736 
7.3 8.56941 
7.4 8.36575 
7.5 8.16643 
7.6 7.97147 
7.7 7.7809 
7.8 7.59474 
7.9 7.41297 
8 7.23559 
8.1 7.06256 
8.2 6.89386 
8.3 6.72942 
8.4 6.56919 
8.5 6.41309 
8.6 6.26104 
8.7 6.11295 
8.8 5.96871 
8.9 5.82823 
9 5.6914 
9.1 5.5581 
9.2 5.42823 
9.3 5.30167 
9.4 5.17832 
9.5 5.05807 
9.6 4.9408 
9.7 4.82643 
9.8 4.71484 
9.9 4.60596 
10 4.49968 
10.1 4.39594 
10.2 4.29465 
10.3 4.19575 
10.4 4.09916 
10.5 4.00484 
10.6 3.91272 
10.7 3.82276 
10.8 3.73491 
10.9 3.64912 
11 3.56537 
11.1 3.48361 
11.2 3.40381 
11.3 3.32593 
11.4 3.24995 
11.5 3.17584 
11.6 3.10355 
11.7 3.03307 
11.8 2.96437 
11.9 2.8974 
12 2.83213 
12.1 2.76854 
12.2 2.70658 
12.3 2.64622 
12.4 2.58742 
12.5 2.53014 
12.6 2.47435 
12.7 2.41999 
12.8 2.36704 
12.9 2.31545 
13 2.26518 
13.1 2.21618 
13.2 2.16843 
13.3 2.12188 
13.4 2.07649 
13.5 2.03222 
13.6 1.98905 
13.7 1.94694 
13.8 1.90585 
13.9 1.86576 
14 1.82664 
14.1 1.78846 
14.2 1.7512 
14.3 1.71484 
14.4 1.67935 
14.5 1.64472 
14.6 1.61092 
14.7 1.57795 
14.8 1.54578 
14.9 1.51441 
15 1.48381 
15.1 1.45397 
15.2 1.42488 
15.3 1.39652 
15.4 1.36889 
15.5 1.34196 
15.6 1.31573 
15.7 1.29018 
15.8 1.2653 
15.9 1.24106 
16 1.21746 
16.1 1.19447 
16.2 1.17209 
16.3 1.15028 
16.4 1.12904 
16.5 1.10835 
16.6 1.08819 
16.7 1.06853 
16.8 1.04936 
16.9 1.03067 
17 1.01243 
17.1 0.99462 
17.2 0.97723 
17.3 0.96024 
17.4 0.943634 
17.5 0.927398 
17.6 0.911516 
17.7 0.895976 
17.8 0.880766 
17.9 0.865875 
18 0.851293 
18.1 0.837011 
18.2 0.823023 
18.3 0.809321 
18.4 0.795901 
18.5 0.782758 
18.6 0.769888 
18.7 0.757289 
18.8 0.744959 
18.9 0.732895 
19 0.721096 
19.1 0.709561 
19.2 0.69829 
19.3 0.687281 
19.4 0.676532 
19.5 0.666043 
19.6 0.655811 
19.7 0.645834 
19.8 0.63611 
19.9 0.626635 
20 0.617406 
20.1 0.608417 
20.2 0.599664 
20.3 0.591141 
20.4 0.582842 
20.5 0.57476 
20.6 0.566886 
20.7 0.559214 
20.8 0.551736 
20.9 0.544442 
21 0.537324 
21.1 0.530373 
21.2 0.523581 
21.3 0.516938 
21.4 0.510437 
21.5 0.504069 
21.6 0.497825 
21.7 0.491699 
21.8 0.485684 
21.9 0.479773 
22 0.473961 
22.1 0.468242 
22.2 0.462612 
22.3 0.457068 
22.4 0.451606 
22.5 0.446224 
22.6 0.440921 
22.7 0.435696 
22.8 0.430547 
22.9 0.425476 
23 0.420482 
23.1 0.415567 
23.2 0.410731 
23.3 0.405977 
23.4 0.401305 
23.5 0.396718 
23.6 0.392216 
23.7 0.387801 
23.8 0.383475 
23.9 0.379239 
24 0.375093 
24.1 0.371039 
24.2 0.367075 
24.3 0.363203 
24.4 0.359421 
24.5 0.355727 
24.6 0.352122 
24.7 0.348602 
24.8 0.345166 
24.9 0.34181 
25 0.338532 
25.1 0.335328 
25.2 0.332195 
25.3 0.329129 
25.4 0.326127 
25.5 0.323183 
25.6 0.320294 
25.7 0.317456 
25.8 0.314666 
25.9 0.311918 
26 0.30921 
26.1 0.306538 
26.2 0.303899 
26.3 0.30129 
26.4 0.298708 
26.5 0.296152 
26.6 0.293619 
26.7 0.291107 
26.8 0.288617 
26.9 0.286146 
27 0.283695 
27.1 0.281263 
27.2 0.27885 
27.3 0.276458 
27.4 0.274086 
27.5 0.271736 
27.6 0.269409 
27.7 0.267106 
27.8 0.264827 
27.9 0.262575 
28 0.260351 
28.1 0.258156 
28.2 0.25599 
28.3 0.253856 
28.4 0.251754 
28.5 0.249684 
28.6 0.247648 
28.7 0.245646 
28.8 0.243677 
28.9 0.241742 
29 0.23984 
29.1 0.237971 
29.2 0.236135 
29.3 0.234329 
29.4 0.232554 
29.5 0.230808 
29.6 0.22909 
29.7 0.227397 
29.8 0.225729 
29.9 0.224084 
30 0.22246 
30.1 0.220855 
30.2 0.219268 
30.3 0.217698 
30.4 0.216142 
30.5 0.214599 
30.6 0.213068 
30.7 0.211548 
30.8 0.210037 
30.9 0.208535 
31 0.207041 
31.1 0.205554 
31.2 0.204074 
31.3 0.2026 
31.4 0.201132 
31.5 0.199671 
31.6 0.198216 
31.7 0.196767 
31.8 0.195326 
31.9 0.193891 
32 0.192465 
32.1 0.191047 
32.2 0.189638 
32.3 0.188239 
32.4 0.18685 
32.5 0.185471 
32.6 0.184104 
32.7 0.182749 
32.8 0.181406 
32.9 0.180075 
33 0.178758 
33.1 0.177453 
33.2 0.176162 
33.3 0.174883 
33.4 0.173618 
33.5 0.172366 
33.6 0.171127 
33.7 0.169901 
33.8 0.168686 
33.9 0.167484 
34 0.166292 
34.1 0.165111 
34.2 0.163941 
34.3 0.16278 
34.4 0.161629 
34.5 0.160486 
34.6 0.159351 
34.7 0.158224 
34.8 0.157103 
34.9 0.15599 
35 0.154882 
35.1 0.153781 
35.2 0.152685 
35.3 0.151595 
35.4 0.15051 
35.5 0.14943 
35.6 0.148355 
35.7 0.147285 
35.8 0.14622 
35.9 0.14516 
36 0.144106 
36.1 0.143056 
36.2 0.142013 
36.3 0.140975 
36.4 0.139942 
36.5 0.138916 
36.6 0.137897 
36.7 0.136883 
36.8 0.135876 
36.9 0.134876 
37 0.133883 
37.1 0.132896 
37.2 0.131917 
37.3 0.130944 
37.4 0.129978 
37.5 0.12902 
37.6 0.128067 
37.7 0.127122 
37.8 0.126183 
37.9 0.12525 
38 0.124323 
38.1 0.123402 
38.2 0.122487 
38.3 0.121577 
38.4 0.120672 
38.5 0.119773 
38.6 0.118878 
38.7 0.117988 
38.8 0.117103 
38.9 0.116222 
39 0.115346 
39.1 0.114473 
39.2 0.113605 
39.3 0.112741 
39.4 0.111882 
39.5 0.111027 
39.6 0.110176 
39.7 0.10933 
39.8 0.108489 
39.9 0.107652 
40 0.106821 
40.1 0.105995 
40.2 0.105174 
40.3 0.10436 
40.4 0.103551 
40.5 0.102748 
40.6 0.101952 
40.7 0.101162 
40.8 0.100379 
40.9 0.099603 
41 0.0988335 
41.1 0.098071 
41.2 0.0973153 
41.3 0.0965666 
41.4 0.0958247 
41.5 0.0950896 
41.6 0.0943612 
41.7 0.0936393 
41.8 0.0929238 
41.9 0.0922144 
42 0.0915108 
42.1 0.090813 
42.2 0.0901205 
42.3 0.0894331 
42.4 0.0887506 
42.5 0.0880727 
42.6 0.0873991 
42.7 0.0867295 
42.8 0.0860638 
42.9 0.0854017 
43 0.0847431 
43.1 0.0840877 
43.2 0.0834356 
43.3 0.0827865 
43.4 0.0821405 
43.5 0.0814975 
43.6 0.0808577 
43.7 0.080221 
43.8 0.0795876 
43.9 0.0789577 
44 0.0783314 
44.1 0.077709 
44.2 0.0770906 
44.3 0.0764766 
44.4 0.0758673 
44.5 0.0752628 
44.6 0.0746635 
44.7 0.0740698 
44.8 0.0734818 
44.9 0.0728999 
45 0.0723244 
45.1 0.0717554 
45.2 0.0711931 
45.3 0.0706379 
45.4 0.0700898 
45.5 0.0695489 
45.6 0.0690153 
45.7 0.0684891 
45.8 0.0679702 
45.9 0.0674587 
46 0.0669544 
46.1 0.0664573 
46.2 0.0659672 
46.3 0.0654838 
46.4 0.0650071 
46.5 0.0645368 
46.6 0.0640725 
46.7 0.0636141 
46.8 0.0631613 
46.9 0.0627137 
47 0.0622711 
47.1 0.0618332 
47.2 0.0613997 
47.3 0.0609703 
47.4 0.0605448 
47.5 0.060123 
47.6 0.0597047 
47.7 0.0592897 
47.8 0.0588778 
47.9 0.058469 
48 0.0580632 
48.1 0.0576604 
48.2 0.0572605 
48.3 0.0568636 
48.4 0.0564699 
48.5 0.0560793 
48.6 0.0556921 
48.7 0.0553085 
48.8 0.0549285 
48.9 0.0545524 
49 0.0541805 
49.1 0.0538131 
49.2 0.0534502 
49.3 0.0530923 
49.4 0.0527395 
49.5 0.0523921 
49.6 0.0520504 
49.7 0.0517145 
49.8 0.0513846 
49.9 0.051061 
50 0.0507438 
50.1 0.0504331 
50.2 0.050129 
50.3 0.0498317 
50.4 0.049541 
50.5 0.049257 
50.6 0.0489798 
50.7 0.0487091 
50.8 0.0484451 
50.9 0.0481874 
51 0.047936 
51.1 0.0476907 
51.2 0.0474513 
51.3 0.0472176 
51.4 0.0469894 
51.5 0.0467665 
51.6 0.0465486 
51.7 0.0463354 
51.8 0.0461268 
51.9 0.0459225 
52 0.0457222 
52.1 0.0455258 
52.2 0.045333 
52.3 0.0451437 
52.4 0.0449578 
52.5 0.0447749 
52.6 0.0445952 
52.7 0.0444183 
52.8 0.0442444 
52.9 0.0440734 
53 0.0439051 
53.1 0.0437397 
53.2 0.0435772 
53.3 0.0434177 
53.4 0.0432611 
53.5 0.0431077 
53.6 0.0429575 
53.7 0.0428106 
53.8 0.0426673 
53.9 0.0425276 
54 0.0423916 
54.1 0.0422596 
54.2 0.0421317 
54.3 0.042008 
54.4 0.0418887 
54.5 0.0417739 
54.6 0.0416637 
54.7 0.0415581 
54.8 0.0414574 
54.9 0.0413615 
55 0.0412705 
55.1 0.0411845 
55.2 0.0411033 
55.3 0.0410271 
55.4 0.0409558 
55.5 0.0408893 
55.6 0.0408275 
55.7 0.0407705 
55.8 0.0407179 
55.9 0.0406698 
56 0.0406261 
56.1 0.0405864 
56.2 0.0405508 
56.3 0.040519 
56.4 0.0404909 
56.5 0.0404663 
56.6 0.040445 
56.7 0.040427 
56.8 0.0404119 
56.9 0.0403997 
57 0.0403902 
57.1 0.0403833 
57.2 0.0403789 
57.3 0.0403768 
57.4 0.040377 
57.5 0.0403793 
57.6 0.0403837 
57.7 0.0403902 
57.8 0.0403986 
57.9 0.040409 
58 0.0404214 
58.1 0.0404356 
58.2 0.0404519 
58.3 0.0404701 
58.4 0.0404903 
58.5 0.0405125 
58.6 0.0405367 
58.7 0.0405631 
58.8 0.0405916 
58.9 0.0406223 
59 0.0406553 
59.1 0.0406905 
59.2 0.0407281 
59.3 0.040768 
59.4 0.0408103 
59.5 0.040855 
59.6 0.0409021 
59.7 0.0409516 
59.8 0.0410036 
59.9 0.0410579 
60 0.0411147 
60.1 0.0411737 
60.2 0.0412351 
60.3 0.0412987 
60.4 0.0413645 
60.5 0.0414324 
60.6 0.0415023 
60.7 0.0415742 
60.8 0.0416479 
60.9 0.0417234 
61 0.0418006 
61.1 0.0418794 
61.2 0.0419596 
61.3 0.0420412 
61.4 0.0421241 
61.5 0.0422082 
61.6 0.0422934 
61.7 0.0423795 
61.8 0.0424666 
61.9 0.0425545 
62 0.0426432 
62.1 0.0427326 
62.2 0.0428225 
62.3 0.0429131 
62.4 0.0430041 
62.5 0.0430956 
62.6 0.0431876 
62.7 0.0432799 
62.8 0.0433726 
62.9 0.0434657 
63 0.043559 
63.1 0.0436527 
63.2 0.0437466 
63.3 0.0438408 
63.4 0.0439352 
63.5 0.0440299 
63.6 0.0441248 
63.7 0.0442199 
63.8 0.0443152 
63.9 0.0444107 
64 0.0445063 
64.1 0.044602 
64.2 0.0446979 
64.3 0.0447937 
64.4 0.0448896 
64.5 0.0449854 
64.6 0.0450811 
64.7 0.0451767 
64.8 0.0452721 
64.9 0.0453673 
65 0.0454621 
65.1 0.0455565 
65.2 0.0456505 
65.3 0.045744 
65.4 0.0458368 
65.5 0.045929 
65.6 0.0460204 
65.7 0.046111 
65.8 0.0462007 
65.9 0.0462895 
66 0.0463773 
66.1 0.0464639 
66.2 0.0465495 
66.3 0.0466338 
66.4 0.0467169 
66.5 0.0467988 
66.6 0.0468793 
66.7 0.0469585 
66.8 0.0470362 
66.9 0.0471126 
67 0.0471876 
67.1 0.0472611 
67.2 0.0473332 
67.3 0.0474038 
67.4 0.047473 
67.5 0.0475407 
67.6 0.0476069 
67.7 0.0476717 
67.8 0.047735 
67.9 0.0477969 
68 0.0478573 
68.1 0.0479162 
68.2 0.0479737 
68.3 0.0480297 
68.4 0.0480843 
68.5 0.0481373 
68.6 0.0481889 
68.7 0.0482389 
68.8 0.0482873 
68.9 0.0483342 
69 0.0483795 
69.1 0.048423 
69.2 0.0484649 
69.3 0.048505 
69.4 0.0485433 
69.5 0.0485797 
69.6 0.0486142 
69.7 0.0486466 
69.8 0.048677 
69.9 0.0487052 
70 0.0487311 
70.1 0.0487548 
70.2 0.048776 
70.3 0.0487948 
70.4 0.0488111 
70.5 0.0488248 
70.6 0.0488358 
70.7 0.048844 
70.8 0.0488495 
70.9 0.0488521 
71 0.0488518 
71.1 0.0488486 
71.2 0.0488424 
71.3 0.0488332 
71.4 0.0488209 
71.5 0.0488056 
71.6 0.0487873 
71.7 0.0487658 
71.8 0.0487414 
71.9 0.0487139 
72 0.0486833 
72.1 0.0486498 
72.2 0.0486133 
72.3 0.0485738 
72.4 0.0485314 
72.5 0.0484862 
72.6 0.0484381 
72.7 0.0483873 
72.8 0.0483337 
72.9 0.0482774 
73 0.0482185 
73.1 0.048157 
73.2 0.0480929 
73.3 0.0480263 
73.4 0.0479572 
73.5 0.0478856 
73.6 0.0478116 
73.7 0.0477352 
73.8 0.0476563 
73.9 0.0475751 
74 0.0474915 
74.1 0.0474054 
74.2 0.047317 
74.3 0.0472262 
74.4 0.0471329 
74.5 0.0470371 
74.6 0.0469389 
74.7 0.0468381 
74.8 0.0467347 
74.9 0.0466287 
75 0.04652 
75.1 0.0464086 
75.2 0.0462944 
75.3 0.0461774 
75.4 0.0460575 
75.5 0.0459347 
75.6 0.0458088 
75.7 0.0456799 
75.8 0.045548 
75.9 0.0454128 
76 0.0452746 
76.1 0.0451331 
76.2 0.0449883 
76.3 0.0448403 
76.4 0.044689 
76.5 0.0445344 
76.6 0.0443766 
76.7 0.0442154 
76.8 0.0440509 
76.9 0.0438832 
77 0.0437123 
77.1 0.0435381 
77.2 0.0433607 
77.3 0.0431803 
77.4 0.0429967 
77.5 0.0428102 
77.6 0.0426206 
77.7 0.0424282 
77.8 0.042233 
77.9 0.042035 
78 0.0418343 
78.1 0.0416311 
78.2 0.0414253 
78.3 0.041217 
78.4 0.0410064 
78.5 0.0407936 
78.6 0.0405785 
78.7 0.0403612 
78.8 0.0401419 
78.9 0.0399206 
79 0.0396973 
79.1 0.0394722 
79.2 0.0392452 
79.3 0.0390164 
79.4 0.0387859 
79.5 0.0385536 
79.6 0.0383197 
79.7 0.0380841 
79.8 0.0378469 
79.9 0.037608 
80 0.0373676 
80.1 0.0371255 
80.2 0.0368819 
80.3 0.0366366 
80.4 0.0363898 
80.5 0.0361413 
80.6 0.0358911 
80.7 0.0356394 
80.8 0.035386 
80.9 0.0351309 
81 0.0348741 
81.1 0.0346156 
81.2 0.0343554 
81.3 0.0340935 
81.4 0.0338299 
81.5 0.0335645 
81.6 0.0332974 
81.7 0.0330285 
81.8 0.0327579 
81.9 0.0324856 
82 0.0322117 
82.1 0.031936 
82.2 0.0316587 
82.3 0.0313797 
82.4 0.0310992 
82.5 0.0308171 
82.6 0.0305336 
82.7 0.0302486 
82.8 0.0299622 
82.9 0.0296746 
83 0.0293856 
83.1 0.0290955 
83.2 0.0288044 
83.3 0.0285121 
83.4 0.028219 
83.5 0.027925 
83.6 0.0276302 
83.7 0.0273348 
83.8 0.0270387 
83.9 0.0267422 
84 0.0264453 
84.1 0.026148 
84.2 0.0258505 
84.3 0.0255528 
84.4 0.025255 
84.5 0.0249573 
84.6 0.0246597 
84.7 0.0243622 
84.8 0.0240649 
84.9 0.023768 
85 0.0234714 
85.1 0.0231753 
85.2 0.0228796 
85.3 0.0225845 
85.4 0.0222899 
85.5 0.021996 
85.6 0.0217028 
85.7 0.0214103 
85.8 0.0211185 
85.9 0.0208275 
86 0.0205373 
86.1 0.020248 
86.2 0.0199595 
86.3 0.0196719 
86.4 0.0193852 
86.5 0.0190994 
86.6 0.0188146 
86.7 0.0185307 
86.8 0.0182478 
86.9 0.0179659 
87 0.017685 
87.1 0.0174052 
87.2 0.0171264 
87.3 0.0168488 
87.4 0.0165722 
87.5 0.0162968 
87.6 0.0160225 
87.7 0.0157495 
87.8 0.0154776 
87.9 0.0152071 
88 0.0149379 
88.1 0.01467 
88.2 0.0144036 
88.3 0.0141386 
88.4 0.0138751 
88.5 0.0136132 
88.6 0.0133529 
88.7 0.0130943 
88.8 0.0128375 
88.9 0.0125824 
89 0.0123293 
89.1 0.012078 
89.2 0.0118288 
89.3 0.0115817 
89.4 0.0113367 
89.5 0.0110939 
89.6 0.0108535 
89.7 0.0106154 
89.8 0.0103797 
89.9 0.0101465 
90 0.00991589 
90.1 0.00968791 
90.2 0.00946263 
90.3 0.00924012 
90.4 0.00902043 
90.5 0.00880363 
90.6 0.00858978 
90.7 0.00837892 
90.8 0.00817112 
90.9 0.00796643 
91 0.00776489 
91.1 0.00756655 
91.2 0.00737145 
91.3 0.00717964 
91.4 0.00699116 
91.5 0.00680604 
91.6 0.00662433 
91.7 0.00644604 
91.8 0.00627123 
91.9 0.0060999 
92 0.00593211 
92.1 0.00576786 
92.2 0.00560719 
92.3 0.00545013 
92.4 0.00529669 
92.5 0.0051469 
92.6 0.00500079 
92.7 0.00485838 
92.8 0.00471969 
92.9 0.00458475 
93 0.00445357 
93.1 0.00432619 
93.2 0.00420262 
93.3 0.00408289 
93.4 0.00396702 
93.5 0.00385505 
93.6 0.00374699 
93.7 0.00364288 
93.8 0.00354274 
93.9 0.00344659 
94 0.00335448 
94.1 0.00326643 
94.2 0.00318247 
94.3 0.00310264 
94.4 0.00302695 
94.5 0.00295545 
94.6 0.00288817 
94.7 0.00282514 
94.8 0.00276639 
94.9 0.00271196 
95 0.00266188 
95.1 0.00261617 
95.2 0.00257488 
95.3 0.00253802 
95.4 0.00250564 
95.5 0.00247776 
95.6 0.00245441 
95.7 0.00243561 
95.8 0.00242139 
95.9 0.00241178 
96 0.0024068 
96.1 0.00240646 
96.2 0.0024108 
96.3 0.00241982 
96.4 0.00243355 
96.5 0.00245199 
96.6 0.00247516 
96.7 0.00250308 
96.8 0.00253575 
96.9 0.00257318 
97 0.00261538 
97.1 0.00266234 
97.2 0.00271408 
97.3 0.0027706 
97.4 0.00283189 
97.5 0.00289795 
97.6 0.00296879 
97.7 0.0030444 
97.8 0.00312478 
97.9 0.00320992 
98 0.00329981 
98.1 0.00339445 
98.2 0.00349383 
98.3 0.00359795 
98.4 0.0037068 
98.5 0.00382037 
98.6 0.00393865 
98.7 0.00406164 
98.8 0.00418933 
98.9 0.0043217 
99 0.00445876 
99.1 0.00460049 
99.2 0.0047469 
99.3 0.00489796 
99.4 0.00505369 
99.5 0.00521406 
99.6 0.00537908 
99.7 0.00554874 
99.8 0.00572303 
99.9 0.00590195 
100 0.0060855 
100.1 0.00627366 
100.2 0.00646644 
100.3 0.00666383 
100.4 0.00686582 
100.5 0.0070724 
100.6 0.00728358 
100.7 0.00749935 
100.8 0.00771969 
100.9 0.0079446 
101 0.00817406 
101.1 0.00840808 
101.2 0.00864663 
101.3 0.00888971 
101.4 0.0091373 
101.5 0.00938938 
101.6 0.00964594 
101.7 0.00990696 
101.8 0.0101724 
101.9 0.0104423 
102 0.0107165 
102.1 0.0109952 
102.2 0.0112781 
102.3 0.0115654 
102.4 0.011857 
102.5 0.0121527 
102.6 0.0124527 
102.7 0.0127569 
102.8 0.0130652 
102.9 0.0133775 
103 0.0136939 
103.1 0.0140143 
103.2 0.0143386 
103.3 0.0146669 
103.4 0.014999 
103.5 0.0153348 
103.6 0.0156745 
103.7 0.0160178 
103.8 0.0163647 
103.9 0.0167152 
104 0.0170692 
104.1 0.0174267 
104.2 0.0177876 
104.3 0.0181519 
104.4 0.0185194 
104.5 0.0188901 
104.6 0.0192641 
104.7 0.0196411 
104.8 0.0200211 
104.9 0.0204042 
105 0.0207902 
105.1 0.0211791 
105.2 0.0215708 
105.3 0.0219652 
105.4 0.0223624 
105.5 0.0227622 
105.6 0.0231646 
105.7 0.0235695 
105.8 0.023977 
105.9 0.0243869 
106 0.0247992 
106.1 0.0252138 
106.2 0.0256307 
106.3 0.0260499 
106.4 0.0264713 
106.5 0.0268948 
106.6 0.0273204 
106.7 0.0277481 
106.8 0.0281778 
106.9 0.0286095 
107 0.0290431 
107.1 0.0294786 
107.2 0.0299159 
107.3 0.030355 
107.4 0.0307959 
107.5 0.0312385 
107.6 0.0316827 
107.7 0.0321285 
107.8 0.0325759 
107.9 0.0330249 
108 0.0334753 
108.1 0.0339271 
108.2 0.0343803 
108.3 0.0348348 
108.4 0.0352905 
108.5 0.0357475 
108.6 0.0362056 
108.7 0.0366649 
108.8 0.0371251 
108.9 0.0375863 
109 0.0380485 
109.1 0.0385115 
109.2 0.0389752 
109.3 0.0394397 
109.4 0.0399048 
109.5 0.0403705 
109.6 0.0408367 
109.7 0.0413033 
109.8 0.0417703 
109.9 0.0422375 
110 0.0427049 
110.1 0.0431724 
110.2 0.04364 
110.3 0.0441075 
110.4 0.0445749 
110.5 0.045042 
110.6 0.0455088 
110.7 0.0459753 
110.8 0.0464413 
110.9 0.0469066 
111 0.0473714 
111.1 0.0478354 
111.2 0.0482985 
111.3 0.0487608 
111.4 0.049222 
111.5 0.0496821 
111.6 0.0501411 
111.7 0.0505988 
111.8 0.0510551 
111.9 0.05151 
112 0.0519634 
112.1 0.0524151 
112.2 0.0528652 
112.3 0.0533135 
112.4 0.0537599 
112.5 0.0542044 
112.6 0.0546469 
112.7 0.0550873 
112.8 0.0555256 
112.9 0.0559616 
113 0.0563954 
113.1 0.0568267 
113.2 0.0572556 
113.3 0.0576821 
113.4 0.0581059 
113.5 0.0585271 
113.6 0.0589456 
113.7 0.0593614 
113.8 0.0597743 
113.9 0.0601843 
114 0.0605915 
114.1 0.0609956 
114.2 0.0613967 
114.3 0.0617947 
114.4 0.0621895 
114.5 0.0625812 
114.6 0.0629696 
114.7 0.0633547 
114.8 0.0637364 
114.9 0.0641148 
115 0.0644897 
115.1 0.0648611 
115.2 0.065229 
115.3 0.0655933 
115.4 0.065954 
115.5 0.0663109 
115.6 0.0666642 
115.7 0.0670137 
115.8 0.0673593 
115.9 0.0677011 
116 0.068039 
116.1 0.068373 
116.2 0.0687029 
116.3 0.0690287 
116.4 0.0693505 
116.5 0.0696681 
116.6 0.0699814 
116.7 0.0702906 
116.8 0.0705954 
116.9 0.0708958 
117 0.0711919 
117.1 0.0714835 
117.2 0.0717705 
117.3 0.072053 
117.4 0.0723309 
117.5 0.0726041 
117.6 0.0728725 
117.7 0.0731361 
117.8 0.073395 
117.9 0.0736489 
118 0.0738978 
118.1 0.0741417 
118.2 0.0743806 
118.3 0.0746143 
118.4 0.0748428 
118.5 0.0750661 
118.6 0.0752841 
118.7 0.0754968 
118.8 0.075704 
118.9 0.0759058 
119 0.0761021 
119.1 0.0762928 
119.2 0.0764778 
119.3 0.0766572 
119.4 0.0768309 
119.5 0.0769988 
119.6 0.0771609 
119.7 0.0773171 
119.8 0.0774675 
119.9 0.0776118 
120 0.0777502 
120.1 0.0778825 
120.2 0.0780087 
120.3 0.0781288 
120.4 0.0782428 
120.5 0.0783505 
120.6 0.0784521 
120.7 0.0785474 
120.8 0.0786363 
120.9 0.078719 
121 0.0787954 
121.1 0.0788653 
121.2 0.0789289 
121.3 0.0789861 
121.4 0.0790368 
121.5 0.0790812 
121.6 0.079119 
121.7 0.0791504 
121.8 0.0791753 
121.9 0.0791937 
122 0.0792056 
122.1 0.079211 
122.2 0.0792098 
122.3 0.0792022 
122.4 0.0791881 
122.5 0.0791674 
122.6 0.0791402 
122.7 0.0791066 
122.8 0.0790664 
122.9 0.0790197 
123 0.0789666 
123.1 0.0789069 
123.2 0.0788408 
123.3 0.0787683 
123.4 0.0786893 
123.5 0.0786039 
123.6 0.078512 
123.7 0.0784138 
123.8 0.0783092 
123.9 0.0781982 
124 0.0780809 
124.1 0.0779573 
124.2 0.0778273 
124.3 0.0776911 
124.4 0.0775486 
124.5 0.0773999 
124.6 0.077245 
124.7 0.0770839 
124.8 0.0769166 
124.9 0.0767432 
125 0.0765637 
125.1 0.0763781 
125.2 0.0761864 
125.3 0.0759887 
125.4 0.075785 
125.5 0.0755753 
125.6 0.0753596 
125.7 0.0751381 
125.8 0.0749106 
125.9 0.0746773 
126 0.0744381 
126.1 0.0741932 
126.2 0.0739425 
126.3 0.073686 
126.4 0.0734238 
126.5 0.073156 
126.6 0.0728825 
126.7 0.0726034 
126.8 0.0723188 
126.9 0.0720286 
127 0.0717329 
127.1 0.0714317 
127.2 0.0711251 
127.3 0.0708132 
127.4 0.0704958 
127.5 0.0701732 
127.6 0.0698453 
127.7 0.0695122 
127.8 0.0691738 
127.9 0.0688304 
128 0.0684818 
128.1 0.0681282 
128.2 0.0677695 
128.3 0.0674059 
128.4 0.0670374 
128.5 0.066664 
128.6 0.0662858 
128.7 0.0659029 
128.8 0.0655152 
128.9 0.0651229 
129 0.0647259 
129.1 0.0643245 
129.2 0.0639185 
129.3 0.0635081 
129.4 0.0630933 
129.5 0.0626742 
129.6 0.0622509 
129.7 0.0618234 
129.8 0.0613918 
129.9 0.0609561 
130 0.0605165 
130.1 0.0600729 
130.2 0.0596255 
130.3 0.0591743 
130.4 0.0587194 
130.5 0.0582609 
130.6 0.0577989 
130.7 0.0573334 
130.8 0.0568645 
130.9 0.0563922 
131 0.0559168 
131.1 0.0554382 
131.2 0.0549565 
131.3 0.0544718 
131.4 0.0539843 
131.5 0.0534939 
131.6 0.0530008 
131.7 0.0525051 
131.8 0.0520068 
131.9 0.051506 
132 0.0510029 
132.1 0.0504976 
132.2 0.04999 
132.3 0.0494804 
132.4 0.0489688 
132.5 0.0484553 
132.6 0.0479399 
132.7 0.0474229 
132.8 0.0469043 
132.9 0.0463842 
133 0.0458627 
133.1 0.0453399 
133.2 0.0448159 
133.3 0.0442908 
133.4 0.0437647 
133.5 0.0432377 
133.6 0.0427099 
133.7 0.0421814 
133.8 0.0416523 
133.9 0.0411228 
134 0.0405929 
134.1 0.0400627 
134.2 0.0395324 
134.3 0.039002 
134.4 0.0384716 
134.5 0.0379414 
134.6 0.0374115 
134.7 0.0368819 
134.8 0.0363528 
134.9 0.0358243 
135 0.0352965 
135.1 0.0347695 
135.2 0.0342434 
135.3 0.0337183 
135.4 0.0331944 
135.5 0.0326716 
135.6 0.0321502 
135.7 0.0316303 
135.8 0.0311119 
135.9 0.0305952 
136 0.0300802 
136.1 0.0295671 
136.2 0.029056 
136.3 0.028547 
136.4 0.0280403 
136.5 0.0275358 
136.6 0.0270338 
136.7 0.0265343 
136.8 0.0260374 
136.9 0.0255433 
137 0.025052 
137.1 0.0245637 
137.2 0.0240785 
137.3 0.0235964 
137.4 0.0231177 
137.5 0.0226423 
137.6 0.0221705 
137.7 0.0217023 
137.8 0.0212378 
137.9 0.0207771 
138 0.0203204 
138.1 0.0198677 
138.2 0.0194191 
138.3 0.0189749 
138.4 0.018535 
138.5 0.0180995 
138.6 0.0176687 
138.7 0.0172425 
138.8 0.0168212 
138.9 0.0164047 
139 0.0159932 
139.1 0.0155869 
139.2 0.0151858 
139.3 0.01479 
139.4 0.0143997 
139.5 0.0140149 
139.6 0.0136357 
139.7 0.0132623 
139.8 0.0128947 
139.9 0.0125331 
140 0.0121776 
140.1 0.0118282 
140.2 0.0114851 
140.3 0.0111484 
140.4 0.0108182 
140.5 0.0104945 
140.6 0.0101775 
140.7 0.00986736 
140.8 0.00956406 
140.9 0.00926776 
141 0.00897855 
141.1 0.00869653 
141.2 0.00842181 
141.3 0.00815447 
141.4 0.00789464 
141.5 0.00764239 
141.6 0.00739783 
141.7 0.00716106 
141.8 0.00693218 
141.9 0.00671128 
142 0.00649846 
142.1 0.00629381 
142.2 0.00609743 
142.3 0.00590942 
142.4 0.00572987 
142.5 0.00555886 
142.6 0.00539651 
142.7 0.00524288 
142.8 0.00509809 
142.9 0.00496221 
143 0.00483534 
143.1 0.00471756 
143.2 0.00460897 
143.3 0.00450965 
143.4 0.00441969 
143.5 0.00433917 
143.6 0.00426819 
143.7 0.00420681 
143.8 0.00415513 
143.9 0.00411323 
144 0.00408119 
144.1 0.00405908 
144.2 0.004047 
144.3 0.00404501 
144.4 0.0040532 
144.5 0.00407164 
144.6 0.0041004 
144.7 0.00413956 
144.8 0.0041892 
144.9 0.00424938 
145 0.00432018 
145.1 0.00440167 
145.2 0.00449391 
145.3 0.00459698 
145.4 0.00471093 
145.5 0.00483584 
145.6 0.00497177 
145.7 0.00511878 
145.8 0.00527694 
145.9 0.0054463 
146 0.00562693 
146.1 0.00581887 
146.2 0.0060222 
146.3 0.00623696 
146.4 0.00646322 
146.5 0.00670101 
146.6 0.0069504 
146.7 0.00721144 
146.8 0.00748416 
146.9 0.00776864 
147 0.0080649 
147.1 0.00837299 
147.2 0.00869297 
147.3 0.00902486 
147.4 0.00936872 
147.5 0.00972458 
147.6 0.0100925 
147.7 0.0104725 
147.8 0.0108646 
147.9 0.0112688 
148 0.0116852 
148.1 0.0121139 
148.2 0.0125547 
148.3 0.0130079 
148.4 0.0134733 
148.5 0.0139511 
148.6 0.0144412 
148.7 0.0149437 
148.8 0.0154586 
148.9 0.0159859 
149 0.0165257 
149.1 0.0170779 
149.2 0.0176425 
149.3 0.0182197 
149.4 0.0188093 
149.5 0.0194114 
149.6 0.0200261 
149.7 0.0206533 
149.8 0.021293 
149.9 0.0219452 
150 0.02261 
150.1 0.0232874 
150.2 0.0239773 
150.3 0.0246797 
150.4 0.0253947 
150.5 0.0261222 
150.6 0.0268622 
150.7 0.0276148 
150.8 0.0283799 
150.9 0.0291575 
151 0.0299476 
151.1 0.0307502 
151.2 0.0315653 
151.3 0.0323928 
151.4 0.0332328 
151.5 0.0340852 
151.6 0.03495 
151.7 0.0358272 
151.8 0.0367168 
151.9 0.0376186 
152 0.0385329 
152.1 0.0394594 
152.2 0.0403981 
152.3 0.0413491 
152.4 0.0423123 
152.5 0.0432876 
152.6 0.044275 
152.7 0.0452746 
152.8 0.0462862 
152.9 0.0473098 
153 0.0483454 
153.1 0.0493929 
153.2 0.0504524 
153.3 0.0515236 
153.4 0.0526067 
153.5 0.0537015 
153.6 0.054808 
153.7 0.0559261 
153.8 0.0570559 
153.9 0.0581972 
154 0.0593499 
154.1 0.0605141 
154.2 0.0616897 
154.3 0.0628766 
154.4 0.0640747 
154.5 0.0652841 
154.6 0.0665045 
154.7 0.067736 
154.8 0.0689785 
154.9 0.0702319 
155 0.0714962 
155.1 0.0727713 
155.2 0.074057 
155.3 0.0753534 
155.4 0.0766604 
155.5 0.0779778 
155.6 0.0793057 
155.7 0.0806438 
155.8 0.0819923 
155.9 0.0833508 
156 0.0847195 
156.1 0.0860981 
156.2 0.0874867 
156.3 0.088885 
156.4 0.0902931 
156.5 0.0917109 
156.6 0.0931381 
156.7 0.0945749 
156.8 0.096021 
156.9 0.0974763 
157 0.0989408 
157.1 0.100414 
157.2 0.101897 
157.3 0.103388 
157.4 0.104889 
157.5 0.106397 
157.6 0.107915 
157.7 0.109441 
157.8 0.110975 
157.9 0.112517 
158 0.114068 
158.1 0.115626 
158.2 0.117193 
158.3 0.118767 
158.4 0.120349 
158.5 0.121938 
158.6 0.123535 
158.7 0.125139 
158.8 0.126751 
158.9 0.128369 
159 0.129995 
159.1 0.131627 
159.2 0.133266 
159.3 0.134911 
159.4 0.136564 
159.5 0.138222 
159.6 0.139886 
159.7 0.141557 
159.8 0.143234 
159.9 0.144916 
160 0.146604 
160.1 0.148298 
160.2 0.149997 
160.3 0.151702 
160.4 0.153411 
160.5 0.155126 
160.6 0.156845 
160.7 0.158569 
160.8 0.160298 
160.9 0.162031 
161 0.163769 
161.1 0.165511 
161.2 0.167256 
161.3 0.169006 
161.4 0.17076 
161.5 0.172517 
161.6 0.174277 
161.7 0.176041 
161.8 0.177808 
161.9 0.179578 
162 0.181351 
162.1 0.183126 
162.2 0.184905 
162.3 0.186685 
162.4 0.188468 
162.5 0.190253 
162.6 0.19204 
162.7 0.193829 
162.8 0.195619 
162.9 0.197411 
163 0.199205 
163.1 0.200999 
163.2 0.202795 
163.3 0.204591 
163.4 0.206388 
163.5 0.208186 
163.6 0.209984 
163.7 0.211783 
163.8 0.213582 
163.9 0.21538 
164 0.217178 
164.1 0.218976 
164.2 0.220774 
164.3 0.222571 
164.4 0.224367 
164.5 0.226162 
164.6 0.227955 
164.7 0.229748 
164.8 0.231539 
164.9 0.233328 
165 0.235116 
165.1 0.236901 
165.2 0.238685 
165.3 0.240466 
165.4 0.242245 
165.5 0.244021 
165.6 0.245794 
165.7 0.247565 
165.8 0.249332 
165.9 0.251096 
166 0.252857 
166.1 0.254614 
166.2 0.256368 
166.3 0.258117 
166.4 0.259863 
166.5 0.261604 
166.6 0.263341 
166.7 0.265073 
166.8 0.266801 
166.9 0.268524 
167 0.270242 
167.1 0.271955 
167.2 0.273662 
167.3 0.275364 
167.4 0.27706 
167.5 0.278751 
167.6 0.280435 
167.7 0.282114 
167.8 0.283786 
167.9 0.285451 
168 0.287111 
168.1 0.288763 
168.2 0.290409 
168.3 0.292047 
168.4 0.293678 
168.5 0.295302 
168.6 0.296919 
168.7 0.298527 
168.8 0.300128 
168.9 0.301721 
169 0.303306 
169.1 0.304883 
169.2 0.306451 
169.3 0.308011 
169.4 0.309561 
169.5 0.311104 
169.6 0.312637 
169.7 0.314161 
169.8 0.315675 
169.9 0.31718 
170 0.318676 
170.1 0.320162 
170.2 0.321638 
170.3 0.323104 
170.4 0.32456 
170.5 0.326005 
170.6 0.32744 
170.7 0.328865 
170.8 0.330279 
170.9 0.331682 
171 0.333074 
171.1 0.334455 
171.2 0.335824 
171.3 0.337183 
171.4 0.33853 
171.5 0.339865 
171.6 0.341188 
171.7 0.3425 
171.8 0.343799 
171.9 0.345087 
172 0.346362 
172.1 0.347624 
172.2 0.348875 
172.3 0.350112 
172.4 0.351337 
172.5 0.352549 
172.6 0.353748 
172.7 0.354933 
172.8 0.356106 
172.9 0.357265 
173 0.358411 
173.1 0.359543 
173.2 0.360662 
173.3 0.361766 
173.4 0.362857 
173.5 0.363934 
173.6 0.364997 
173.7 0.366045 
173.8 0.36708 
173.9 0.368099 
174 0.369105 
174.1 0.370095 
174.2 0.371071 
174.3 0.372032 
174.4 0.372979 
174.5 0.37391 
174.6 0.374826 
174.7 0.375727 
174.8 0.376613 
174.9 0.377483 
175 0.378338 
175.1 0.379177 
175.2 0.380001 
175.3 0.380809 
175.4 0.381601 
175.5 0.382378 
175.6 0.383139 
175.7 0.383883 
175.8 0.384612 
175.9 0.385324 
176 0.38602 
176.1 0.3867 
176.2 0.387363 
176.3 0.388011 
176.4 0.388641 
176.5 0.389255 
176.6 0.389853 
176.7 0.390434 
176.8 0.390998 
176.9 0.391545 
177 0.392075 
177.1 0.392589 
177.2 0.393086 
177.3 0.393565 
177.4 0.394028 
177.5 0.394474 
177.6 0.394902 
177.7 0.395314 
177.8 0.395708 
177.9 0.396085 
178 0.396444 
178.1 0.396786 
178.2 0.397111 
178.3 0.397419 
178.4 0.397709 
178.5 0.397982 
178.6 0.398237 
178.7 0.398475 
178.8 0.398695 
178.9 0.398898 
179 0.399083 
179.1 0.39925 
179.2 0.3994 
179.3 0.399533 
179.4 0.399648 
179.5 0.399745 
179.6 0.399824 
179.7 0.399886 
179.8 0.39993 
179.9 0.399957 
