0.4 0 
0.8 0.00957705 
1.2 0.0308819 
1.6 0.0616647 
2 0.0990143 
2.4 0.139955 
2.8 0.18194 
3.2 0.223135 
3.6 0.262457 
4 0.299446 
4.4 0.334053 
4.8 0.366429 
5.2 0.39677 
5.6 0.425227 
6 0.451878 
6.4 0.476741 
6.8 0.499807 
7.2 0.521085 
7.6 0.540629 
8 0.558544 
8.4 0.574975 
8.8 0.590084 
9.2 0.604027 
9.6 0.616934 
10 0.628911 
10.4 0.640039 
10.8 0.650388 
11.2 0.660023 
11.6 0.669008 
12 0.677411 
12.4 0.685296 
12.8 0.69272 
13.2 0.699726 
13.6 0.706345 
14 0.712594 
14.4 0.718483 
14.8 0.724024 
15.2 0.729234 
15.6 0.734137 
16 0.738763 
16.4 0.743146 
16.8 0.747316 
17.2 0.751297 
17.6 0.755102 
18 0.758736 
18.4 0.762199 
18.8 0.765487 
19.2 0.768602 
19.6 0.771549 
20 0.774342 
20.4 0.776998 
20.8 0.779535 
21.2 0.781972 
21.6 0.784322 
22 0.786592 
22.4 0.788786 
22.8 0.790901 
23.2 0.792938 
23.6 0.794897 
24 0.796779 
24.4 0.798593 
24.8 0.800346 
25.2 0.802049 
25.6 0.803709 
26 0.805334 
26.4 0.806926 
26.8 0.808488 
27.2 0.810019 
27.6 0.81152 
28 0.81299 
28.4 0.814431 
28.8 0.815845 
29.2 0.817236 
29.6 0.818607 
30 0.819959 
30.4 0.821293 
30.8 0.822611 
31.2 0.823912 
31.6 0.825197 
32 0.826465 
32.4 0.827718 
32.8 0.828956 
33.2 0.830182 
33.6 0.831395 
34 0.832595 
34.4 0.833783 
34.8 0.834956 
35.2 0.836113 
35.6 0.837253 
36 0.838377 
36.4 0.839486 
36.8 0.84058 
37.2 0.841662 
37.6 0.842734 
38 0.843795 
38.4 0.844846 
38.8 0.845885 
39.2 0.846912 
39.6 0.847923 
40 0.848918 
40.4 0.849897 
40.8 0.850859 
41.2 0.851807 
41.6 0.852742 
42 0.853666 
42.4 0.854581 
42.8 0.855486 
43.2 0.856381 
43.6 0.857264 
44 0.858134 
44.4 0.858989 
44.8 0.859828 
45.2 0.860651 
45.6 0.861457 
46 0.862249 
46.4 0.863027 
46.8 0.863793 
47.2 0.864546 
47.6 0.865288 
48 0.866016 
48.4 0.86673 
48.8 0.867429 
49.2 0.86811 
49.6 0.868774 
50 0.869419 
50.4 0.870047 
50.8 0.870658 
51.2 0.871252 
51.6 0.87183 
52 0.872393 
52.4 0.87294 
52.8 0.873471 
53.2 0.873985 
53.6 0.874483 
54 0.874963 
54.4 0.875426 
54.8 0.875873 
55.2 0.876303 
55.6 0.876717 
56 0.877116 
56.4 0.8775 
56.8 0.877871 
57.2 0.878228 
57.6 0.878572 
58 0.878904 
58.4 0.879224 
58.8 0.879533 
59.2 0.879831 
59.6 0.880121 
60 0.880402 
60.4 0.880675 
60.8 0.880943 
61.2 0.881204 
61.6 0.88146 
62 0.881711 
62.4 0.881959 
62.8 0.882204 
63.2 0.882447 
63.6 0.88269 
64 0.882933 
64.4 0.883178 
64.8 0.883425 
65.2 0.883677 
65.6 0.883933 
66 0.884195 
66.4 0.884462 
66.8 0.884735 
67.2 0.885014 
67.6 0.885301 
68 0.885595 
68.4 0.885897 
68.8 0.886208 
69.2 0.88653 
69.6 0.886862 
70 0.887207 
70.4 0.887563 
70.8 0.887933 
71.2 0.888315 
71.6 0.888709 
72 0.889116 
72.4 0.889535 
72.8 0.889966 
73.2 0.890409 
73.6 0.890864 
74 0.891332 
74.4 0.891813 
74.8 0.892306 
75.2 0.892812 
75.6 0.893331 
76 0.893863 
76.4 0.894407 
76.8 0.894963 
77.2 0.895529 
77.6 0.896106 
78 0.896693 
78.4 0.897288 
78.8 0.897892 
79.2 0.898503 
79.6 0.899121 
80 0.899747 
80.4 0.900378 
80.8 0.901015 
81.2 0.901658 
81.6 0.902304 
82 0.902954 
82.4 0.903606 
82.8 0.90426 
83.2 0.904913 
83.6 0.905566 
84 0.906218 
84.4 0.906866 
84.8 0.907511 
85.2 0.908152 
85.6 0.908788 
86 0.909417 
86.4 0.910039 
86.8 0.910654 
87.2 0.91126 
87.6 0.911856 
88 0.912442 
88.4 0.913016 
88.8 0.913579 
89.2 0.914128 
89.6 0.914664 
90 0.915185 
90.4 0.915691 
90.8 0.916182 
91.2 0.916656 
91.6 0.917113 
92 0.917553 
92.4 0.917976 
92.8 0.918381 
93.2 0.918767 
93.6 0.919135 
94 0.919484 
94.4 0.919814 
94.8 0.920125 
95.2 0.920418 
95.6 0.920691 
96 0.920946 
96.4 0.921183 
96.8 0.921402 
97.2 0.921602 
97.6 0.921786 
98 0.921953 
98.4 0.922103 
98.8 0.922238 
99.2 0.922357 
99.6 0.922462 
100 0.922554 
100.4 0.922633 
100.8 0.9227 
101.2 0.922756 
101.6 0.922803 
102 0.92284 
102.4 0.92287 
102.8 0.922893 
103.2 0.922911 
103.6 0.922925 
104 0.922936 
104.4 0.922944 
104.8 0.922953 
105.2 0.922962 
105.6 0.922972 
106 0.922987 
106.4 0.923005 
106.8 0.92303 
107.2 0.923062 
107.6 0.923102 
108 0.923152 
108.4 0.923213 
108.8 0.923285 
109.2 0.923372 
109.6 0.923472 
110 0.923588 
110.4 0.923721 
110.8 0.923871 
111.2 0.924039 
111.6 0.924227 
112 0.924434 
112.4 0.924663 
112.8 0.924913 
113.2 0.925186 
113.6 0.925482 
114 0.925801 
114.4 0.926144 
114.8 0.926512 
115.2 0.926905 
115.6 0.927322 
116 0.927765 
116.4 0.928233 
116.8 0.928726 
117.2 0.929244 
117.6 0.929787 
118 0.930354 
118.4 0.930946 
118.8 0.931561 
119.2 0.932199 
119.6 0.93286 
120 0.933543 
120.4 0.934246 
120.8 0.93497 
121.2 0.935714 
121.6 0.936476 
122 0.937256 
122.4 0.938053 
122.8 0.938866 
123.2 0.939693 
123.6 0.940534 
124 0.941387 
124.4 0.942251 
124.8 0.943124 
125.2 0.944006 
125.6 0.944895 
126 0.945789 
126.4 0.946687 
126.8 0.947588 
127.2 0.948489 
127.6 0.94939 
128 0.950289 
128.4 0.951185 
128.8 0.952075 
129.2 0.952959 
129.6 0.953836 
130 0.954703 
130.4 0.95556 
130.8 0.956406 
131.2 0.957238 
131.6 0.958056 
132 0.958859 
132.4 0.959646 
132.8 0.960416 
133.2 0.961167 
133.6 0.961899 
134 0.96261 
134.4 0.963301 
134.8 0.96397 
135.2 0.964617 
135.6 0.96524 
136 0.96584 
136.4 0.966416 
136.8 0.966968 
137.2 0.967494 
137.6 0.967996 
138 0.968472 
138.4 0.968924 
138.8 0.96935 
139.2 0.969751 
139.6 0.970127 
140 0.970478 
140.4 0.970805 
140.8 0.971109 
141.2 0.971389 
141.6 0.971646 
142 0.971882 
142.4 0.972096 
142.8 0.97229 
143.2 0.972465 
143.6 0.972621 
144 0.972759 
144.4 0.972881 
144.8 0.972988 
145.2 0.97308 
145.6 0.973159 
146 0.973226 
146.4 0.973283 
146.8 0.97333 
147.2 0.973369 
147.6 0.973402 
148 0.973429 
148.4 0.973452 
148.8 0.973472 
149.2 0.973491 
149.6 0.973509 
150 0.973529 
150.4 0.973552 
150.8 0.973579 
151.2 0.97361 
151.6 0.973649 
152 0.973695 
152.4 0.973749 
152.8 0.973814 
153.2 0.97389 
153.6 0.973978 
154 0.974079 
154.4 0.974194 
154.8 0.974324 
155.2 0.97447 
155.6 0.974632 
156 0.974811 
156.4 0.975008 
156.8 0.975222 
157.2 0.975456 
157.6 0.975708 
158 0.97598 
158.4 0.976271 
158.8 0.976582 
159.2 0.976912 
159.6 0.977261 
160 0.97763 
160.4 0.978017 
160.8 0.978424 
161.2 0.978849 
161.6 0.979291 
162 0.979751 
162.4 0.980227 
162.8 0.98072 
163.2 0.981227 
163.6 0.981749 
164 0.982284 
164.4 0.982832 
164.8 0.98339 
165.2 0.983959 
165.6 0.984537 
166 0.985123 
166.4 0.985715 
166.8 0.986313 
167.2 0.986914 
167.6 0.987518 
168 0.988123 
168.4 0.988728 
168.8 0.989331 
169.2 0.98993 
169.6 0.990525 
170 0.991114 
170.4 0.991696 
170.8 0.992268 
171.2 0.992829 
171.6 0.993379 
172 0.993915 
172.4 0.994437 
172.8 0.994942 
173.2 0.99543 
173.6 0.995898 
174 0.996347 
174.4 0.996775 
174.8 0.99718 
175.2 0.997561 
175.6 0.997919 
176 0.99825 
176.4 0.998555 
176.8 0.998833 
177.2 0.999083 
177.6 0.999304 
178 0.999496 
178.4 0.999658 
178.8 0.99979 
179.2 0.999891 
179.6 0.999961 
180 1 
