0.4 0 
0.8 0.00383618 
1.2 0.012525 
1.6 0.0254885 
2 0.0419504 
2.4 0.0610674 
2.8 0.0820483 
3.2 0.104235 
3.6 0.127135 
4 0.150412 
4.4 0.173853 
4.8 0.197319 
5.2 0.220707 
5.6 0.243915 
6 0.266832 
6.4 0.289331 
6.8 0.311284 
7.2 0.332569 
7.6 0.353087 
8 0.372772 
8.4 0.39159 
8.8 0.409532 
9.2 0.42661 
9.6 0.442846 
10 0.458265 
10.4 0.472892 
10.8 0.486748 
11.2 0.499858 
11.6 0.512246 
12 0.523941 
12.4 0.534977 
12.8 0.54539 
13.2 0.555217 
13.6 0.564496 
14 0.573259 
14.4 0.581538 
14.8 0.589362 
15.2 0.596759 
15.6 0.603755 
16 0.61038 
16.4 0.61666 
16.8 0.622624 
17.2 0.628296 
17.6 0.633698 
18 0.638849 
18.4 0.643765 
18.8 0.648459 
19.2 0.652944 
19.6 0.657232 
20 0.661339 
20.4 0.665279 
20.8 0.669068 
21.2 0.672719 
21.6 0.676246 
22 0.679658 
22.4 0.682963 
22.8 0.686166 
23.2 0.689272 
23.6 0.692283 
24 0.695205 
24.4 0.698043 
24.8 0.700804 
25.2 0.703495 
25.6 0.706122 
26 0.708692 
26.4 0.711208 
26.8 0.713674 
27.2 0.716089 
27.6 0.718456 
28 0.720773 
28.4 0.723043 
28.8 0.725265 
29.2 0.727444 
29.6 0.729582 
30 0.731681 
30.4 0.733744 
30.8 0.735773 
31.2 0.737767 
31.6 0.739728 
32 0.741655 
32.4 0.743547 
32.8 0.745405 
33.2 0.747229 
33.6 0.749018 
34 0.750776 
34.4 0.752501 
34.8 0.754195 
35.2 0.755859 
35.6 0.757492 
36 0.759094 
36.4 0.760666 
36.8 0.762208 
37.2 0.763719 
37.6 0.765199 
38 0.76665 
38.4 0.768071 
38.8 0.769462 
39.2 0.770825 
39.6 0.772158 
40 0.773463 
40.4 0.774738 
40.8 0.775985 
41.2 0.777203 
41.6 0.778394 
42 0.779557 
42.4 0.780695 
42.8 0.781807 
43.2 0.782893 
43.6 0.783954 
44 0.78499 
44.4 0.786001 
44.8 0.786988 
45.2 0.78795 
45.6 0.788889 
46 0.789805 
46.4 0.7907 
46.8 0.791574 
47.2 0.792429 
47.6 0.793266 
48 0.794085 
48.4 0.794886 
48.8 0.79567 
49.2 0.796437 
49.6 0.797189 
50 0.797924 
50.4 0.798646 
50.8 0.799354 
51.2 0.80005 
51.6 0.800736 
52 0.801412 
52.4 0.802079 
52.8 0.802739 
53.2 0.803391 
53.6 0.804038 
54 0.804678 
54.4 0.805312 
54.8 0.805942 
55.2 0.806569 
55.6 0.807193 
56 0.807815 
56.4 0.808437 
56.8 0.80906 
57.2 0.809684 
57.6 0.81031 
58 0.810939 
58.4 0.811571 
58.8 0.812207 
59.2 0.812847 
59.6 0.813492 
60 0.814142 
60.4 0.814798 
60.8 0.815461 
61.2 0.816131 
61.6 0.816808 
62 0.817493 
62.4 0.818186 
62.8 0.818888 
63.2 0.819598 
63.6 0.820317 
64 0.821045 
64.4 0.821782 
64.8 0.822527 
65.2 0.823281 
65.6 0.824045 
66 0.824816 
66.4 0.825597 
66.8 0.826385 
67.2 0.827182 
67.6 0.827986 
68 0.828797 
68.4 0.829615 
68.8 0.830439 
69.2 0.831269 
69.6 0.832105 
70 0.832945 
70.4 0.83379 
70.8 0.834638 
71.2 0.83549 
71.6 0.836343 
72 0.837198 
72.4 0.838053 
72.8 0.838908 
73.2 0.839761 
73.6 0.840612 
74 0.84146 
74.4 0.842304 
74.8 0.843144 
75.2 0.843978 
75.6 0.844806 
76 0.845627 
76.4 0.846441 
76.8 0.847245 
77.2 0.84804 
77.6 0.848824 
78 0.849596 
78.4 0.850355 
78.8 0.8511 
79.2 0.851831 
79.6 0.852547 
80 0.853247 
80.4 0.853931 
80.8 0.854598 
81.2 0.855247 
81.6 0.855879 
82 0.856492 
82.4 0.857086 
82.8 0.85766 
83.2 0.858214 
83.6 0.858748 
84 0.85926 
84.4 0.859751 
84.8 0.860221 
85.2 0.860669 
85.6 0.861095 
86 0.8615 
86.4 0.861884 
86.8 0.862247 
87.2 0.862588 
87.6 0.862909 
88 0.86321 
88.4 0.863491 
88.8 0.863752 
89.2 0.863994 
89.6 0.864217 
90 0.864422 
90.4 0.864609 
90.8 0.86478 
91.2 0.864935 
91.6 0.865074 
92 0.8652 
92.4 0.865313 
92.8 0.865413 
93.2 0.865503 
93.6 0.865583 
94 0.865654 
94.4 0.865717 
94.8 0.865775 
95.2 0.865827 
95.6 0.865875 
96 0.865921 
96.4 0.865965 
96.8 0.866009 
97.2 0.866055 
97.6 0.866104 
98 0.866157 
98.4 0.866216 
98.8 0.866282 
99.2 0.866356 
99.6 0.86644 
100 0.866535 
100.4 0.866643 
100.8 0.866764 
101.2 0.8669 
101.6 0.867052 
102 0.867222 
102.4 0.867411 
102.8 0.86762 
103.2 0.86785 
103.6 0.868102 
104 0.868377 
104.4 0.868677 
104.8 0.869002 
105.2 0.869353 
105.6 0.86973 
106 0.870136 
106.4 0.870569 
106.8 0.871031 
107.2 0.871521 
107.6 0.872042 
108 0.872592 
108.4 0.873172 
108.8 0.873783 
109.2 0.874425 
109.6 0.875097 
110 0.8758 
110.4 0.876533 
110.8 0.877297 
111.2 0.878091 
111.6 0.878916 
112 0.879769 
112.4 0.880652 
112.8 0.881563 
113.2 0.882502 
113.6 0.883467 
114 0.884458 
114.4 0.885474 
114.8 0.886514 
115.2 0.887577 
115.6 0.888662 
116 0.889768 
116.4 0.890892 
116.8 0.892035 
117.2 0.893195 
117.6 0.89437 
118 0.895559 
118.4 0.896762 
118.8 0.897975 
119.2 0.899198 
119.6 0.900429 
120 0.901667 
120.4 0.902909 
120.8 0.904155 
121.2 0.905402 
121.6 0.906649 
122 0.907895 
122.4 0.909136 
122.8 0.910373 
123.2 0.911602 
123.6 0.912823 
124 0.914033 
124.4 0.915232 
124.8 0.916417 
125.2 0.917588 
125.6 0.918742 
126 0.919878 
126.4 0.920995 
126.8 0.922092 
127.2 0.923167 
127.6 0.924219 
128 0.925247 
128.4 0.92625 
128.8 0.927227 
129.2 0.928177 
129.6 0.929099 
130 0.929992 
130.4 0.930856 
130.8 0.931689 
131.2 0.932492 
131.6 0.933264 
132 0.934004 
132.4 0.934712 
132.8 0.935387 
133.2 0.936031 
133.6 0.936643 
134 0.937222 
134.4 0.937769 
134.8 0.938285 
135.2 0.938769 
135.6 0.939222 
136 0.939645 
136.4 0.940038 
136.8 0.940403 
137.2 0.940739 
137.6 0.941048 
138 0.94133 
138.4 0.941588 
138.8 0.941821 
139.2 0.942031 
139.6 0.942219 
140 0.942388 
140.4 0.942537 
140.8 0.942668 
141.2 0.942784 
141.6 0.942885 
142 0.942973 
142.4 0.943049 
142.8 0.943116 
143.2 0.943175 
143.6 0.943227 
144 0.943275 
144.4 0.94332 
144.8 0.943363 
145.2 0.943408 
145.6 0.943454 
146 0.943505 
146.4 0.943561 
146.8 0.943625 
147.2 0.943699 
147.6 0.943783 
148 0.943879 
148.4 0.94399 
148.8 0.944116 
149.2 0.94426 
149.6 0.944422 
150 0.944604 
150.4 0.944807 
150.8 0.945033 
151.2 0.945283 
151.6 0.945557 
152 0.945857 
152.4 0.946185 
152.8 0.94654 
153.2 0.946923 
153.6 0.947336 
154 0.947779 
154.4 0.948252 
154.8 0.948755 
155.2 0.94929 
155.6 0.949856 
156 0.950453 
156.4 0.951081 
156.8 0.951741 
157.2 0.952432 
157.6 0.953154 
158 0.953906 
158.4 0.954688 
158.8 0.955499 
159.2 0.956338 
159.6 0.957205 
160 0.958099 
160.4 0.959019 
160.8 0.959963 
161.2 0.960931 
161.6 0.961921 
162 0.962932 
162.4 0.963963 
162.8 0.965011 
163.2 0.966075 
163.6 0.967154 
164 0.968246 
164.4 0.969349 
164.8 0.970462 
165.2 0.971581 
165.6 0.972706 
166 0.973835 
166.4 0.974964 
166.8 0.976093 
167.2 0.977219 
167.6 0.978341 
168 0.979455 
168.4 0.98056 
168.8 0.981654 
169.2 0.982734 
169.6 0.983798 
170 0.984845 
170.4 0.985873 
170.8 0.986878 
171.2 0.98786 
171.6 0.988815 
172 0.989743 
172.4 0.990641 
172.8 0.991507 
173.2 0.99234 
173.6 0.993138 
174 0.993898 
174.4 0.994621 
174.8 0.995303 
175.2 0.995944 
175.6 0.996542 
176 0.997096 
176.4 0.997605 
176.8 0.998067 
177.2 0.998482 
177.6 0.998849 
178 0.999167 
178.4 0.999435 
178.8 0.999653 
179.2 0.99982 
179.6 0.999936 
180 1 
