0.1 5.13447e-06 
0.2 1.01708e-05 
0.3 1.5011e-05 
0.4 1.95574e-05 
0.5 2.37126e-05 
0.6 2.73801e-05 
0.7 3.04646e-05 
0.8 3.28718e-05 
0.9 3.45097e-05 
1 3.52888e-05 
1.1 3.51229e-05 
1.2 3.39303e-05 
1.3 3.16342e-05 
1.4 2.81646e-05 
1.5 2.34591e-05 
1.6 1.74643e-05 
1.7 1.01376e-05 
1.8 1.44837e-06 
1.9 -8.62023e-06 
2 -2.00701e-05 
2.1 -3.28865e-05 
2.2 -4.7037e-05 
2.3 -6.24707e-05 
2.4 -7.9117e-05 
2.5 -9.68858e-05 
2.6 -0.000115667 
2.7 -0.000135332 
2.8 -0.000155734 
2.9 -0.00017671 
3 -0.000198082 
3.1 -0.000219661 
3.2 -0.000241249 
3.3 -0.000262645 
3.4 -0.000283645 
3.5 -0.000304048 
3.6 -0.000323662 
3.7 -0.000342304 
3.8 -0.000359809 
3.9 -0.00037603 
4 -0.000390841 
4.1 -0.000404143 
4.2 -0.000415865 
4.3 -0.000425964 
4.4 -0.000434428 
4.5 -0.000441275 
4.6 -0.000446552 
4.7 -0.000450337 
4.8 -0.000452734 
4.9 -0.000453871 
5 -0.0004539 
5.1 -0.000452992 
5.2 -0.000451331 
5.3 -0.000449117 
5.4 -0.000446556 
5.5 -0.000443857 
5.6 -0.000441233 
5.7 -0.000438891 
5.8 -0.000437031 
5.9 -0.000435845 
6 -0.000435507 
6.1 -0.000436177 
6.2 -0.000437994 
6.3 -0.000441074 
6.4 -0.000445509 
6.5 -0.000451363 
6.6 -0.000458673 
6.7 -0.000467446 
6.8 -0.000477659 
6.9 -0.000489261 
7 -0.000502167 
7.1 -0.000516265 
7.2 -0.000531417 
7.3 -0.000547455 
7.4 -0.00056419 
7.5 -0.000581412 
7.6 -0.000598892 
7.7 -0.000616388 
7.8 -0.000633647 
7.9 -0.000650412 
8 -0.000666423 
8.1 -0.000681427 
8.2 -0.000695175 
8.3 -0.000707435 
8.4 -0.00071799 
8.5 -0.000726646 
8.6 -0.000733234 
8.7 -0.000737614 
8.8 -0.000739677 
8.9 -0.000739347 
9 -0.000736584 
9.1 -0.000731381 
9.2 -0.00072377 
9.3 -0.000713813 
9.4 -0.000701607 
9.5 -0.00068728 
9.6 -0.000670987 
9.7 -0.000652906 
9.8 -0.000633236 
9.9 -0.000612192 
10 -0.000589997 
10.1 -0.000566884 
10.2 -0.000543083 
10.3 -0.000518821 
10.4 -0.000494316 
10.5 -0.000469769 
10.6 -0.000445364 
10.7 -0.000421259 
10.8 -0.000397586 
10.9 -0.000374443 
11 -0.000351896 
11.1 -0.000329974 
11.2 -0.000308665 
11.3 -0.000287922 
11.4 -0.000267654 
11.5 -0.000247736 
11.6 -0.000228002 
11.7 -0.000208252 
11.8 -0.000188255 
11.9 -0.000167752 
12 -0.000146456 
12.1 -0.000124066 
12.2 -0.000100263 
12.3 -7.47211e-05 
12.4 -4.71131e-05 
12.5 -1.71137e-05 
12.6 1.5592e-05 
12.7 5.13041e-05 
12.8 9.03015e-05 
12.9 0.000132837 
13 0.000179135 
13.1 0.000229381 
13.2 0.000283728 
13.3 0.000342286 
13.4 0.000405124 
13.5 0.000472268 
13.6 0.000543703 
13.7 0.000619369 
13.8 0.000699172 
13.9 0.000782974 
14 0.000870609 
14.1 0.000961878 
14.2 0.00105656 
14.3 0.0011544 
14.4 0.00125515 
14.5 0.00135853 
14.6 0.00146428 
14.7 0.00157212 
14.8 0.00168179 
14.9 0.00179304 
15 0.00190565 
15.1 0.00201941 
15.2 0.00213415 
15.3 0.00224971 
15.4 0.002366 
15.5 0.00248295 
15.6 0.00260052 
15.7 0.00271874 
15.8 0.00283765 
15.9 0.00295735 
16 0.00307797 
16.1 0.00319967 
16.2 0.00332265 
16.3 0.00344713 
16.4 0.00357336 
16.5 0.00370161 
16.6 0.00383214 
16.7 0.00396524 
16.8 0.00410119 
16.9 0.00424025 
17 0.00438269 
17.1 0.00452874 
17.2 0.00467863 
17.3 0.00483254 
17.4 0.00499063 
17.5 0.00515302 
17.6 0.00531978 
17.7 0.00549097 
17.8 0.00566658 
17.9 0.00584658 
18 0.00603086 
18.1 0.00621932 
18.2 0.00641179 
18.3 0.00660807 
18.4 0.00680793 
18.5 0.00701111 
18.6 0.00721732 
18.7 0.00742625 
18.8 0.0076376 
18.9 0.00785103 
19 0.0080662 
19.1 0.00828278 
19.2 0.00850044 
19.3 0.00871888 
19.4 0.00893779 
19.5 0.0091569 
19.6 0.00937595 
19.7 0.00959473 
19.8 0.00981303 
19.9 0.0100307 
20 0.0102476 
20.1 0.0104637 
20.2 0.0106789 
20.3 0.0108932 
20.4 0.0111066 
20.5 0.0113191 
20.6 0.0115309 
20.7 0.0117419 
20.8 0.0119524 
20.9 0.0121624 
21 0.012372 
21.1 0.0125814 
21.2 0.0127907 
21.3 0.0130001 
21.4 0.0132096 
21.5 0.0134193 
21.6 0.0136293 
21.7 0.0138397 
21.8 0.0140505 
21.9 0.0142617 
22 0.0144732 
22.1 0.014685 
22.2 0.014897 
22.3 0.0151091 
22.4 0.0153211 
22.5 0.0155329 
22.6 0.0157442 
22.7 0.0159548 
22.8 0.0161646 
22.9 0.0163731 
23 0.0165803 
23.1 0.0167857 
23.2 0.0169892 
23.3 0.0171905 
23.4 0.0173893 
23.5 0.0175853 
23.6 0.0177783 
23.7 0.0179682 
23.8 0.0181547 
23.9 0.0183376 
24 0.0185167 
24.1 0.0186921 
24.2 0.0188634 
24.3 0.0190308 
24.4 0.0191941 
24.5 0.0193533 
24.6 0.0195084 
24.7 0.0196594 
24.8 0.0198064 
24.9 0.0199494 
25 0.0200883 
25.1 0.0202234 
25.2 0.0203545 
25.3 0.0204819 
25.4 0.0206054 
25.5 0.0207251 
25.6 0.0208411 
25.7 0.0209534 
25.8 0.0210618 
25.9 0.0211664 
26 0.0212671 
26.1 0.0213638 
26.2 0.0214564 
26.3 0.0215448 
26.4 0.0216288 
26.5 0.0217083 
26.6 0.0217831 
26.7 0.0218531 
26.8 0.021918 
26.9 0.0219777 
27 0.022032 
27.1 0.0220808 
27.2 0.0221238 
27.3 0.022161 
27.4 0.0221922 
27.5 0.0222173 
27.6 0.0222363 
27.7 0.022249 
27.8 0.0222554 
27.9 0.0222557 
28 0.0222497 
28.1 0.0222377 
28.2 0.0222196 
28.3 0.0221955 
28.4 0.0221657 
28.5 0.0221302 
28.6 0.0220893 
28.7 0.0220432 
28.8 0.0219919 
28.9 0.0219357 
29 0.0218748 
29.1 0.0218093 
29.2 0.0217393 
29.3 0.0216651 
29.4 0.0215866 
29.5 0.021504 
29.6 0.0214172 
29.7 0.0213263 
29.8 0.0212311 
29.9 0.0211317 
30 0.0210278 
30.1 0.0209193 
30.2 0.020806 
30.3 0.0206876 
30.4 0.0205639 
30.5 0.0204346 
30.6 0.0202993 
30.7 0.0201577 
30.8 0.0200095 
30.9 0.0198544 
31 0.019692 
31.1 0.0195219 
31.2 0.019344 
31.3 0.019158 
31.4 0.0189635 
31.5 0.0187605 
31.6 0.0185487 
31.7 0.0183281 
31.8 0.0180985 
31.9 0.0178601 
32 0.0176128 
32.1 0.0173568 
32.2 0.0170922 
32.3 0.0168192 
32.4 0.0165382 
32.5 0.0162493 
32.6 0.0159531 
32.7 0.0156497 
32.8 0.0153397 
32.9 0.0150234 
33 0.0147013 
33.1 0.0143738 
33.2 0.0140413 
33.3 0.0137042 
33.4 0.0133628 
33.5 0.0130176 
33.6 0.0126687 
33.7 0.0123164 
33.8 0.0119609 
33.9 0.0116023 
34 0.0112407 
34.1 0.010876 
34.2 0.0105082 
34.3 0.0101371 
34.4 0.00976246 
34.5 0.00938408 
34.6 0.00900161 
34.7 0.00861465 
34.8 0.00822279 
34.9 0.00782556 
35 0.00742248 
35.1 0.00701304 
35.2 0.00659674 
35.3 0.00617305 
35.4 0.00574148 
35.5 0.00530155 
35.6 0.00485281 
35.7 0.00439485 
35.8 0.00392731 
35.9 0.00344989 
36 0.00296235 
36.1 0.00246451 
36.2 0.00195627 
36.3 0.00143759 
36.4 0.000908524 
36.5 0.000369185 
36.6 -0.000180233 
36.7 -0.00073947 
36.8 -0.0013082 
36.9 -0.00188604 
37 -0.00247255 
37.1 -0.00306725 
37.2 -0.00366964 
37.3 -0.00427916 
37.4 -0.00489526 
37.5 -0.00551739 
37.6 -0.006145 
37.7 -0.00677756 
37.8 -0.00741455 
37.9 -0.00805551 
38 -0.00870002 
38.1 -0.00934771 
38.2 -0.00999827 
38.3 -0.0106515 
38.4 -0.0113071 
38.5 -0.0119651 
38.6 -0.0126254 
38.7 -0.0132881 
38.8 -0.0139533 
38.9 -0.0146212 
39 -0.015292 
39.1 -0.0159661 
39.2 -0.0166438 
39.3 -0.0173255 
39.4 -0.0180116 
39.5 -0.0187028 
39.6 -0.0193993 
39.7 -0.0201017 
39.8 -0.0208106 
39.9 -0.0215263 
40 -0.0222493 
40.1 -0.0229801 
40.2 -0.0237189 
40.3 -0.0244661 
40.4 -0.0252221 
40.5 -0.0259868 
40.6 -0.0267606 
40.7 -0.0275435 
40.8 -0.0283353 
40.9 -0.0291362 
41 -0.0299458 
41.1 -0.030764 
41.2 -0.0315904 
41.3 -0.0324248 
41.4 -0.0332666 
41.5 -0.0341155 
41.6 -0.034971 
41.7 -0.0358324 
41.8 -0.0366994 
41.9 -0.0375713 
42 -0.0384475 
42.1 -0.0393276 
42.2 -0.0402109 
42.3 -0.0410969 
42.4 -0.0419853 
42.5 -0.0428755 
42.6 -0.0437671 
42.7 -0.0446598 
42.8 -0.0455533 
42.9 -0.0464473 
43 -0.0473417 
43.1 -0.0482363 
43.2 -0.049131 
43.3 -0.0500257 
43.4 -0.0509206 
43.5 -0.0518157 
43.6 -0.0527109 
43.7 -0.0536065 
43.8 -0.0545026 
43.9 -0.0553993 
44 -0.0562968 
44.1 -0.0571952 
44.2 -0.0580947 
44.3 -0.0589954 
44.4 -0.0598974 
44.5 -0.0608008 
44.6 -0.0617056 
44.7 -0.0626118 
44.8 -0.0635193 
44.9 -0.0644281 
45 -0.0653379 
45.1 -0.0662487 
45.2 -0.0671601 
45.3 -0.0680719 
45.4 -0.0689836 
45.5 -0.0698949 
45.6 -0.0708053 
45.7 -0.0717144 
45.8 -0.0726217 
45.9 -0.0735266 
46 -0.0744285 
46.1 -0.075327 
46.2 -0.0762214 
46.3 -0.0771112 
46.4 -0.0779958 
46.5 -0.0788748 
46.6 -0.0797475 
46.7 -0.0806135 
46.8 -0.0814723 
46.9 -0.0823235 
47 -0.0831666 
47.1 -0.0840014 
47.2 -0.0848275 
47.3 -0.0856445 
47.4 -0.0864522 
47.5 -0.0872503 
47.6 -0.0880387 
47.7 -0.088817 
47.8 -0.0895851 
47.9 -0.0903428 
48 -0.09109 
48.1 -0.0918263 
48.2 -0.0925516 
48.3 -0.0932656 
48.4 -0.0939682 
48.5 -0.094659 
48.6 -0.0953377 
48.7 -0.096004 
48.8 -0.0966575 
48.9 -0.0972977 
49 -0.0979243 
49.1 -0.0985367 
49.2 -0.0991344 
49.3 -0.0997168 
49.4 -0.100283 
49.5 -0.100833 
49.6 -0.101366 
49.7 -0.101881 
49.8 -0.102377 
49.9 -0.102854 
50 -0.103311 
50.1 -0.103747 
50.2 -0.104162 
50.3 -0.104555 
50.4 -0.104926 
50.5 -0.105273 
50.6 -0.105596 
50.7 -0.105896 
50.8 -0.10617 
50.9 -0.10642 
51 -0.106644 
51.1 -0.106842 
51.2 -0.107015 
51.3 -0.107161 
51.4 -0.107282 
51.5 -0.107376 
51.6 -0.107443 
51.7 -0.107485 
51.8 -0.1075 
51.9 -0.107489 
52 -0.107451 
52.1 -0.107388 
52.2 -0.107299 
52.3 -0.107184 
52.4 -0.107044 
52.5 -0.106878 
52.6 -0.106686 
52.7 -0.106469 
52.8 -0.106227 
52.9 -0.105959 
53 -0.105666 
53.1 -0.105348 
53.2 -0.105003 
53.3 -0.104633 
53.4 -0.104238 
53.5 -0.103816 
53.6 -0.103368 
53.7 -0.102894 
53.8 -0.102393 
53.9 -0.101865 
54 -0.10131 
54.1 -0.100728 
54.2 -0.100119 
54.3 -0.0994817 
54.4 -0.0988168 
54.5 -0.0981239 
54.6 -0.0974031 
54.7 -0.0966541 
54.8 -0.0958772 
54.9 -0.0950722 
55 -0.0942394 
55.1 -0.0933788 
55.2 -0.0924908 
55.3 -0.0915755 
55.4 -0.0906334 
55.5 -0.0896648 
55.6 -0.0886702 
55.7 -0.0876501 
55.8 -0.086605 
55.9 -0.0855355 
56 -0.0844422 
56.1 -0.0833258 
56.2 -0.0821869 
56.3 -0.0810262 
56.4 -0.0798445 
56.5 -0.0786425 
56.6 -0.0774209 
56.7 -0.0761804 
56.8 -0.0749217 
56.9 -0.0736455 
57 -0.0723526 
57.1 -0.0710435 
57.2 -0.069719 
57.3 -0.0683796 
57.4 -0.067026 
57.5 -0.0656588 
57.6 -0.0642785 
57.7 -0.0628856 
57.8 -0.0614807 
57.9 -0.0600642 
58 -0.0586366 
58.1 -0.0571983 
58.2 -0.0557498 
58.3 -0.0542915 
58.4 -0.0528237 
58.5 -0.0513469 
58.6 -0.0498615 
58.7 -0.0483677 
58.8 -0.0468661 
58.9 -0.0453569 
59 -0.0438405 
59.1 -0.0423173 
59.2 -0.0407878 
59.3 -0.0392522 
59.4 -0.0377109 
59.5 -0.0361644 
59.6 -0.0346131 
59.7 -0.0330574 
59.8 -0.0314976 
59.9 -0.0299343 
60 -0.0283678 
60.1 -0.0267986 
60.2 -0.0252271 
60.3 -0.0236538 
60.4 -0.0220791 
60.5 -0.0205034 
60.6 -0.0189273 
60.7 -0.017351 
60.8 -0.0157751 
60.9 -0.0142 
61 -0.012626 
61.1 -0.0110537 
61.2 -0.00948345 
61.3 -0.00791558 
61.4 -0.00635051 
61.5 -0.00478861 
61.6 -0.00323025 
61.7 -0.00167578 
61.8 -0.000125522 
61.9 0.00142019 
62 0.00296104 
62.1 0.00449674 
62.2 0.00602701 
62.3 0.00755156 
62.4 0.00907015 
62.5 0.0105825 
62.6 0.0120885 
62.7 0.0135878 
62.8 0.0150802 
62.9 0.0165656 
63 0.0180437 
63.1 0.0195145 
63.2 0.0209777 
63.3 0.0224332 
63.4 0.023881 
63.5 0.0253208 
63.6 0.0267526 
63.7 0.0281763 
63.8 0.0295918 
63.9 0.0309991 
64 0.0323982 
64.1 0.0337889 
64.2 0.0351712 
64.3 0.0365452 
64.4 0.0379108 
64.5 0.0392681 
64.6 0.040617 
64.7 0.0419576 
64.8 0.0432899 
64.9 0.0446139 
65 0.0459296 
65.1 0.0472372 
65.2 0.0485366 
65.3 0.049828 
65.4 0.0511112 
65.5 0.0523865 
65.6 0.0536538 
65.7 0.0549132 
65.8 0.0561647 
65.9 0.0574083 
66 0.0586442 
66.1 0.0598722 
66.2 0.0610924 
66.3 0.0623049 
66.4 0.0635096 
66.5 0.0647065 
66.6 0.0658957 
66.7 0.067077 
66.8 0.0682506 
66.9 0.0694163 
67 0.0705741 
67.1 0.071724 
67.2 0.0728659 
67.3 0.0739999 
67.4 0.0751258 
67.5 0.0762436 
67.6 0.0773534 
67.7 0.078455 
67.8 0.0795484 
67.9 0.0806337 
68 0.0817108 
68.1 0.0827797 
68.2 0.0838404 
68.3 0.0848929 
68.4 0.0859373 
68.5 0.0869736 
68.6 0.0880019 
68.7 0.0890222 
68.8 0.0900347 
68.9 0.0910394 
69 0.0920365 
69.1 0.0930261 
69.2 0.0940083 
69.3 0.0949834 
69.4 0.0959514 
69.5 0.0969126 
69.6 0.0978672 
69.7 0.0988154 
69.8 0.0997573 
69.9 0.100693 
70 0.101623 
70.1 0.102548 
70.2 0.103467 
70.3 0.104382 
70.4 0.105291 
70.5 0.106195 
70.6 0.107096 
70.7 0.107991 
70.8 0.108883 
70.9 0.109771 
71 0.110655 
71.1 0.111536 
71.2 0.112413 
71.3 0.113286 
71.4 0.114156 
71.5 0.115023 
71.6 0.115887 
71.7 0.116748 
71.8 0.117606 
71.9 0.118461 
72 0.119312 
72.1 0.120161 
72.2 0.121006 
72.3 0.121849 
72.4 0.122688 
72.5 0.123524 
72.6 0.124357 
72.7 0.125186 
72.8 0.126012 
72.9 0.126835 
73 0.127654 
73.1 0.128469 
73.2 0.129281 
73.3 0.13009 
73.4 0.130895 
73.5 0.131696 
73.6 0.132493 
73.7 0.133287 
73.8 0.134077 
73.9 0.134864 
74 0.135647 
74.1 0.136427 
74.2 0.137204 
74.3 0.137977 
74.4 0.138748 
74.5 0.139516 
74.6 0.140281 
74.7 0.141043 
74.8 0.141804 
74.9 0.142562 
75 0.143318 
75.1 0.144073 
75.2 0.144827 
75.3 0.145579 
75.4 0.146331 
75.5 0.147082 
75.6 0.147833 
75.7 0.148584 
75.8 0.149335 
75.9 0.150087 
76 0.150839 
76.1 0.151593 
76.2 0.152347 
76.3 0.153103 
76.4 0.15386 
76.5 0.154619 
76.6 0.15538 
76.7 0.156143 
76.8 0.156908 
76.9 0.157675 
77 0.158445 
77.1 0.159216 
77.2 0.159991 
77.3 0.160767 
77.4 0.161546 
77.5 0.162328 
77.6 0.163111 
77.7 0.163897 
77.8 0.164686 
77.9 0.165476 
78 0.166269 
78.1 0.167064 
78.2 0.167861 
78.3 0.168659 
78.4 0.16946 
78.5 0.170262 
78.6 0.171065 
78.7 0.171871 
78.8 0.172678 
78.9 0.173486 
79 0.174296 
79.1 0.175107 
79.2 0.175919 
79.3 0.176733 
79.4 0.177549 
79.5 0.178365 
79.6 0.179184 
79.7 0.180004 
79.8 0.180825 
79.9 0.181649 
80 0.182474 
80.1 0.183302 
80.2 0.184131 
80.3 0.184964 
80.4 0.185799 
80.5 0.186637 
80.6 0.187478 
80.7 0.188323 
80.8 0.189172 
80.9 0.190024 
81 0.190881 
81.1 0.191743 
81.2 0.192609 
81.3 0.193481 
81.4 0.194358 
81.5 0.195241 
81.6 0.196129 
81.7 0.197025 
81.8 0.197926 
81.9 0.198835 
82 0.19975 
82.1 0.200673 
82.2 0.201604 
82.3 0.202542 
82.4 0.203487 
82.5 0.204441 
82.6 0.205403 
82.7 0.206373 
82.8 0.207351 
82.9 0.208337 
83 0.209332 
83.1 0.210335 
83.2 0.211346 
83.3 0.212366 
83.4 0.213394 
83.5 0.21443 
83.6 0.215474 
83.7 0.216526 
83.8 0.217586 
83.9 0.218654 
84 0.219729 
84.1 0.220811 
84.2 0.221901 
84.3 0.222998 
84.4 0.224102 
84.5 0.225213 
84.6 0.226331 
84.7 0.227454 
84.8 0.228585 
84.9 0.229721 
85 0.230864 
85.1 0.232012 
85.2 0.233166 
85.3 0.234326 
85.4 0.235491 
85.5 0.236662 
85.6 0.237838 
85.7 0.239019 
85.8 0.240205 
85.9 0.241397 
86 0.242594 
86.1 0.243795 
86.2 0.245001 
86.3 0.246213 
86.4 0.247428 
86.5 0.248649 
86.6 0.249874 
86.7 0.251103 
86.8 0.252337 
86.9 0.253575 
87 0.254816 
87.1 0.256061 
87.2 0.25731 
87.3 0.258561 
87.4 0.259815 
87.5 0.261071 
87.6 0.262329 
87.7 0.263587 
87.8 0.264846 
87.9 0.266104 
88 0.267361 
88.1 0.268616 
88.2 0.269867 
88.3 0.271113 
88.4 0.272353 
88.5 0.273585 
88.6 0.274809 
88.7 0.276021 
88.8 0.277219 
88.9 0.278403 
89 0.279568 
89.1 0.280714 
89.2 0.281835 
89.3 0.282931 
89.4 0.283997 
89.5 0.285029 
89.6 0.286025 
89.7 0.286978 
89.8 0.287886 
89.9 0.288743 
90 0.289544 
90.1 0.290283 
90.2 0.290954 
90.3 0.291551 
90.4 0.292066 
90.5 0.292493 
90.6 0.292822 
90.7 0.293047 
90.8 0.293156 
90.9 0.293142 
91 0.292992 
91.1 0.292696 
91.2 0.292241 
91.3 0.291615 
91.4 0.290805 
91.5 0.289794 
91.6 0.288568 
91.7 0.28711 
91.8 0.285401 
91.9 0.283424 
92 0.281157 
92.1 0.278578 
92.2 0.275666 
92.3 0.272396 
92.4 0.268742 
92.5 0.264676 
92.6 0.260171 
92.7 0.255197 
92.8 0.249722 
92.9 0.243713 
93 0.237136 
93.1 0.229957 
93.2 0.222138 
93.3 0.213644 
93.4 0.204438 
93.5 0.194481 
93.6 0.183737 
93.7 0.172171 
93.8 0.159747 
93.9 0.146434 
94 0.132203 
94.1 0.117027 
94.2 0.100889 
94.3 0.0837721 
94.4 0.0656711 
94.5 0.0465871 
94.6 0.0265315 
94.7 0.00552641 
94.8 -0.0163943 
94.9 -0.0391837 
95 -0.0627814 
95.1 -0.0871126 
95.2 -0.112088 
95.3 -0.137606 
95.4 -0.163548 
95.5 -0.189787 
95.6 -0.216181 
95.7 -0.242584 
95.8 -0.268839 
95.9 -0.294788 
96 -0.320272 
96.1 -0.345135 
96.2 -0.369225 
96.3 -0.392402 
96.4 -0.414535 
96.5 -0.435508 
96.6 -0.455221 
96.7 -0.473592 
96.8 -0.490556 
96.9 -0.50607 
97 -0.520105 
97.1 -0.532654 
97.2 -0.543722 
97.3 -0.553334 
97.4 -0.561524 
97.5 -0.568341 
97.6 -0.573841 
97.7 -0.578089 
97.8 -0.581154 
97.9 -0.583111 
98 -0.584037 
98.1 -0.58401 
98.2 -0.583105 
98.3 -0.5814 
98.4 -0.578969 
98.5 -0.575882 
98.6 -0.572207 
98.7 -0.56801 
98.8 -0.56335 
98.9 -0.558283 
99 -0.552863 
99.1 -0.547138 
99.2 -0.541152 
99.3 -0.534946 
99.4 -0.528558 
99.5 -0.52202 
99.6 -0.515364 
99.7 -0.508617 
99.8 -0.501804 
99.9 -0.494946 
100 -0.488065 
100.1 -0.481176 
100.2 -0.474295 
100.3 -0.467437 
100.4 -0.460614 
100.5 -0.453835 
100.6 -0.44711 
100.7 -0.440447 
100.8 -0.433853 
100.9 -0.427334 
101 -0.420895 
101.1 -0.414539 
101.2 -0.40827 
101.3 -0.402092 
101.4 -0.396006 
101.5 -0.390014 
101.6 -0.384118 
101.7 -0.378318 
101.8 -0.372616 
101.9 -0.367011 
102 -0.361503 
102.1 -0.356092 
102.2 -0.350779 
102.3 -0.345561 
102.4 -0.340439 
102.5 -0.335412 
102.6 -0.330478 
102.7 -0.325637 
102.8 -0.320886 
102.9 -0.316226 
103 -0.311655 
103.1 -0.30717 
103.2 -0.302772 
103.3 -0.298458 
103.4 -0.294227 
103.5 -0.290077 
103.6 -0.286007 
103.7 -0.282016 
103.8 -0.278101 
103.9 -0.274262 
104 -0.270496 
104.1 -0.266802 
104.2 -0.263179 
104.3 -0.259626 
104.4 -0.256139 
104.5 -0.252719 
104.6 -0.249364 
104.7 -0.246072 
104.8 -0.242841 
104.9 -0.239671 
105 -0.23656 
105.1 -0.233507 
105.2 -0.23051 
105.3 -0.227567 
105.4 -0.224679 
105.5 -0.221842 
105.6 -0.219057 
105.7 -0.216322 
105.8 -0.213635 
105.9 -0.210996 
106 -0.208404 
106.1 -0.205856 
106.2 -0.203353 
106.3 -0.200893 
106.4 -0.198475 
106.5 -0.196098 
106.6 -0.193761 
106.7 -0.191463 
106.8 -0.189204 
106.9 -0.186981 
107 -0.184795 
107.1 -0.182645 
107.2 -0.180529 
107.3 -0.178448 
107.4 -0.176399 
107.5 -0.174382 
107.6 -0.172398 
107.7 -0.170444 
107.8 -0.16852 
107.9 -0.166626 
108 -0.164761 
108.1 -0.162924 
108.2 -0.161114 
108.3 -0.159332 
108.4 -0.157576 
108.5 -0.155845 
108.6 -0.154141 
108.7 -0.15246 
108.8 -0.150805 
108.9 -0.149173 
109 -0.147564 
109.1 -0.145978 
109.2 -0.144415 
109.3 -0.142873 
109.4 -0.141353 
109.5 -0.139854 
109.6 -0.138376 
109.7 -0.136918 
109.8 -0.13548 
109.9 -0.134062 
110 -0.132663 
110.1 -0.131283 
110.2 -0.129921 
110.3 -0.128577 
110.4 -0.127251 
110.5 -0.125943 
110.6 -0.124652 
110.7 -0.123378 
110.8 -0.122121 
110.9 -0.12088 
111 -0.119654 
111.1 -0.118445 
111.2 -0.117251 
111.3 -0.116073 
111.4 -0.114909 
111.5 -0.11376 
111.6 -0.112626 
111.7 -0.111505 
111.8 -0.110399 
111.9 -0.109306 
112 -0.108227 
112.1 -0.107161 
112.2 -0.106108 
112.3 -0.105068 
112.4 -0.104041 
112.5 -0.103025 
112.6 -0.102022 
112.7 -0.101031 
112.8 -0.100052 
112.9 -0.0990836 
113 -0.0981269 
113.1 -0.0971813 
113.2 -0.0962466 
113.3 -0.0953227 
113.4 -0.0944092 
113.5 -0.0935061 
113.6 -0.0926132 
113.7 -0.0917302 
113.8 -0.0908571 
113.9 -0.0899935 
114 -0.0891395 
114.1 -0.0882947 
114.2 -0.087459 
114.3 -0.0866323 
114.4 -0.0858144 
114.5 -0.0850052 
114.6 -0.0842045 
114.7 -0.0834121 
114.8 -0.082628 
114.9 -0.0818519 
115 -0.0810838 
115.1 -0.0803234 
115.2 -0.0795707 
115.3 -0.0788256 
115.4 -0.0780878 
115.5 -0.0773573 
115.6 -0.076634 
115.7 -0.0759178 
115.8 -0.0752085 
115.9 -0.074506 
116 -0.0738102 
116.1 -0.073121 
116.2 -0.0724383 
116.3 -0.071762 
116.4 -0.071092 
116.5 -0.0704282 
116.6 -0.0697706 
116.7 -0.0691189 
116.8 -0.0684732 
116.9 -0.0678333 
117 -0.0671992 
117.1 -0.0665708 
117.2 -0.065948 
117.3 -0.0653307 
117.4 -0.0647188 
117.5 -0.0641123 
117.6 -0.0635111 
117.7 -0.0629151 
117.8 -0.0623243 
117.9 -0.0617386 
118 -0.0611579 
118.1 -0.0605822 
118.2 -0.0600114 
118.3 -0.0594453 
118.4 -0.0588841 
118.5 -0.0583276 
118.6 -0.0577757 
118.7 -0.0572285 
118.8 -0.0566857 
118.9 -0.0561475 
119 -0.0556137 
119.1 -0.0550843 
119.2 -0.0545592 
119.3 -0.0540383 
119.4 -0.0535217 
119.5 -0.0530093 
119.6 -0.0525009 
119.7 -0.0519967 
119.8 -0.0514964 
119.9 -0.0510002 
120 -0.0505078 
120.1 -0.0500194 
120.2 -0.0495347 
120.3 -0.0490539 
120.4 -0.0485768 
120.5 -0.0481033 
120.6 -0.0476335 
120.7 -0.0471674 
120.8 -0.0467047 
120.9 -0.0462456 
121 -0.04579 
121.1 -0.0453378 
121.2 -0.0448889 
121.3 -0.0444434 
121.4 -0.0440013 
121.5 -0.0435623 
121.6 -0.0431266 
121.7 -0.042694 
121.8 -0.0422646 
121.9 -0.0418383 
122 -0.041415 
122.1 -0.0409948 
122.2 -0.0405775 
122.3 -0.0401632 
122.4 -0.0397518 
122.5 -0.0393432 
122.6 -0.0389375 
122.7 -0.0385345 
122.8 -0.0381344 
122.9 -0.0377369 
123 -0.0373422 
123.1 -0.03695 
123.2 -0.0365606 
123.3 -0.0361737 
123.4 -0.0357893 
123.5 -0.0354075 
123.6 -0.0350282 
123.7 -0.0346514 
123.8 -0.034277 
123.9 -0.033905 
124 -0.0335354 
124.1 -0.0331682 
124.2 -0.0328033 
124.3 -0.0324407 
124.4 -0.0320804 
124.5 -0.0317223 
124.6 -0.0313665 
124.7 -0.0310129 
124.8 -0.0306615 
124.9 -0.0303123 
125 -0.0299652 
125.1 -0.0296202 
125.2 -0.0292774 
125.3 -0.0289367 
125.4 -0.0285981 
125.5 -0.0282615 
125.6 -0.0279269 
125.7 -0.0275945 
125.8 -0.027264 
125.9 -0.0269355 
126 -0.0266091 
126.1 -0.0262846 
126.2 -0.0259621 
126.3 -0.0256416 
126.4 -0.0253231 
126.5 -0.0250064 
126.6 -0.0246918 
126.7 -0.0243791 
126.8 -0.0240683 
126.9 -0.0237594 
127 -0.0234525 
127.1 -0.0231474 
127.2 -0.0228443 
127.3 -0.0225432 
127.4 -0.0222439 
127.5 -0.0219466 
127.6 -0.0216511 
127.7 -0.0213576 
127.8 -0.021066 
127.9 -0.0207764 
128 -0.0204887 
128.1 -0.0202029 
128.2 -0.019919 
128.3 -0.0196371 
128.4 -0.0193572 
128.5 -0.0190792 
128.6 -0.0188033 
128.7 -0.0185293 
128.8 -0.0182573 
128.9 -0.0179873 
129 -0.0177194 
129.1 -0.0174535 
129.2 -0.0171897 
129.3 -0.016928 
129.4 -0.0166684 
129.5 -0.0164109 
129.6 -0.0161556 
129.7 -0.0159025 
129.8 -0.0156515 
129.9 -0.0154028 
130 -0.0151564 
130.1 -0.0149123 
130.2 -0.0146705 
130.3 -0.0144311 
130.4 -0.0141941 
130.5 -0.0139595 
130.6 -0.0137274 
130.7 -0.0134979 
130.8 -0.013271 
130.9 -0.0130467 
131 -0.0128251 
131.1 -0.0126062 
131.2 -0.0123902 
131.3 -0.0121771 
131.4 -0.0119668 
131.5 -0.0117596 
131.6 -0.0115555 
131.7 -0.0113546 
131.8 -0.0111569 
131.9 -0.0109626 
132 -0.0107716 
132.1 -0.0105843 
132.2 -0.0104005 
132.3 -0.0102205 
132.4 -0.0100443 
132.5 -0.00987212 
132.6 -0.00970403 
132.7 -0.00954016 
132.8 -0.00938066 
132.9 -0.00922568 
133 -0.00907537 
133.1 -0.00892989 
133.2 -0.00878942 
133.3 -0.00865413 
133.4 -0.00852421 
133.5 -0.00839987 
133.6 -0.00828131 
133.7 -0.00816876 
133.8 -0.00806244 
133.9 -0.00796261 
134 -0.00786952 
134.1 -0.00778344 
134.2 -0.00770467 
134.3 -0.00763349 
134.4 -0.00757024 
134.5 -0.00751525 
134.6 -0.00746886 
134.7 -0.00743146 
134.8 -0.00740344 
134.9 -0.0073852 
135 -0.00737719 
135.1 -0.00737987 
135.2 -0.00739373 
135.3 -0.00741927 
135.4 -0.00745705 
135.5 -0.00750762 
135.6 -0.00757161 
135.7 -0.00764964 
135.8 -0.00774239 
135.9 -0.00785058 
136 -0.00797495 
136.1 -0.00811631 
136.2 -0.0082755 
136.3 -0.00845341 
136.4 -0.00865098 
136.5 -0.00886922 
136.6 -0.00910918 
136.7 -0.00937198 
136.8 -0.00965882 
136.9 -0.00997095 
137 -0.0103097 
137.1 -0.0106765 
137.2 -0.0110728 
137.3 -0.0115003 
137.4 -0.0119606 
137.5 -0.0124555 
137.6 -0.0129869 
137.7 -0.0135569 
137.8 -0.0141676 
137.9 -0.0148213 
138 -0.0155203 
138.1 -0.0162674 
138.2 -0.0170652 
138.3 -0.0179166 
138.4 -0.0188248 
138.5 -0.019793 
138.6 -0.0208248 
138.7 -0.0219239 
138.8 -0.0230943 
138.9 -0.0243401 
139 -0.0256659 
139.1 -0.0270765 
139.2 -0.0285769 
139.3 -0.0301725 
139.4 -0.0318691 
139.5 -0.0336727 
139.6 -0.0355898 
139.7 -0.0376273 
139.8 -0.0397925 
139.9 -0.042093 
140 -0.0445369 
140.1 -0.047133 
140.2 -0.0498901 
140.3 -0.052818 
140.4 -0.0559265 
140.5 -0.0592263 
140.6 -0.0627283 
140.7 -0.066444 
140.8 -0.0703853 
140.9 -0.0745644 
141 -0.078994 
141.1 -0.083687 
141.2 -0.0886564 
141.3 -0.0939155 
141.4 -0.0994773 
141.5 -0.105355 
141.6 -0.11156 
141.7 -0.118104 
141.8 -0.124999 
141.9 -0.132253 
142 -0.139873 
142.1 -0.147865 
142.2 -0.156232 
142.3 -0.164971 
142.4 -0.174079 
142.5 -0.183545 
142.6 -0.193356 
142.7 -0.20349 
142.8 -0.213919 
142.9 -0.22461 
143 -0.235521 
143.1 -0.246601 
143.2 -0.257791 
143.3 -0.269027 
143.4 -0.280233 
143.5 -0.291328 
143.6 -0.302227 
143.7 -0.312839 
143.8 -0.323068 
143.9 -0.332822 
144 -0.342008 
144.1 -0.350537 
144.2 -0.358328 
144.3 -0.365309 
144.4 -0.371418 
144.5 -0.376607 
144.6 -0.380841 
144.7 -0.384101 
144.8 -0.386382 
144.9 -0.387695 
145 -0.388062 
145.1 -0.38752 
145.2 -0.386115 
145.3 -0.383903 
145.4 -0.380945 
145.5 -0.377309 
145.6 -0.373064 
145.7 -0.36828 
145.8 -0.363029 
145.9 -0.357377 
146 -0.351391 
146.1 -0.345132 
146.2 -0.338657 
146.3 -0.332021 
146.4 -0.32527 
146.5 -0.318448 
146.6 -0.311593 
146.7 -0.304739 
146.8 -0.297915 
146.9 -0.291147 
147 -0.284457 
147.1 -0.277861 
147.2 -0.271375 
147.3 -0.265012 
147.4 -0.258781 
147.5 -0.252689 
147.6 -0.246743 
147.7 -0.240945 
147.8 -0.2353 
147.9 -0.229807 
148 -0.224467 
148.1 -0.219279 
148.2 -0.214243 
148.3 -0.209356 
148.4 -0.204616 
148.5 -0.20002 
148.6 -0.195564 
148.7 -0.191246 
148.8 -0.187062 
148.9 -0.183008 
149 -0.17908 
149.1 -0.175274 
149.2 -0.171587 
149.3 -0.168015 
149.4 -0.164554 
149.5 -0.1612 
149.6 -0.157949 
149.7 -0.154798 
149.8 -0.151744 
149.9 -0.148783 
150 -0.145911 
150.1 -0.143125 
150.2 -0.140423 
150.3 -0.137801 
150.4 -0.135256 
150.5 -0.132785 
150.6 -0.130386 
150.7 -0.128056 
150.8 -0.125793 
150.9 -0.123593 
151 -0.121455 
151.1 -0.119377 
151.2 -0.117356 
151.3 -0.11539 
151.4 -0.113478 
151.5 -0.111616 
151.6 -0.109804 
151.7 -0.10804 
151.8 -0.106322 
151.9 -0.104648 
152 -0.103017 
152.1 -0.101428 
152.2 -0.0998778 
152.3 -0.0983665 
152.4 -0.0968925 
152.5 -0.0954543 
152.6 -0.0940508 
152.7 -0.0926809 
152.8 -0.0913434 
152.9 -0.0900372 
153 -0.0887613 
153.1 -0.0875147 
153.2 -0.0862965 
153.3 -0.0851057 
153.4 -0.0839414 
153.5 -0.0828028 
153.6 -0.0816892 
153.7 -0.0805996 
153.8 -0.0795333 
153.9 -0.0784897 
154 -0.0774681 
154.1 -0.0764676 
154.2 -0.0754878 
154.3 -0.074528 
154.4 -0.0735875 
154.5 -0.0726659 
154.6 -0.0717625 
154.7 -0.0708768 
154.8 -0.0700084 
154.9 -0.0691566 
155 -0.0683211 
155.1 -0.0675013 
155.2 -0.0666969 
155.3 -0.0659073 
155.4 -0.0651322 
155.5 -0.0643712 
155.6 -0.0636239 
155.7 -0.0628899 
155.8 -0.0621688 
155.9 -0.0614603 
156 -0.0607641 
156.1 -0.0600798 
156.2 -0.0594071 
156.3 -0.0587458 
156.4 -0.0580954 
156.5 -0.0574559 
156.6 -0.0568267 
156.7 -0.0562078 
156.8 -0.0555988 
156.9 -0.0549995 
157 -0.0544096 
157.1 -0.0538289 
157.2 -0.0532573 
157.3 -0.0526943 
157.4 -0.05214 
157.5 -0.051594 
157.6 -0.0510561 
157.7 -0.0505261 
157.8 -0.050004 
157.9 -0.0494894 
158 -0.0489822 
158.1 -0.0484822 
158.2 -0.0479893 
158.3 -0.0475033 
158.4 -0.047024 
158.5 -0.0465513 
158.6 -0.0460851 
158.7 -0.0456251 
158.8 -0.0451713 
158.9 -0.0447236 
159 -0.0442817 
159.1 -0.0438455 
159.2 -0.043415 
159.3 -0.0429901 
159.4 -0.0425705 
159.5 -0.0421561 
159.6 -0.041747 
159.7 -0.0413429 
159.8 -0.0409438 
159.9 -0.0405495 
160 -0.0401599 
160.1 -0.039775 
160.2 -0.0393947 
160.3 -0.0390188 
160.4 -0.0386473 
160.5 -0.0382801 
160.6 -0.037917 
160.7 -0.0375581 
160.8 -0.0372032 
160.9 -0.0368523 
161 -0.0365052 
161.1 -0.0361619 
161.2 -0.0358224 
161.3 -0.0354865 
161.4 -0.0351542 
161.5 -0.0348254 
161.6 -0.0345001 
161.7 -0.0341781 
161.8 -0.0338594 
161.9 -0.033544 
162 -0.0332318 
162.1 -0.0329228 
162.2 -0.0326168 
162.3 -0.0323138 
162.4 -0.0320138 
162.5 -0.0317167 
162.6 -0.0314224 
162.7 -0.031131 
162.8 -0.0308423 
162.9 -0.0305564 
163 -0.030273 
163.1 -0.0299923 
163.2 -0.0297142 
163.3 -0.0294386 
163.4 -0.0291654 
163.5 -0.0288947 
163.6 -0.0286264 
163.7 -0.0283604 
163.8 -0.0280967 
163.9 -0.0278353 
164 -0.0275761 
164.1 -0.0273191 
164.2 -0.0270642 
164.3 -0.0268115 
164.4 -0.0265609 
164.5 -0.0263123 
164.6 -0.0260657 
164.7 -0.0258211 
164.8 -0.0255784 
164.9 -0.0253376 
165 -0.0250987 
165.1 -0.0248617 
165.2 -0.0246265 
165.3 -0.024393 
165.4 -0.0241614 
165.5 -0.0239314 
165.6 -0.0237032 
165.7 -0.0234766 
165.8 -0.0232517 
165.9 -0.0230284 
166 -0.0228067 
166.1 -0.0225865 
166.2 -0.0223679 
166.3 -0.0221508 
166.4 -0.0219353 
166.5 -0.0217211 
166.6 -0.0215085 
166.7 -0.0212972 
166.8 -0.0210874 
166.9 -0.0208789 
167 -0.0206718 
167.1 -0.020466 
167.2 -0.0202615 
167.3 -0.0200583 
167.4 -0.0198564 
167.5 -0.0196558 
167.6 -0.0194564 
167.7 -0.0192581 
167.8 -0.0190611 
167.9 -0.0188653 
168 -0.0186706 
168.1 -0.0184771 
168.2 -0.0182847 
168.3 -0.0180933 
168.4 -0.0179031 
168.5 -0.0177139 
168.6 -0.0175258 
168.7 -0.0173387 
168.8 -0.0171527 
168.9 -0.0169676 
169 -0.0167836 
169.1 -0.0166005 
169.2 -0.0164183 
169.3 -0.0162371 
169.4 -0.0160569 
169.5 -0.0158775 
169.6 -0.0156991 
169.7 -0.0155215 
169.8 -0.0153448 
169.9 -0.0151689 
170 -0.0149939 
170.1 -0.0148198 
170.2 -0.0146464 
170.3 -0.0144738 
170.4 -0.0143021 
170.5 -0.0141311 
170.6 -0.0139609 
170.7 -0.0137914 
170.8 -0.0136227 
170.9 -0.0134547 
171 -0.0132874 
171.1 -0.0131208 
171.2 -0.0129549 
171.3 -0.0127897 
171.4 -0.0126252 
171.5 -0.0124613 
171.6 -0.0122981 
171.7 -0.0121355 
171.8 -0.0119736 
171.9 -0.0118122 
172 -0.0116515 
172.1 -0.0114914 
172.2 -0.0113318 
172.3 -0.0111729 
172.4 -0.0110144 
172.5 -0.0108566 
172.6 -0.0106993 
172.7 -0.0105425 
172.8 -0.0103863 
172.9 -0.0102306 
173 -0.0100754 
173.1 -0.00992064 
173.2 -0.00976642 
173.3 -0.00961268 
173.4 -0.00945941 
173.5 -0.00930661 
173.6 -0.00915426 
173.7 -0.00900235 
173.8 -0.00885089 
173.9 -0.00869985 
174 -0.00854924 
174.1 -0.00839903 
174.2 -0.00824923 
174.3 -0.00809983 
174.4 -0.00795082 
174.5 -0.00780218 
174.6 -0.00765392 
174.7 -0.00750602 
174.8 -0.00735847 
174.9 -0.00721128 
175 -0.00706442 
175.1 -0.0069179 
175.2 -0.00677171 
175.3 -0.00662583 
175.4 -0.00648026 
175.5 -0.006335 
175.6 -0.00619003 
175.7 -0.00604535 
175.8 -0.00590095 
175.9 -0.00575683 
176 -0.00561297 
176.1 -0.00546937 
176.2 -0.00532603 
176.3 -0.00518293 
176.4 -0.00504007 
176.5 -0.00489744 
176.6 -0.00475503 
176.7 -0.00461285 
176.8 -0.00447087 
176.9 -0.0043291 
177 -0.00418753 
177.1 -0.00404615 
177.2 -0.00390495 
177.3 -0.00376393 
177.4 -0.00362308 
177.5 -0.0034824 
177.6 -0.00334187 
177.7 -0.0032015 
177.8 -0.00306127 
177.9 -0.00292118 
178 -0.00278122 
178.1 -0.00264139 
178.2 -0.00250167 
178.3 -0.00236207 
178.4 -0.00222258 
178.5 -0.00208318 
178.6 -0.00194388 
178.7 -0.00180467 
178.8 -0.00166554 
178.9 -0.00152648 
179 -0.00138749 
179.1 -0.00124856 
179.2 -0.00110969 
179.3 -0.000970874 
179.4 -0.000832097 
179.5 -0.000693357 
179.6 -0.000554648 
179.7 -0.000415964 
179.8 -0.000277299 
179.9 -0.000138647 
