0.1 7.81538e-06 
0.2 1.56126e-05 
0.3 2.33732e-05 
0.4 3.10783e-05 
0.5 3.87077e-05 
0.6 4.62406e-05 
0.7 5.36545e-05 
0.8 6.09252e-05 
0.9 6.8027e-05 
1 7.49319e-05 
1.1 8.16101e-05 
1.2 8.80295e-05 
1.3 9.41561e-05 
1.4 9.99539e-05 
1.5 0.000105385 
1.6 0.000110411 
1.7 0.000114992 
1.8 0.000119087 
1.9 0.000122658 
2 0.000125667 
2.1 0.000128077 
2.2 0.000129859 
2.3 0.000130986 
2.4 0.000131438 
2.5 0.000131205 
2.6 0.000130285 
2.7 0.000128687 
2.8 0.000126434 
2.9 0.00012356 
3 0.000120114 
3.1 0.000116159 
3.2 0.000111771 
3.3 0.000107039 
3.4 0.000102065 
3.5 9.69566e-05 
3.6 9.18314e-05 
3.7 8.68092e-05 
3.8 8.20101e-05 
3.9 7.75504e-05 
4 7.35394e-05 
4.1 7.00747e-05 
4.2 6.72394e-05 
4.3 6.50983e-05 
4.4 6.36952e-05 
4.5 6.30507e-05 
4.6 6.31606e-05 
4.7 6.39948e-05 
4.8 6.54967e-05 
4.9 6.75842e-05 
5 7.01495e-05 
5.1 7.30614e-05 
5.2 7.61667e-05 
5.3 7.92925e-05 
5.4 8.22483e-05 
5.5 8.48294e-05 
5.6 8.68191e-05 
5.7 8.79921e-05 
5.8 8.81174e-05 
5.9 8.69614e-05 
6 8.42913e-05 
6.1 7.98779e-05 
6.2 7.34992e-05 
6.3 6.49439e-05 
6.4 5.4014e-05 
6.5 4.05289e-05 
6.6 2.4328e-05 
6.7 5.27457e-06 
6.8 -1.67417e-05 
6.9 -4.18017e-05 
7 -6.99542e-05 
7.1 -0.000101214 
7.2 -0.000135562 
7.3 -0.00017294 
7.4 -0.000213257 
7.5 -0.000256385 
7.6 -0.000302164 
7.7 -0.000350403 
7.8 -0.000400887 
7.9 -0.000453379 
8 -0.000507626 
8.1 -0.000563369 
8.2 -0.000620345 
8.3 -0.0006783 
8.4 -0.000736989 
8.5 -0.00079619 
8.6 -0.000855707 
8.7 -0.000915377 
8.8 -0.000975075 
8.9 -0.00103472 
9 -0.00109427 
9.1 -0.00115373 
9.2 -0.00121316 
9.3 -0.00127266 
9.4 -0.00133238 
9.5 -0.00139251 
9.6 -0.00145327 
9.7 -0.00151494 
9.8 -0.0015778 
9.9 -0.00164216 
10 -0.00170836 
10.1 -0.00177674 
10.2 -0.00184764 
10.3 -0.00192139 
10.4 -0.00199832 
10.5 -0.00207873 
10.6 -0.0021629 
10.7 -0.00225106 
10.8 -0.00234341 
10.9 -0.0024401 
11 -0.00254123 
11.1 -0.00264685 
11.2 -0.00275694 
11.3 -0.00287145 
11.4 -0.00299024 
11.5 -0.00311315 
11.6 -0.00323993 
11.7 -0.00337033 
11.8 -0.00350403 
11.9 -0.00364069 
12 -0.00377995 
12.1 -0.00392145 
12.2 -0.0040648 
12.3 -0.00420964 
12.4 -0.00435561 
12.5 -0.00450238 
12.6 -0.00464966 
12.7 -0.00479719 
12.8 -0.00494473 
12.9 -0.00509213 
13 -0.00523924 
13.1 -0.005386 
13.2 -0.00553238 
13.3 -0.00567838 
13.4 -0.00582407 
13.5 -0.00596954 
13.6 -0.00611492 
13.7 -0.00626036 
13.8 -0.00640606 
13.9 -0.00655221 
14 -0.006699 
14.1 -0.00684666 
14.2 -0.00699537 
14.3 -0.00714535 
14.4 -0.00729675 
14.5 -0.00744974 
14.6 -0.00760443 
14.7 -0.00776091 
14.8 -0.00791924 
14.9 -0.00807942 
15 -0.00824142 
15.1 -0.00840516 
15.2 -0.00857053 
15.3 -0.00873734 
15.4 -0.00890541 
15.5 -0.00907449 
15.6 -0.00924432 
15.7 -0.00941459 
15.8 -0.00958499 
15.9 -0.00975522 
16 -0.00992494 
16.1 -0.0100939 
16.2 -0.0102617 
16.3 -0.0104281 
16.4 -0.0105928 
16.5 -0.0107558 
16.6 -0.0109167 
16.7 -0.0110754 
16.8 -0.0112319 
16.9 -0.0113861 
17 -0.011538 
17.1 -0.0116875 
17.2 -0.0118348 
17.3 -0.01198 
17.4 -0.012123 
17.5 -0.012264 
17.6 -0.0124032 
17.7 -0.0125406 
17.8 -0.0126763 
17.9 -0.0128105 
18 -0.012943 
18.1 -0.0130741 
18.2 -0.0132036 
18.3 -0.0133316 
18.4 -0.0134578 
18.5 -0.0135822 
18.6 -0.0137045 
18.7 -0.0138246 
18.8 -0.0139421 
18.9 -0.0140566 
19 -0.0141679 
19.1 -0.0142755 
19.2 -0.0143788 
19.3 -0.0144776 
19.4 -0.0145712 
19.5 -0.0146591 
19.6 -0.014741 
19.7 -0.0148163 
19.8 -0.0148845 
19.9 -0.0149452 
20 -0.0149981 
20.1 -0.0150428 
20.2 -0.015079 
20.3 -0.0151065 
20.4 -0.0151252 
20.5 -0.0151349 
20.6 -0.0151355 
20.7 -0.0151272 
20.8 -0.0151098 
20.9 -0.0150837 
21 -0.0150488 
21.1 -0.0150053 
21.2 -0.0149535 
21.3 -0.0148935 
21.4 -0.0148256 
21.5 -0.0147499 
21.6 -0.0146665 
21.7 -0.0145758 
21.8 -0.0144776 
21.9 -0.0143722 
22 -0.0142596 
22.1 -0.0141397 
22.2 -0.0140124 
22.3 -0.0138778 
22.4 -0.0137355 
22.5 -0.0135854 
22.6 -0.0134272 
22.7 -0.0132608 
22.8 -0.0130856 
22.9 -0.0129015 
23 -0.012708 
23.1 -0.0125049 
23.2 -0.0122916 
23.3 -0.012068 
23.4 -0.0118338 
23.5 -0.0115885 
23.6 -0.011332 
23.7 -0.0110641 
23.8 -0.0107846 
23.9 -0.0104934 
24 -0.0101906 
24.1 -0.00987608 
24.2 -0.00955001 
24.3 -0.00921251 
24.4 -0.00886377 
24.5 -0.00850403 
24.6 -0.00813357 
24.7 -0.00775268 
24.8 -0.0073617 
24.9 -0.00696095 
25 -0.00655077 
25.1 -0.00613149 
25.2 -0.00570342 
25.3 -0.00526685 
25.4 -0.00482204 
25.5 -0.00436921 
25.6 -0.00390856 
25.7 -0.00344022 
25.8 -0.0029643 
25.9 -0.00248087 
26 -0.00198996 
26.1 -0.00149156 
26.2 -0.000985633 
26.3 -0.000472125 
26.4 4.90423e-05 
26.5 0.000577954 
26.6 0.0011147 
26.7 0.00165936 
26.8 0.00221201 
26.9 0.00277269 
27 0.00334142 
27.1 0.0039182 
27.2 0.00450296 
27.3 0.00509562 
27.4 0.00569603 
27.5 0.006304 
27.6 0.0069193 
27.7 0.00754163 
27.8 0.00817067 
27.9 0.00880605 
28 0.00944737 
28.1 0.0100942 
28.2 0.0107461 
28.3 0.0114026 
28.4 0.0120633 
28.5 0.0127277 
28.6 0.0133953 
28.7 0.0140658 
28.8 0.0147388 
28.9 0.0154139 
29 0.0160908 
29.1 0.0167692 
29.2 0.017449 
29.3 0.01813 
29.4 0.018812 
29.5 0.019495 
29.6 0.020179 
29.7 0.0208638 
29.8 0.0215497 
29.9 0.0222365 
30 0.0229244 
30.1 0.0236135 
30.2 0.0243039 
30.3 0.0249955 
30.4 0.0256886 
30.5 0.0263831 
30.6 0.0270791 
30.7 0.0277766 
30.8 0.0284756 
30.9 0.0291759 
31 0.0298775 
31.1 0.0305802 
31.2 0.0312839 
31.3 0.0319883 
31.4 0.0326932 
31.5 0.0333983 
31.6 0.0341031 
31.7 0.0348076 
31.8 0.0355111 
31.9 0.0362135 
32 0.0369144 
32.1 0.0376133 
32.2 0.0383101 
32.3 0.0390044 
32.4 0.0396959 
32.5 0.0403845 
32.6 0.0410699 
32.7 0.041752 
32.8 0.0424309 
32.9 0.0431064 
33 0.0437786 
33.1 0.0444476 
33.2 0.0451134 
33.3 0.0457764 
33.4 0.0464366 
33.5 0.0470942 
33.6 0.0477495 
33.7 0.0484028 
33.8 0.0490541 
33.9 0.0497037 
34 0.0503517 
34.1 0.0509983 
34.2 0.0516436 
34.3 0.0522875 
34.4 0.05293 
34.5 0.053571 
34.6 0.0542103 
34.7 0.0548477 
34.8 0.0554828 
34.9 0.0561153 
35 0.0567447 
35.1 0.0573704 
35.2 0.057992 
35.3 0.0586088 
35.4 0.0592201 
35.5 0.0598253 
35.6 0.0604237 
35.7 0.0610146 
35.8 0.0615973 
35.9 0.0621711 
36 0.0627355 
36.1 0.0632899 
36.2 0.0638339 
36.3 0.0643669 
36.4 0.0648886 
36.5 0.0653989 
36.6 0.0658975 
36.7 0.0663845 
36.8 0.0668598 
36.9 0.0673237 
37 0.0677765 
37.1 0.0682183 
37.2 0.0686498 
37.3 0.0690714 
37.4 0.0694836 
37.5 0.069887 
37.6 0.0702824 
37.7 0.0706702 
37.8 0.0710512 
37.9 0.071426 
38 0.0717952 
38.1 0.0721593 
38.2 0.0725187 
38.3 0.0728738 
38.4 0.073225 
38.5 0.0735723 
38.6 0.073916 
38.7 0.0742559 
38.8 0.0745919 
38.9 0.0749237 
39 0.075251 
39.1 0.0755732 
39.2 0.0758898 
39.3 0.0761999 
39.4 0.0765029 
39.5 0.0767978 
39.6 0.0770838 
39.7 0.0773598 
39.8 0.0776248 
39.9 0.0778779 
40 0.078118 
40.1 0.0783442 
40.2 0.0785555 
40.3 0.0787511 
40.4 0.0789301 
40.5 0.079092 
40.6 0.0792361 
40.7 0.079362 
40.8 0.0794692 
40.9 0.0795578 
41 0.0796275 
41.1 0.0796785 
41.2 0.0797109 
41.3 0.0797251 
41.4 0.0797215 
41.5 0.0797007 
41.6 0.0796633 
41.7 0.07961 
41.8 0.0795416 
41.9 0.0794588 
42 0.0793624 
42.1 0.0792534 
42.2 0.0791324 
42.3 0.0790003 
42.4 0.0788577 
42.5 0.0787054 
42.6 0.0785437 
42.7 0.0783733 
42.8 0.0781944 
42.9 0.0780074 
43 0.0778124 
43.1 0.0776093 
43.2 0.0773983 
43.3 0.077179 
43.4 0.0769512 
43.5 0.0767145 
43.6 0.0764684 
43.7 0.0762124 
43.8 0.0759458 
43.9 0.075668 
44 0.0753782 
44.1 0.0750758 
44.2 0.07476 
44.3 0.07443 
44.4 0.0740853 
44.5 0.0737249 
44.6 0.0733485 
44.7 0.0729554 
44.8 0.0725451 
44.9 0.0721173 
45 0.0716716 
45.1 0.0712079 
45.2 0.0707259 
45.3 0.0702258 
45.4 0.0697076 
45.5 0.0691713 
45.6 0.0686174 
45.7 0.068046 
45.8 0.0674575 
45.9 0.0668524 
46 0.0662311 
46.1 0.0655941 
46.2 0.0649417 
46.3 0.0642745 
46.4 0.0635929 
46.5 0.0628972 
46.6 0.0621877 
46.7 0.0614649 
46.8 0.0607287 
46.9 0.0599794 
47 0.059217 
47.1 0.0584414 
47.2 0.0576525 
47.3 0.05685 
47.4 0.0560336 
47.5 0.055203 
47.6 0.0543578 
47.7 0.0534972 
47.8 0.0526209 
47.9 0.0517281 
48 0.0508183 
48.1 0.0498908 
48.2 0.0489449 
48.3 0.04798 
48.4 0.0469955 
48.5 0.0459908 
48.6 0.0449653 
48.7 0.0439187 
48.8 0.0428506 
48.9 0.0417606 
49 0.0406486 
49.1 0.0395145 
49.2 0.0383582 
49.3 0.03718 
49.4 0.03598 
49.5 0.0347584 
49.6 0.0335158 
49.7 0.0322525 
49.8 0.030969 
49.9 0.029666 
50 0.028344 
50.1 0.0270036 
50.2 0.0256454 
50.3 0.0242701 
50.4 0.022878 
50.5 0.0214697 
50.6 0.0200455 
50.7 0.0186057 
50.8 0.0171505 
50.9 0.0156798 
51 0.0141935 
51.1 0.0126914 
51.2 0.011173 
51.3 0.0096377 
51.4 0.0080848 
51.5 0.00651339 
51.6 0.00492246 
51.7 0.00331083 
51.8 0.00167725 
51.9 2.03451e-05 
52 -0.00166135 
52.1 -0.00336933 
52.2 -0.00510516 
52.3 -0.0068704 
52.4 -0.0086666 
52.5 -0.0104953 
52.6 -0.012358 
52.7 -0.0142559 
52.8 -0.0161906 
52.9 -0.0181629 
53 -0.0201741 
53.1 -0.0222248 
53.2 -0.0243158 
53.3 -0.0264474 
53.4 -0.02862 
53.5 -0.0308336 
53.6 -0.0330879 
53.7 -0.0353826 
53.8 -0.037717 
53.9 -0.0400903 
54 -0.0425015 
54.1 -0.0449494 
54.2 -0.0474326 
54.3 -0.0499498 
54.4 -0.0524992 
54.5 -0.0550793 
54.6 -0.0576884 
54.7 -0.0603248 
54.8 -0.0629868 
54.9 -0.065673 
55 -0.0683816 
55.1 -0.0711114 
55.2 -0.0738611 
55.3 -0.0766297 
55.4 -0.0794163 
55.5 -0.0822201 
55.6 -0.0850408 
55.7 -0.0878782 
55.8 -0.090732 
55.9 -0.0936027 
56 -0.0964905 
56.1 -0.0993961 
56.2 -0.10232 
56.3 -0.105264 
56.4 -0.108228 
56.5 -0.111213 
56.6 -0.114221 
56.7 -0.117252 
56.8 -0.120309 
56.9 -0.123391 
57 -0.1265 
57.1 -0.129636 
57.2 -0.1328 
57.3 -0.135992 
57.4 -0.139213 
57.5 -0.142462 
57.6 -0.145737 
57.7 -0.149039 
57.8 -0.152367 
57.9 -0.155717 
58 -0.159089 
58.1 -0.162479 
58.2 -0.165886 
58.3 -0.169305 
58.4 -0.172734 
58.5 -0.176168 
58.6 -0.179604 
58.7 -0.183037 
58.8 -0.186463 
58.9 -0.189878 
59 -0.193277 
59.1 -0.196655 
59.2 -0.200008 
59.3 -0.203332 
59.4 -0.206622 
59.5 -0.209874 
59.6 -0.213084 
59.7 -0.216249 
59.8 -0.219364 
59.9 -0.222428 
60 -0.225436 
60.1 -0.228386 
60.2 -0.231277 
60.3 -0.234104 
60.4 -0.236868 
60.5 -0.239565 
60.6 -0.242193 
60.7 -0.244753 
60.8 -0.24724 
60.9 -0.249655 
61 -0.251996 
61.1 -0.254261 
61.2 -0.256448 
61.3 -0.258555 
61.4 -0.260581 
61.5 -0.262523 
61.6 -0.264379 
61.7 -0.266147 
61.8 -0.267824 
61.9 -0.269407 
62 -0.270893 
62.1 -0.27228 
62.2 -0.273563 
62.3 -0.27474 
62.4 -0.275807 
62.5 -0.276762 
62.6 -0.277601 
62.7 -0.278322 
62.8 -0.278921 
62.9 -0.279397 
63 -0.279747 
63.1 -0.279969 
63.2 -0.280063 
63.3 -0.280027 
63.4 -0.279861 
63.5 -0.279564 
63.6 -0.279139 
63.7 -0.278584 
63.8 -0.277904 
63.9 -0.277099 
64 -0.276171 
64.1 -0.275125 
64.2 -0.273963 
64.3 -0.272689 
64.4 -0.271307 
64.5 -0.269821 
64.6 -0.268235 
64.7 -0.266555 
64.8 -0.264784 
64.9 -0.262927 
65 -0.260988 
65.1 -0.258972 
65.2 -0.256883 
65.3 -0.254725 
65.4 -0.252501 
65.5 -0.250215 
65.6 -0.247871 
65.7 -0.245472 
65.8 -0.24302 
65.9 -0.240517 
66 -0.237967 
66.1 -0.235371 
66.2 -0.232731 
66.3 -0.230049 
66.4 -0.227327 
66.5 -0.224564 
66.6 -0.221764 
66.7 -0.218926 
66.8 -0.216053 
66.9 -0.213145 
67 -0.210204 
67.1 -0.20723 
67.2 -0.204225 
67.3 -0.20119 
67.4 -0.198127 
67.5 -0.195036 
67.6 -0.191921 
67.7 -0.188781 
67.8 -0.18562 
67.9 -0.18244 
68 -0.179241 
68.1 -0.176028 
68.2 -0.172801 
68.3 -0.169563 
68.4 -0.166317 
68.5 -0.163065 
68.6 -0.15981 
68.7 -0.156553 
68.8 -0.153298 
68.9 -0.150046 
69 -0.146801 
69.1 -0.143564 
69.2 -0.140336 
69.3 -0.137122 
69.4 -0.133921 
69.5 -0.130735 
69.6 -0.127567 
69.7 -0.124417 
69.8 -0.121287 
69.9 -0.118178 
70 -0.11509 
70.1 -0.112024 
70.2 -0.108982 
70.3 -0.105962 
70.4 -0.102966 
70.5 -0.0999938 
70.6 -0.0970453 
70.7 -0.0941207 
70.8 -0.0912197 
70.9 -0.0883422 
71 -0.0854881 
71.1 -0.0826571 
71.2 -0.0798489 
71.3 -0.0770633 
71.4 -0.0742999 
71.5 -0.0715586 
71.6 -0.068839 
71.7 -0.066141 
71.8 -0.0634643 
71.9 -0.060809 
72 -0.0581747 
72.1 -0.0555616 
72.2 -0.0529696 
72.3 -0.0503987 
72.4 -0.0478491 
72.5 -0.0453208 
72.6 -0.0428142 
72.7 -0.0403292 
72.8 -0.0378663 
72.9 -0.0354257 
73 -0.0330076 
73.1 -0.0306123 
73.2 -0.02824 
73.3 -0.0258911 
73.4 -0.0235658 
73.5 -0.0212643 
73.6 -0.0189867 
73.7 -0.0167333 
73.8 -0.014504 
73.9 -0.0122991 
74 -0.0101184 
74.1 -0.00796187 
74.2 -0.00582942 
74.3 -0.00372086 
74.4 -0.00163594 
74.5 0.000425646 
74.6 0.00246425 
74.7 0.0044803 
74.8 0.00647425 
74.9 0.00844662 
75 0.010398 
75.1 0.0123288 
75.2 0.0142399 
75.3 0.0161318 
75.4 0.0180052 
75.5 0.0198607 
75.6 0.021699 
75.7 0.0235208 
75.8 0.0253268 
75.9 0.0271175 
76 0.0288937 
76.1 0.0306558 
76.2 0.0324044 
76.3 0.0341402 
76.4 0.0358634 
76.5 0.0375747 
76.6 0.0392743 
76.7 0.0409626 
76.8 0.0426399 
76.9 0.0443064 
77 0.0459623 
77.1 0.0476077 
77.2 0.0492428 
77.3 0.0508675 
77.4 0.0524818 
77.5 0.0540858 
77.6 0.0556794 
77.7 0.0572623 
77.8 0.0588346 
77.9 0.0603959 
78 0.0619463 
78.1 0.0634854 
78.2 0.0650131 
78.3 0.0665292 
78.4 0.0680335 
78.5 0.0695259 
78.6 0.0710061 
78.7 0.0724741 
78.8 0.0739298 
78.9 0.075373 
79 0.0768038 
79.1 0.078222 
79.2 0.0796278 
79.3 0.0810212 
79.4 0.0824023 
79.5 0.0837713 
79.6 0.0851284 
79.7 0.0864738 
79.8 0.0878078 
79.9 0.0891306 
80 0.0904428 
80.1 0.0917446 
80.2 0.0930365 
80.3 0.094319 
80.4 0.0955924 
80.5 0.0968574 
80.6 0.0981144 
80.7 0.099364 
80.8 0.100607 
80.9 0.101843 
81 0.103074 
81.1 0.104299 
81.2 0.105519 
81.3 0.106736 
81.4 0.107948 
81.5 0.109158 
81.6 0.110364 
81.7 0.111569 
81.8 0.112771 
81.9 0.113972 
82 0.115171 
82.1 0.11637 
82.2 0.117568 
82.3 0.118766 
82.4 0.119963 
82.5 0.121161 
82.6 0.122358 
82.7 0.123556 
82.8 0.124754 
82.9 0.125952 
83 0.127151 
83.1 0.12835 
83.2 0.129549 
83.3 0.130749 
83.4 0.131949 
83.5 0.133148 
83.6 0.134348 
83.7 0.135548 
83.8 0.136747 
83.9 0.137946 
84 0.139144 
84.1 0.140342 
84.2 0.141539 
84.3 0.142736 
84.4 0.143932 
84.5 0.145127 
84.6 0.146321 
84.7 0.147514 
84.8 0.148707 
84.9 0.149899 
85 0.15109 
85.1 0.15228 
85.2 0.15347 
85.3 0.15466 
85.4 0.15585 
85.5 0.15704 
85.6 0.158231 
85.7 0.159422 
85.8 0.160614 
85.9 0.161808 
86 0.163003 
86.1 0.164201 
86.2 0.1654 
86.3 0.166603 
86.4 0.167809 
86.5 0.169019 
86.6 0.170232 
86.7 0.171451 
86.8 0.172674 
86.9 0.173903 
87 0.175138 
87.1 0.176379 
87.2 0.177627 
87.3 0.178882 
87.4 0.180145 
87.5 0.181416 
87.6 0.182695 
87.7 0.183984 
87.8 0.185281 
87.9 0.186589 
88 0.187906 
88.1 0.189234 
88.2 0.190572 
88.3 0.191922 
88.4 0.193282 
88.5 0.194654 
88.6 0.196038 
88.7 0.197434 
88.8 0.198843 
88.9 0.200263 
89 0.201697 
89.1 0.203143 
89.2 0.204603 
89.3 0.206076 
89.4 0.207562 
89.5 0.209062 
89.6 0.210576 
89.7 0.212104 
89.8 0.213647 
89.9 0.215203 
90 0.216775 
90.1 0.218362 
90.2 0.219964 
90.3 0.221581 
90.4 0.223215 
90.5 0.224864 
90.6 0.22653 
90.7 0.228213 
90.8 0.229913 
90.9 0.231631 
91 0.233366 
91.1 0.235121 
91.2 0.236894 
91.3 0.238687 
91.4 0.2405 
91.5 0.242333 
91.6 0.244188 
91.7 0.246065 
91.8 0.247965 
91.9 0.249887 
92 0.251834 
92.1 0.253806 
92.2 0.255803 
92.3 0.257826 
92.4 0.259877 
92.5 0.261955 
92.6 0.264063 
92.7 0.2662 
92.8 0.268369 
92.9 0.270568 
93 0.272801 
93.1 0.275067 
93.2 0.277368 
93.3 0.279705 
93.4 0.282079 
93.5 0.284491 
93.6 0.286941 
93.7 0.289432 
93.8 0.291965 
93.9 0.29454 
94 0.297159 
94.1 0.299823 
94.2 0.302534 
94.3 0.305292 
94.4 0.308099 
94.5 0.310957 
94.6 0.313867 
94.7 0.31683 
94.8 0.319848 
94.9 0.322923 
95 0.326056 
95.1 0.329248 
95.2 0.332502 
95.3 0.33582 
95.4 0.339202 
95.5 0.342652 
95.6 0.346171 
95.7 0.349761 
95.8 0.353424 
95.9 0.357163 
96 0.36098 
96.1 0.364878 
96.2 0.368858 
96.3 0.372925 
96.4 0.377079 
96.5 0.381326 
96.6 0.385667 
96.7 0.390106 
96.8 0.394645 
96.9 0.39929 
97 0.404043 
97.1 0.408909 
97.2 0.413891 
97.3 0.418993 
97.4 0.424221 
97.5 0.429578 
97.6 0.435069 
97.7 0.440701 
97.8 0.446477 
97.9 0.452404 
98 0.458487 
98.1 0.464732 
98.2 0.471146 
98.3 0.477735 
98.4 0.484506 
98.5 0.491466 
98.6 0.498622 
98.7 0.505983 
98.8 0.513556 
98.9 0.521349 
99 0.529372 
99.1 0.537632 
99.2 0.546139 
99.3 0.554903 
99.4 0.563933 
99.5 0.573239 
99.6 0.582831 
99.7 0.59272 
99.8 0.602916 
99.9 0.613428 
100 0.624268 
100.1 0.635446 
100.2 0.646972 
100.3 0.658854 
100.4 0.671101 
100.5 0.683722 
100.6 0.696722 
100.7 0.710106 
100.8 0.723875 
100.9 0.73803 
101 0.752566 
101.1 0.767474 
101.2 0.782738 
101.3 0.798337 
101.4 0.814239 
101.5 0.830402 
101.6 0.846768 
101.7 0.863265 
101.8 0.879799 
101.9 0.896248 
102 0.912463 
102.1 0.928253 
102.2 0.943384 
102.3 0.957567 
102.4 0.970446 
102.5 0.981588 
102.6 0.990471 
102.7 0.996468 
102.8 0.998836 
102.9 0.996705 
103 0.989071 
103.1 0.974803 
103.2 0.952652 
103.3 0.921293 
103.4 0.879382 
103.5 0.825649 
103.6 0.759029 
103.7 0.678816 
103.8 0.584842 
103.9 0.477644 
104 0.358595 
104.1 0.229941 
104.2 0.0947355 
104.3 -0.0433683 
104.4 -0.180424 
104.5 -0.312561 
104.6 -0.436338 
104.7 -0.549021 
104.8 -0.648738 
104.9 -0.734504 
105 -0.806141 
105.1 -0.864122 
105.2 -0.909396 
105.3 -0.943203 
105.4 -0.966928 
105.5 -0.981981 
105.6 -0.989718 
105.7 -0.991387 
105.8 -0.988102 
105.9 -0.980837 
106 -0.970426 
106.1 -0.957572 
106.2 -0.942863 
106.3 -0.926782 
106.4 -0.909726 
106.5 -0.892016 
106.6 -0.873912 
106.7 -0.855621 
106.8 -0.837306 
106.9 -0.819098 
107 -0.801095 
107.1 -0.783374 
107.2 -0.765994 
107.3 -0.748996 
107.4 -0.732411 
107.5 -0.716259 
107.6 -0.700552 
107.7 -0.685297 
107.8 -0.670494 
107.9 -0.656142 
108 -0.642233 
108.1 -0.628762 
108.2 -0.615717 
108.3 -0.603089 
108.4 -0.590865 
108.5 -0.579033 
108.6 -0.56758 
108.7 -0.556494 
108.8 -0.545762 
108.9 -0.535371 
109 -0.525308 
109.1 -0.515561 
109.2 -0.506118 
109.3 -0.496967 
109.4 -0.488097 
109.5 -0.479496 
109.6 -0.471155 
109.7 -0.463062 
109.8 -0.455208 
109.9 -0.447584 
110 -0.440181 
110.1 -0.432989 
110.2 -0.426001 
110.3 -0.419208 
110.4 -0.412604 
110.5 -0.406179 
110.6 -0.399929 
110.7 -0.393846 
110.8 -0.387923 
110.9 -0.382155 
111 -0.376536 
111.1 -0.37106 
111.2 -0.365722 
111.3 -0.360517 
111.4 -0.35544 
111.5 -0.350486 
111.6 -0.345652 
111.7 -0.340933 
111.8 -0.336325 
111.9 -0.331825 
112 -0.327428 
112.1 -0.32313 
112.2 -0.31893 
112.3 -0.314824 
112.4 -0.310808 
112.5 -0.306879 
112.6 -0.303036 
112.7 -0.299275 
112.8 -0.295594 
112.9 -0.29199 
113 -0.288461 
113.1 -0.285005 
113.2 -0.28162 
113.3 -0.278303 
113.4 -0.275053 
113.5 -0.271868 
113.6 -0.268746 
113.7 -0.265685 
113.8 -0.262684 
113.9 -0.259741 
114 -0.256855 
114.1 -0.254023 
114.2 -0.251245 
114.3 -0.24852 
114.4 -0.245845 
114.5 -0.243221 
114.6 -0.240644 
114.7 -0.238115 
114.8 -0.235632 
114.9 -0.233194 
115 -0.2308 
115.1 -0.228449 
115.2 -0.226139 
115.3 -0.223871 
115.4 -0.221642 
115.5 -0.219453 
115.6 -0.217301 
115.7 -0.215187 
115.8 -0.213109 
115.9 -0.211067 
116 -0.209059 
116.1 -0.207085 
116.2 -0.205145 
116.3 -0.203237 
116.4 -0.20136 
116.5 -0.199515 
116.6 -0.197699 
116.7 -0.195914 
116.8 -0.194157 
116.9 -0.192428 
117 -0.190727 
117.1 -0.189053 
117.2 -0.187406 
117.3 -0.185784 
117.4 -0.184187 
117.5 -0.182615 
117.6 -0.181067 
117.7 -0.179543 
117.8 -0.178042 
117.9 -0.176563 
118 -0.175106 
118.1 -0.17367 
118.2 -0.172256 
118.3 -0.170862 
118.4 -0.169488 
118.5 -0.168134 
118.6 -0.166799 
118.7 -0.165483 
118.8 -0.164185 
118.9 -0.162905 
119 -0.161642 
119.1 -0.160397 
119.2 -0.159168 
119.3 -0.157956 
119.4 -0.15676 
119.5 -0.15558 
119.6 -0.154415 
119.7 -0.153266 
119.8 -0.152131 
119.9 -0.15101 
120 -0.149904 
120.1 -0.148812 
120.2 -0.147733 
120.3 -0.146668 
120.4 -0.145616 
120.5 -0.144576 
120.6 -0.14355 
120.7 -0.142536 
120.8 -0.141533 
120.9 -0.140543 
121 -0.139565 
121.1 -0.138598 
121.2 -0.137643 
121.3 -0.136699 
121.4 -0.135765 
121.5 -0.134843 
121.6 -0.133931 
121.7 -0.13303 
121.8 -0.132139 
121.9 -0.131258 
122 -0.130387 
122.1 -0.129527 
122.2 -0.128675 
122.3 -0.127834 
122.4 -0.127002 
122.5 -0.12618 
122.6 -0.125366 
122.7 -0.124562 
122.8 -0.123767 
122.9 -0.122981 
123 -0.122203 
123.1 -0.121435 
123.2 -0.120675 
123.3 -0.119923 
123.4 -0.11918 
123.5 -0.118445 
123.6 -0.117719 
123.7 -0.117 
123.8 -0.11629 
123.9 -0.115587 
124 -0.114893 
124.1 -0.114206 
124.2 -0.113527 
124.3 -0.112856 
124.4 -0.112192 
124.5 -0.111535 
124.6 -0.110886 
124.7 -0.110245 
124.8 -0.10961 
124.9 -0.108983 
125 -0.108363 
125.1 -0.10775 
125.2 -0.107144 
125.3 -0.106544 
125.4 -0.105952 
125.5 -0.105366 
125.6 -0.104787 
125.7 -0.104214 
125.8 -0.103648 
125.9 -0.103088 
126 -0.102535 
126.1 -0.101988 
126.2 -0.101447 
126.3 -0.100912 
126.4 -0.100384 
126.5 -0.099861 
126.6 -0.0993444 
126.7 -0.0988335 
126.8 -0.0983285 
126.9 -0.0978292 
127 -0.0973356 
127.1 -0.0968476 
127.2 -0.0963651 
127.3 -0.0958881 
127.4 -0.0954165 
127.5 -0.0949503 
127.6 -0.0944893 
127.7 -0.0940336 
127.8 -0.093583 
127.9 -0.0931375 
128 -0.0926971 
128.1 -0.0922616 
128.2 -0.0918311 
128.3 -0.0914055 
128.4 -0.0909847 
128.5 -0.0905687 
128.6 -0.0901574 
128.7 -0.0897508 
128.8 -0.0893489 
128.9 -0.0889515 
129 -0.0885586 
129.1 -0.0881703 
129.2 -0.0877864 
129.3 -0.0874069 
129.4 -0.0870318 
129.5 -0.086661 
129.6 -0.0862946 
129.7 -0.0859324 
129.8 -0.0855745 
129.9 -0.0852208 
130 -0.0848712 
130.1 -0.0845259 
130.2 -0.0841846 
130.3 -0.0838475 
130.4 -0.0835144 
130.5 -0.0831855 
130.6 -0.0828605 
130.7 -0.0825397 
130.8 -0.0822228 
130.9 -0.08191 
131 -0.0816011 
131.1 -0.0812963 
131.2 -0.0809955 
131.3 -0.0806986 
131.4 -0.0804057 
131.5 -0.0801168 
131.6 -0.0798319 
131.7 -0.079551 
131.8 -0.0792741 
131.9 -0.0790011 
132 -0.0787322 
132.1 -0.0784673 
132.2 -0.0782064 
132.3 -0.0779496 
132.4 -0.0776969 
132.5 -0.0774482 
132.6 -0.0772036 
132.7 -0.0769632 
132.8 -0.0767269 
132.9 -0.0764947 
133 -0.0762668 
133.1 -0.0760431 
133.2 -0.0758237 
133.3 -0.0756085 
133.4 -0.0753977 
133.5 -0.0751913 
133.6 -0.0749892 
133.7 -0.0747917 
133.8 -0.0745986 
133.9 -0.07441 
134 -0.0742261 
134.1 -0.0740467 
134.2 -0.0738721 
134.3 -0.0737022 
134.4 -0.0735371 
134.5 -0.0733768 
134.6 -0.0732215 
134.7 -0.0730712 
134.8 -0.0729259 
134.9 -0.0727857 
135 -0.0726507 
135.1 -0.072521 
135.2 -0.0723967 
135.3 -0.0722777 
135.4 -0.0721643 
135.5 -0.0720564 
135.6 -0.0719543 
135.7 -0.0718579 
135.8 -0.0717674 
135.9 -0.0716829 
136 -0.0716044 
136.1 -0.0715322 
136.2 -0.0714662 
136.3 -0.0714067 
136.4 -0.0713537 
136.5 -0.0713073 
136.6 -0.0712678 
136.7 -0.0712352 
136.8 -0.0712097 
136.9 -0.0711915 
137 -0.0711806 
137.1 -0.0711772 
137.2 -0.0711816 
137.3 -0.0711938 
137.4 -0.0712141 
137.5 -0.0712427 
137.6 -0.0712797 
137.7 -0.0713254 
137.8 -0.07138 
137.9 -0.0714436 
138 -0.0715166 
138.1 -0.0715991 
138.2 -0.0716915 
138.3 -0.0717939 
138.4 -0.0719067 
138.5 -0.0720302 
138.6 -0.0721646 
138.7 -0.0723104 
138.8 -0.0724677 
138.9 -0.0726369 
139 -0.0728185 
139.1 -0.0730128 
139.2 -0.0732202 
139.3 -0.073441 
139.4 -0.0736759 
139.5 -0.0739251 
139.6 -0.0741892 
139.7 -0.0744687 
139.8 -0.0747642 
139.9 -0.0750761 
140 -0.075405 
140.1 -0.0757517 
140.2 -0.0761166 
140.3 -0.0765006 
140.4 -0.0769043 
140.5 -0.0773284 
140.6 -0.0777739 
140.7 -0.0782414 
140.8 -0.0787318 
140.9 -0.0792462 
141 -0.0797855 
141.1 -0.0803506 
141.2 -0.0809428 
141.3 -0.0815632 
141.4 -0.0822129 
141.5 -0.0828932 
141.6 -0.0836056 
141.7 -0.0843514 
141.8 -0.0851322 
141.9 -0.0859496 
142 -0.0868053 
142.1 -0.0877011 
142.2 -0.0886389 
142.3 -0.0896208 
142.4 -0.0906489 
142.5 -0.0917256 
142.6 -0.0928532 
142.7 -0.0940344 
142.8 -0.0952719 
142.9 -0.0965686 
143 -0.0979277 
143.1 -0.0993525 
143.2 -0.100847 
143.3 -0.102414 
143.4 -0.104058 
143.5 -0.105783 
143.6 -0.107595 
143.7 -0.109497 
143.8 -0.111495 
143.9 -0.113594 
144 -0.115801 
144.1 -0.118122 
144.2 -0.120564 
144.3 -0.123133 
144.4 -0.125838 
144.5 -0.128686 
144.6 -0.131687 
144.7 -0.134849 
144.8 -0.138183 
144.9 -0.1417 
145 -0.14541 
145.1 -0.149325 
145.2 -0.153458 
145.3 -0.157823 
145.4 -0.162433 
145.5 -0.167303 
145.6 -0.172448 
145.7 -0.177884 
145.8 -0.183628 
145.9 -0.189697 
146 -0.196108 
146.1 -0.202878 
146.2 -0.210023 
146.3 -0.21756 
146.4 -0.225504 
146.5 -0.233869 
146.6 -0.242664 
146.7 -0.251899 
146.8 -0.261575 
146.9 -0.271691 
147 -0.282237 
147.1 -0.293195 
147.2 -0.304535 
147.3 -0.316217 
147.4 -0.328183 
147.5 -0.340363 
147.6 -0.352663 
147.7 -0.364973 
147.8 -0.37716 
147.9 -0.389073 
148 -0.400537 
148.1 -0.411366 
148.2 -0.421356 
148.3 -0.430301 
148.4 -0.437997 
148.5 -0.444249 
148.6 -0.448886 
148.7 -0.451765 
148.8 -0.452788 
148.9 -0.4519 
149 -0.449098 
149.1 -0.444432 
149.2 -0.438001 
149.3 -0.429944 
149.4 -0.420439 
149.5 -0.409685 
149.6 -0.397898 
149.7 -0.385296 
149.8 -0.372093 
149.9 -0.358492 
150 -0.344678 
150.1 -0.330813 
150.2 -0.317039 
150.3 -0.303474 
150.4 -0.290213 
150.5 -0.277333 
150.6 -0.264888 
150.7 -0.25292 
150.8 -0.241455 
150.9 -0.230507 
151 -0.220081 
151.1 -0.210174 
151.2 -0.200779 
151.3 -0.191881 
151.4 -0.183465 
151.5 -0.175511 
151.6 -0.167999 
151.7 -0.160909 
151.8 -0.154217 
151.9 -0.147904 
152 -0.141947 
152.1 -0.136326 
152.2 -0.131022 
152.3 -0.126014 
152.4 -0.121285 
152.5 -0.116818 
152.6 -0.112596 
152.7 -0.108603 
152.8 -0.104826 
152.9 -0.10125 
153 -0.0978635 
153.1 -0.0946539 
153.2 -0.0916102 
153.3 -0.088722 
153.4 -0.0859797 
153.5 -0.0833741 
153.6 -0.080897 
153.7 -0.0785403 
153.8 -0.0762968 
153.9 -0.0741597 
154 -0.0721225 
154.1 -0.0701794 
154.2 -0.0683248 
154.3 -0.0665535 
154.4 -0.0648607 
154.5 -0.063242 
154.6 -0.061693 
154.7 -0.0602099 
154.8 -0.058789 
154.9 -0.0574269 
155 -0.0561203 
155.1 -0.0548663 
155.2 -0.053662 
155.3 -0.0525048 
155.4 -0.0513922 
155.5 -0.0503218 
155.6 -0.0492916 
155.7 -0.0482995 
155.8 -0.0473434 
155.9 -0.0464217 
156 -0.0455327 
156.1 -0.0446746 
156.2 -0.0438461 
156.3 -0.0430457 
156.4 -0.0422721 
156.5 -0.0415239 
156.6 -0.0408001 
156.7 -0.0400995 
156.8 -0.039421 
156.9 -0.0387636 
157 -0.0381264 
157.1 -0.0375084 
157.2 -0.0369089 
157.3 -0.0363271 
157.4 -0.0357621 
157.5 -0.0352132 
157.6 -0.0346798 
157.7 -0.0341612 
157.8 -0.0336569 
157.9 -0.0331661 
158 -0.0326884 
158.1 -0.0322232 
158.2 -0.03177 
158.3 -0.0313284 
158.4 -0.0308978 
158.5 -0.030478 
158.6 -0.0300683 
158.7 -0.0296686 
158.8 -0.0292783 
158.9 -0.0288971 
159 -0.0285248 
159.1 -0.0281609 
159.2 -0.0278051 
159.3 -0.0274572 
159.4 -0.0271169 
159.5 -0.0267838 
159.6 -0.0264578 
159.7 -0.0261386 
159.8 -0.025826 
159.9 -0.0255197 
160 -0.0252195 
160.1 -0.0249252 
160.2 -0.0246367 
160.3 -0.0243536 
160.4 -0.0240759 
160.5 -0.0238034 
160.6 -0.0235358 
160.7 -0.0232731 
160.8 -0.0230151 
160.9 -0.0227615 
161 -0.0225124 
161.1 -0.0222675 
161.2 -0.0220268 
161.3 -0.02179 
161.4 -0.0215571 
161.5 -0.0213279 
161.6 -0.0211024 
161.7 -0.0208804 
161.8 -0.0206619 
161.9 -0.0204466 
162 -0.0202346 
162.1 -0.0200258 
162.2 -0.0198199 
162.3 -0.0196171 
162.4 -0.0194171 
162.5 -0.0192199 
162.6 -0.0190254 
162.7 -0.0188335 
162.8 -0.0186442 
162.9 -0.0184574 
163 -0.0182731 
163.1 -0.0180911 
163.2 -0.0179114 
163.3 -0.0177339 
163.4 -0.0175587 
163.5 -0.0173855 
163.6 -0.0172144 
163.7 -0.0170453 
163.8 -0.0168782 
163.9 -0.016713 
164 -0.0165497 
164.1 -0.0163882 
164.2 -0.0162284 
164.3 -0.0160704 
164.4 -0.0159141 
164.5 -0.0157594 
164.6 -0.0156063 
164.7 -0.0154548 
164.8 -0.0153048 
164.9 -0.0151563 
165 -0.0150093 
165.1 -0.0148636 
165.2 -0.0147194 
165.3 -0.0145765 
165.4 -0.0144349 
165.5 -0.0142947 
165.6 -0.0141557 
165.7 -0.0140179 
165.8 -0.0138813 
165.9 -0.013746 
166 -0.0136117 
166.1 -0.0134786 
166.2 -0.0133466 
166.3 -0.0132157 
166.4 -0.0130858 
166.5 -0.012957 
166.6 -0.0128291 
166.7 -0.0127023 
166.8 -0.0125764 
166.9 -0.0124515 
167 -0.0123275 
167.1 -0.0122044 
167.2 -0.0120821 
167.3 -0.0119608 
167.4 -0.0118403 
167.5 -0.0117206 
167.6 -0.0116018 
167.7 -0.0114837 
167.8 -0.0113664 
167.9 -0.0112499 
168 -0.0111341 
168.1 -0.0110191 
168.2 -0.0109048 
168.3 -0.0107912 
168.4 -0.0106782 
168.5 -0.010566 
168.6 -0.0104544 
168.7 -0.0103435 
168.8 -0.0102332 
168.9 -0.0101235 
169 -0.0100145 
169.1 -0.009906 
169.2 -0.00979813 
169.3 -0.00969084 
169.4 -0.00958411 
169.5 -0.00947793 
169.6 -0.0093723 
169.7 -0.00926719 
169.8 -0.00916261 
169.9 -0.00905855 
170 -0.00895498 
170.1 -0.00885191 
170.2 -0.00874932 
170.3 -0.0086472 
170.4 -0.00854555 
170.5 -0.00844435 
170.6 -0.0083436 
170.7 -0.00824329 
170.8 -0.00814341 
170.9 -0.00804395 
171 -0.0079449 
171.1 -0.00784626 
171.2 -0.00774801 
171.3 -0.00765016 
171.4 -0.00755268 
171.5 -0.00745558 
171.6 -0.00735885 
171.7 -0.00726248 
171.8 -0.00716647 
171.9 -0.0070708 
172 -0.00697547 
172.1 -0.00688047 
172.2 -0.0067858 
172.3 -0.00669145 
172.4 -0.00659742 
172.5 -0.00650369 
172.6 -0.00641026 
172.7 -0.00631714 
172.8 -0.0062243 
172.9 -0.00613174 
173 -0.00603946 
173.1 -0.00594746 
173.2 -0.00585572 
173.3 -0.00576425 
173.4 -0.00567303 
173.5 -0.00558206 
173.6 -0.00549134 
173.7 -0.00540086 
173.8 -0.00531062 
173.9 -0.00522061 
174 -0.00513082 
174.1 -0.00504125 
174.2 -0.0049519 
174.3 -0.00486277 
174.4 -0.00477384 
174.5 -0.00468511 
174.6 -0.00459657 
174.7 -0.00450824 
174.8 -0.00442009 
174.9 -0.00433212 
175 -0.00424434 
175.1 -0.00415673 
175.2 -0.00406929 
175.3 -0.00398202 
175.4 -0.00389491 
175.5 -0.00380797 
175.6 -0.00372117 
175.7 -0.00363453 
175.8 -0.00354804 
175.9 -0.00346169 
176 -0.00337547 
176.1 -0.0032894 
176.2 -0.00320345 
176.3 -0.00311763 
176.4 -0.00303194 
176.5 -0.00294637 
176.6 -0.00286091 
176.7 -0.00277557 
176.8 -0.00269033 
176.9 -0.0026052 
177 -0.00252018 
177.1 -0.00243525 
177.2 -0.00235042 
177.3 -0.00226567 
177.4 -0.00218102 
177.5 -0.00209645 
177.6 -0.00201196 
177.7 -0.00192755 
177.8 -0.00184322 
177.9 -0.00175896 
178 -0.00167476 
178.1 -0.00159063 
178.2 -0.00150655 
178.3 -0.00142254 
178.4 -0.00133858 
178.5 -0.00125467 
178.6 -0.00117081 
178.7 -0.001087 
178.8 -0.00100322 
178.9 -0.000919489 
179 -0.000835788 
179.1 -0.000752119 
179.2 -0.000668478 
179.3 -0.000584863 
179.4 -0.00050127 
179.5 -0.000417696 
179.6 -0.000334138 
179.7 -0.000250592 
179.8 -0.000167056 
179.9 -8.35265e-05 
