0.1 1 
0.2 1 
0.3 1 
0.4 1 
0.5 1 
0.6 1 
0.7 1 
0.8 1 
0.9 1 
1 1 
1.1 1 
1.2 1 
1.3 1 
1.4 1 
1.5 1 
1.6 1 
1.7 1 
1.8 1 
1.9 1 
2 1 
2.1 1 
2.2 1 
2.3 1 
2.4 1 
2.5 1 
2.6 1 
2.7 1 
2.8 1 
2.9 1 
3 1 
3.1 1 
3.2 1 
3.3 1 
3.4 1 
3.5 1 
3.6 1 
3.7 1 
3.8 1 
3.9 1 
4 1 
4.1 1 
4.2 1 
4.3 1 
4.4 1 
4.5 1 
4.6 1 
4.7 1 
4.8 1 
4.9 1 
5 1 
5.1 1 
5.2 1 
5.3 1 
5.4 1 
5.5 0.999999 
5.6 0.999999 
5.7 0.999999 
5.8 0.999999 
5.9 0.999999 
6 0.999999 
6.1 0.999999 
6.2 0.999999 
6.3 0.999999 
6.4 0.999999 
6.5 0.999999 
6.6 0.999999 
6.7 0.999999 
6.8 0.999999 
6.9 0.999999 
7 0.999999 
7.1 0.999999 
7.2 0.999999 
7.3 0.999999 
7.4 0.999998 
7.5 0.999998 
7.6 0.999998 
7.7 0.999998 
7.8 0.999998 
7.9 0.999998 
8 0.999998 
8.1 0.999998 
8.2 0.999997 
8.3 0.999997 
8.4 0.999997 
8.5 0.999997 
8.6 0.999997 
8.7 0.999997 
8.8 0.999997 
8.9 0.999996 
9 0.999996 
9.1 0.999996 
9.2 0.999996 
9.3 0.999996 
9.4 0.999995 
9.5 0.999995 
9.6 0.999995 
9.7 0.999995 
9.8 0.999995 
9.9 0.999994 
10 0.999994 
10.1 0.999994 
10.2 0.999994 
10.3 0.999993 
10.4 0.999993 
10.5 0.999993 
10.6 0.999993 
10.7 0.999992 
10.8 0.999992 
10.9 0.999992 
11 0.999991 
11.1 0.999991 
11.2 0.99999 
11.3 0.99999 
11.4 0.99999 
11.5 0.999989 
11.6 0.999989 
11.7 0.999988 
11.8 0.999988 
11.9 0.999987 
12 0.999987 
12.1 0.999986 
12.2 0.999986 
12.3 0.999985 
12.4 0.999985 
12.5 0.999984 
12.6 0.999984 
12.7 0.999983 
12.8 0.999982 
12.9 0.999982 
13 0.999981 
13.1 0.99998 
13.2 0.99998 
13.3 0.999979 
13.4 0.999978 
13.5 0.999977 
13.6 0.999977 
13.7 0.999976 
13.8 0.999975 
13.9 0.999974 
14 0.999973 
14.1 0.999973 
14.2 0.999972 
14.3 0.999971 
14.4 0.99997 
14.5 0.999969 
14.6 0.999968 
14.7 0.999967 
14.8 0.999966 
14.9 0.999965 
15 0.999963 
15.1 0.999962 
15.2 0.999961 
15.3 0.99996 
15.4 0.999959 
15.5 0.999957 
15.6 0.999956 
15.7 0.999955 
15.8 0.999953 
15.9 0.999952 
16 0.99995 
16.1 0.999949 
16.2 0.999947 
16.3 0.999945 
16.4 0.999944 
16.5 0.999942 
16.6 0.99994 
16.7 0.999939 
16.8 0.999937 
16.9 0.999935 
17 0.999933 
17.1 0.999931 
17.2 0.999929 
17.3 0.999927 
17.4 0.999925 
17.5 0.999923 
17.6 0.999921 
17.7 0.999919 
17.8 0.999916 
17.9 0.999914 
18 0.999912 
18.1 0.999909 
18.2 0.999907 
18.3 0.999904 
18.4 0.999901 
18.5 0.999899 
18.6 0.999896 
18.7 0.999893 
18.8 0.99989 
18.9 0.999887 
19 0.999884 
19.1 0.999881 
19.2 0.999877 
19.3 0.999874 
19.4 0.999871 
19.5 0.999867 
19.6 0.999863 
19.7 0.99986 
19.8 0.999856 
19.9 0.999852 
20 0.999848 
20.1 0.999844 
20.2 0.99984 
20.3 0.999836 
20.4 0.999832 
20.5 0.999828 
20.6 0.999824 
20.7 0.99982 
20.8 0.999815 
20.9 0.999811 
21 0.999806 
21.1 0.999802 
21.2 0.999797 
21.3 0.999792 
21.4 0.999788 
21.5 0.999783 
21.6 0.999778 
21.7 0.999773 
21.8 0.999768 
21.9 0.999762 
22 0.999757 
22.1 0.999752 
22.2 0.999746 
22.3 0.99974 
22.4 0.999734 
22.5 0.999729 
22.6 0.999722 
22.7 0.999716 
22.8 0.99971 
22.9 0.999703 
23 0.999697 
23.1 0.99969 
23.2 0.999683 
23.3 0.999676 
23.4 0.999669 
23.5 0.999662 
23.6 0.999655 
23.7 0.999648 
23.8 0.99964 
23.9 0.999633 
24 0.999625 
24.1 0.999617 
24.2 0.99961 
24.3 0.999602 
24.4 0.999594 
24.5 0.999586 
24.6 0.999578 
24.7 0.99957 
24.8 0.999562 
24.9 0.999553 
25 0.999545 
25.1 0.999537 
25.2 0.999528 
25.3 0.99952 
25.4 0.999511 
25.5 0.999503 
25.6 0.999494 
25.7 0.999485 
25.8 0.999476 
25.9 0.999467 
26 0.999458 
26.1 0.999449 
26.2 0.999439 
26.3 0.99943 
26.4 0.99942 
26.5 0.999411 
26.6 0.999401 
26.7 0.999391 
26.8 0.999381 
26.9 0.999371 
27 0.999361 
27.1 0.99935 
27.2 0.99934 
27.3 0.999329 
27.4 0.999318 
27.5 0.999308 
27.6 0.999297 
27.7 0.999286 
27.8 0.999275 
27.9 0.999264 
28 0.999253 
28.1 0.999241 
28.2 0.99923 
28.3 0.999219 
28.4 0.999207 
28.5 0.999196 
28.6 0.999184 
28.7 0.999172 
28.8 0.99916 
28.9 0.999149 
29 0.999136 
29.1 0.999124 
29.2 0.999112 
29.3 0.9991 
29.4 0.999087 
29.5 0.999074 
29.6 0.999061 
29.7 0.999048 
29.8 0.999035 
29.9 0.999022 
30 0.999008 
30.1 0.998994 
30.2 0.99898 
30.3 0.998966 
30.4 0.998952 
30.5 0.998938 
30.6 0.998923 
30.7 0.998908 
30.8 0.998893 
30.9 0.998878 
31 0.998863 
31.1 0.998848 
31.2 0.998833 
31.3 0.998817 
31.4 0.998802 
31.5 0.998786 
31.6 0.998771 
31.7 0.998755 
31.8 0.99874 
31.9 0.998724 
32 0.998708 
32.1 0.998692 
32.2 0.998677 
32.3 0.998661 
32.4 0.998645 
32.5 0.998629 
32.6 0.998613 
32.7 0.998597 
32.8 0.998581 
32.9 0.998564 
33 0.998548 
33.1 0.998531 
33.2 0.998514 
33.3 0.998497 
33.4 0.99848 
33.5 0.998462 
33.6 0.998444 
33.7 0.998426 
33.8 0.998407 
33.9 0.998388 
34 0.998368 
34.1 0.998348 
34.2 0.998328 
34.3 0.998307 
34.4 0.998286 
34.5 0.998265 
34.6 0.998243 
34.7 0.998221 
34.8 0.998198 
34.9 0.998175 
35 0.998152 
35.1 0.998128 
35.2 0.998104 
35.3 0.99808 
35.4 0.998056 
35.5 0.998032 
35.6 0.998007 
35.7 0.997983 
35.8 0.997958 
35.9 0.997934 
36 0.997909 
36.1 0.997885 
36.2 0.99786 
36.3 0.997836 
36.4 0.997812 
36.5 0.997787 
36.6 0.997763 
36.7 0.997739 
36.8 0.997715 
36.9 0.997691 
37 0.997668 
37.1 0.997644 
37.2 0.99762 
37.3 0.997596 
37.4 0.997571 
37.5 0.997547 
37.6 0.997522 
37.7 0.997497 
37.8 0.997472 
37.9 0.997446 
38 0.997419 
38.1 0.997392 
38.2 0.997365 
38.3 0.997337 
38.4 0.997308 
38.5 0.997279 
38.6 0.997249 
38.7 0.997218 
38.8 0.997186 
38.9 0.997154 
39 0.997121 
39.1 0.997088 
39.2 0.997053 
39.3 0.997018 
39.4 0.996983 
39.5 0.996946 
39.6 0.99691 
39.7 0.996873 
39.8 0.996835 
39.9 0.996798 
40 0.99676 
40.1 0.996721 
40.2 0.996683 
40.3 0.996645 
40.4 0.996607 
40.5 0.996568 
40.6 0.99653 
40.7 0.996492 
40.8 0.996455 
40.9 0.996417 
41 0.99638 
41.1 0.996343 
41.2 0.996306 
41.3 0.99627 
41.4 0.996234 
41.5 0.996198 
41.6 0.996162 
41.7 0.996126 
41.8 0.99609 
41.9 0.996054 
42 0.996018 
42.1 0.995981 
42.2 0.995944 
42.3 0.995907 
42.4 0.995869 
42.5 0.995831 
42.6 0.995792 
42.7 0.995752 
42.8 0.995711 
42.9 0.995669 
43 0.995627 
43.1 0.995583 
43.2 0.995538 
43.3 0.995492 
43.4 0.995445 
43.5 0.995396 
43.6 0.995347 
43.7 0.995296 
43.8 0.995244 
43.9 0.995191 
44 0.995137 
44.1 0.995082 
44.2 0.995026 
44.3 0.994969 
44.4 0.994911 
44.5 0.994853 
44.6 0.994794 
44.7 0.994735 
44.8 0.994675 
44.9 0.994615 
45 0.994555 
45.1 0.994494 
45.2 0.994434 
45.3 0.994373 
45.4 0.994313 
45.5 0.994252 
45.6 0.994192 
45.7 0.994132 
45.8 0.994072 
45.9 0.994013 
46 0.993953 
46.1 0.993893 
46.2 0.993834 
46.3 0.993774 
46.4 0.993714 
46.5 0.993654 
46.6 0.993594 
46.7 0.993533 
46.8 0.993471 
46.9 0.993409 
47 0.993346 
47.1 0.993281 
47.2 0.993216 
47.3 0.993149 
47.4 0.993081 
47.5 0.993012 
47.6 0.99294 
47.7 0.992867 
47.8 0.992792 
47.9 0.992715 
48 0.992637 
48.1 0.992556 
48.2 0.992473 
48.3 0.992388 
48.4 0.9923 
48.5 0.992211 
48.6 0.99212 
48.7 0.992026 
48.8 0.991931 
48.9 0.991834 
49 0.991734 
49.1 0.991633 
49.2 0.991531 
49.3 0.991426 
49.4 0.991321 
49.5 0.991214 
49.6 0.991105 
49.7 0.990996 
49.8 0.990885 
49.9 0.990774 
50 0.990661 
50.1 0.990548 
50.2 0.990434 
50.3 0.990319 
50.4 0.990204 
50.5 0.990087 
50.6 0.98997 
50.7 0.989853 
50.8 0.989734 
50.9 0.989615 
51 0.989495 
51.1 0.989374 
51.2 0.989251 
51.3 0.989127 
51.4 0.989002 
51.5 0.988875 
51.6 0.988746 
51.7 0.988616 
51.8 0.988483 
51.9 0.988348 
52 0.98821 
52.1 0.98807 
52.2 0.987927 
52.3 0.987781 
52.4 0.987631 
52.5 0.987479 
52.6 0.987323 
52.7 0.987163 
52.8 0.987 
52.9 0.986833 
53 0.986662 
53.1 0.986488 
53.2 0.986309 
53.3 0.986127 
53.4 0.985941 
53.5 0.985751 
53.6 0.985557 
53.7 0.98536 
53.8 0.985159 
53.9 0.984954 
54 0.984747 
54.1 0.984536 
54.2 0.984321 
54.3 0.984104 
54.4 0.983884 
54.5 0.983661 
54.6 0.983435 
54.7 0.983207 
54.8 0.982976 
54.9 0.982742 
55 0.982507 
55.1 0.982269 
55.2 0.982028 
55.3 0.981786 
55.4 0.981541 
55.5 0.981294 
55.6 0.981044 
55.7 0.980792 
55.8 0.980538 
55.9 0.98028 
56 0.980021 
56.1 0.979758 
56.2 0.979493 
56.3 0.979224 
56.4 0.978953 
56.5 0.978678 
56.6 0.9784 
56.7 0.978118 
56.8 0.977833 
56.9 0.977545 
57 0.977253 
57.1 0.976957 
57.2 0.976658 
57.3 0.976355 
57.4 0.976049 
57.5 0.975739 
57.6 0.975426 
57.7 0.97511 
57.8 0.974791 
57.9 0.974469 
58 0.974145 
58.1 0.973818 
58.2 0.97349 
58.3 0.973159 
58.4 0.972828 
58.5 0.972495 
58.6 0.972162 
58.7 0.971828 
58.8 0.971494 
58.9 0.97116 
59 0.970827 
59.1 0.970494 
59.2 0.970163 
59.3 0.969833 
59.4 0.969505 
59.5 0.969178 
59.6 0.968854 
59.7 0.968531 
59.8 0.968211 
59.9 0.967893 
60 0.967578 
60.1 0.967265 
60.2 0.966954 
60.3 0.966646 
60.4 0.966341 
60.5 0.966039 
60.6 0.965739 
60.7 0.965442 
60.8 0.965148 
60.9 0.964857 
61 0.96457 
61.1 0.964285 
61.2 0.964004 
61.3 0.963728 
61.4 0.963455 
61.5 0.963186 
61.6 0.962923 
61.7 0.962665 
61.8 0.962412 
61.9 0.962166 
62 0.961926 
62.1 0.961693 
62.2 0.961468 
62.3 0.961252 
62.4 0.961044 
62.5 0.960846 
62.6 0.960658 
62.7 0.96048 
62.8 0.960313 
62.9 0.960158 
63 0.960014 
63.1 0.959883 
63.2 0.959764 
63.3 0.959657 
63.4 0.959563 
63.5 0.959482 
63.6 0.959413 
63.7 0.959357 
63.8 0.959313 
63.9 0.959282 
64 0.959262 
64.1 0.959254 
64.2 0.959256 
64.3 0.959269 
64.4 0.959292 
64.5 0.959323 
64.6 0.959364 
64.7 0.959413 
64.8 0.959469 
64.9 0.959532 
65 0.959601 
65.1 0.959676 
65.2 0.959757 
65.3 0.959841 
65.4 0.959931 
65.5 0.960024 
65.6 0.96012 
65.7 0.96022 
65.8 0.960322 
65.9 0.960428 
66 0.960535 
66.1 0.960646 
66.2 0.960759 
66.3 0.960874 
66.4 0.960992 
66.5 0.961112 
66.6 0.961235 
66.7 0.961361 
66.8 0.96149 
66.9 0.961622 
67 0.961757 
67.1 0.961896 
67.2 0.962039 
67.3 0.962185 
67.4 0.962335 
67.5 0.96249 
67.6 0.962648 
67.7 0.962811 
67.8 0.962978 
67.9 0.963149 
68 0.963324 
68.1 0.963504 
68.2 0.963687 
68.3 0.963874 
68.4 0.964065 
68.5 0.964259 
68.6 0.964457 
68.7 0.964657 
68.8 0.964859 
68.9 0.965064 
69 0.96527 
69.1 0.965478 
69.2 0.965686 
69.3 0.965896 
69.4 0.966105 
69.5 0.966314 
69.6 0.966523 
69.7 0.966731 
69.8 0.966938 
69.9 0.967143 
70 0.967346 
70.1 0.967547 
70.2 0.967746 
70.3 0.967942 
70.4 0.968136 
70.5 0.968326 
70.6 0.968514 
70.7 0.968698 
70.8 0.968879 
70.9 0.969057 
71 0.969232 
71.1 0.969403 
71.2 0.969571 
71.3 0.969736 
71.4 0.969897 
71.5 0.970056 
71.6 0.970212 
71.7 0.970365 
71.8 0.970515 
71.9 0.970663 
72 0.970808 
72.1 0.970951 
72.2 0.971092 
72.3 0.971231 
72.4 0.971369 
72.5 0.971504 
72.6 0.971638 
72.7 0.971771 
72.8 0.971903 
72.9 0.972033 
73 0.972162 
73.1 0.97229 
73.2 0.972417 
73.3 0.972543 
73.4 0.972668 
73.5 0.972793 
73.6 0.972916 
73.7 0.973038 
73.8 0.97316 
73.9 0.97328 
74 0.9734 
74.1 0.973518 
74.2 0.973636 
74.3 0.973752 
74.4 0.973866 
74.5 0.97398 
74.6 0.974092 
74.7 0.974202 
74.8 0.974311 
74.9 0.974417 
75 0.974523 
75.1 0.974626 
75.2 0.974727 
75.3 0.974826 
75.4 0.974923 
75.5 0.975018 
75.6 0.97511 
75.7 0.975201 
75.8 0.975289 
75.9 0.975374 
76 0.975457 
76.1 0.975538 
76.2 0.975616 
76.3 0.975692 
76.4 0.975766 
76.5 0.975837 
76.6 0.975906 
76.7 0.975973 
76.8 0.976037 
76.9 0.976099 
77 0.976159 
77.1 0.976216 
77.2 0.976272 
77.3 0.976325 
77.4 0.976377 
77.5 0.976427 
77.6 0.976474 
77.7 0.97652 
77.8 0.976565 
77.9 0.976607 
78 0.976648 
78.1 0.976687 
78.2 0.976725 
78.3 0.976762 
78.4 0.976796 
78.5 0.97683 
78.6 0.976862 
78.7 0.976893 
78.8 0.976922 
78.9 0.97695 
79 0.976977 
79.1 0.977002 
79.2 0.977026 
79.3 0.977049 
79.4 0.977071 
79.5 0.977091 
79.6 0.97711 
79.7 0.977127 
79.8 0.977143 
79.9 0.977158 
80 0.977171 
80.1 0.977183 
80.2 0.977193 
80.3 0.977201 
80.4 0.977209 
80.5 0.977214 
80.6 0.977218 
80.7 0.97722 
80.8 0.977221 
80.9 0.977219 
81 0.977216 
81.1 0.977212 
81.2 0.977205 
81.3 0.977197 
81.4 0.977186 
81.5 0.977174 
81.6 0.97716 
81.7 0.977144 
81.8 0.977126 
81.9 0.977107 
82 0.977085 
82.1 0.977061 
82.2 0.977035 
82.3 0.977008 
82.4 0.976978 
82.5 0.976946 
82.6 0.976913 
82.7 0.976877 
82.8 0.97684 
82.9 0.9768 
83 0.976759 
83.1 0.976715 
83.2 0.976669 
83.3 0.976622 
83.4 0.976573 
83.5 0.976521 
83.6 0.976468 
83.7 0.976412 
83.8 0.976355 
83.9 0.976295 
84 0.976234 
84.1 0.97617 
84.2 0.976104 
84.3 0.976036 
84.4 0.975966 
84.5 0.975894 
84.6 0.97582 
84.7 0.975744 
84.8 0.975665 
84.9 0.975584 
85 0.975501 
85.1 0.975415 
85.2 0.975327 
85.3 0.975237 
85.4 0.975144 
85.5 0.975049 
85.6 0.974951 
85.7 0.97485 
85.8 0.974747 
85.9 0.974641 
86 0.974532 
86.1 0.97442 
86.2 0.974306 
86.3 0.974188 
86.4 0.974068 
86.5 0.973944 
86.6 0.973818 
86.7 0.973688 
86.8 0.973555 
86.9 0.973419 
87 0.973279 
87.1 0.973136 
87.2 0.97299 
87.3 0.972839 
87.4 0.972686 
87.5 0.972529 
87.6 0.972368 
87.7 0.972203 
87.8 0.972034 
87.9 0.971862 
88 0.971685 
88.1 0.971504 
88.2 0.97132 
88.3 0.971131 
88.4 0.970937 
88.5 0.97074 
88.6 0.970538 
88.7 0.970331 
88.8 0.97012 
88.9 0.969903 
89 0.969682 
89.1 0.969456 
89.2 0.969225 
89.3 0.968989 
89.4 0.968748 
89.5 0.9685 
89.6 0.968248 
89.7 0.967989 
89.8 0.967725 
89.9 0.967455 
90 0.967178 
90.1 0.966895 
90.2 0.966606 
90.3 0.966309 
90.4 0.966006 
90.5 0.965696 
90.6 0.965378 
90.7 0.965052 
90.8 0.964719 
90.9 0.964378 
91 0.964029 
91.1 0.963671 
91.2 0.963304 
91.3 0.962928 
91.4 0.962543 
91.5 0.962148 
91.6 0.961744 
91.7 0.961329 
91.8 0.960903 
91.9 0.960467 
92 0.960019 
92.1 0.95956 
92.2 0.959089 
92.3 0.958605 
92.4 0.958109 
92.5 0.9576 
92.6 0.957078 
92.7 0.956541 
92.8 0.95599 
92.9 0.955424 
93 0.954843 
93.1 0.954246 
93.2 0.953633 
93.3 0.953003 
93.4 0.952356 
93.5 0.95169 
93.6 0.951006 
93.7 0.950303 
93.8 0.94958 
93.9 0.948836 
94 0.948072 
94.1 0.947285 
94.2 0.946475 
94.3 0.945642 
94.4 0.944784 
94.5 0.943901 
94.6 0.942991 
94.7 0.942055 
94.8 0.941089 
94.9 0.940094 
95 0.939069 
95.1 0.938011 
95.2 0.936921 
95.3 0.935795 
95.4 0.934634 
95.5 0.933435 
95.6 0.932196 
95.7 0.930917 
95.8 0.929594 
95.9 0.928227 
96 0.926813 
96.1 0.92535 
96.2 0.923836 
96.3 0.922267 
96.4 0.920643 
96.5 0.918959 
96.6 0.917213 
96.7 0.915402 
96.8 0.913522 
96.9 0.91157 
97 0.909542 
97.1 0.907434 
97.2 0.905242 
97.3 0.902961 
97.4 0.900587 
97.5 0.898113 
97.6 0.895535 
97.7 0.892847 
97.8 0.890042 
97.9 0.887113 
98 0.884054 
98.1 0.880856 
98.2 0.87751 
98.3 0.874009 
98.4 0.870341 
98.5 0.866498 
98.6 0.862467 
98.7 0.858236 
98.8 0.853793 
98.9 0.849123 
99 0.844211 
99.1 0.83904 
99.2 0.833593 
99.3 0.827851 
99.4 0.821792 
99.5 0.815393 
99.6 0.808631 
99.7 0.801477 
99.8 0.793902 
99.9 0.785875 
100 0.77736 
100.1 0.768319 
100.2 0.758709 
100.3 0.748486 
100.4 0.737597 
100.5 0.725989 
100.6 0.7136 
100.7 0.700363 
100.8 0.686205 
100.9 0.671044 
101 0.654791 
101.1 0.637348 
101.2 0.618606 
101.3 0.598447 
101.4 0.576737 
101.5 0.553334 
101.6 0.528078 
101.7 0.500796 
101.8 0.471299 
101.9 0.439381 
102 0.40482 
102.1 0.367379 
102.2 0.326806 
102.3 0.282838 
102.4 0.235209 
102.5 0.183652 
102.6 0.127916 
102.7 0.067781 
102.8 0.00307874 
102.9 -0.0662741 
103 -0.140239 
103.1 -0.218605 
103.2 -0.300935 
103.3 -0.386498 
103.4 -0.474207 
103.5 -0.562558 
103.6 -0.6496 
103.7 -0.732935 
103.8 -0.809787 
103.9 -0.877143 
104 -0.931968 
104.1 -0.971495 
104.2 -0.993528 
104.3 -0.996727 
104.4 -0.980786 
104.5 -0.946488 
104.6 -0.895599 
104.7 -0.830638 
104.8 -0.754584 
104.9 -0.670557 
105 -0.581555 
105.1 -0.490259 
105.2 -0.398918 
105.3 -0.309313 
105.4 -0.22277 
105.5 -0.140206 
105.6 -0.0621997 
105.7 0.0109448 
105.8 0.0791296 
105.9 0.142408 
106 0.20094 
106.1 0.25495 
106.2 0.304707 
106.3 0.350498 
106.4 0.392616 
106.5 0.431351 
106.6 0.46698 
106.7 0.499765 
106.8 0.529953 
106.9 0.557771 
107 0.583428 
107.1 0.607115 
107.2 0.629007 
107.3 0.649263 
107.4 0.668026 
107.5 0.685427 
107.6 0.701584 
107.7 0.716603 
107.8 0.730583 
107.9 0.743609 
108 0.755762 
108.1 0.767113 
108.2 0.777727 
108.3 0.787663 
108.4 0.796975 
108.5 0.805712 
108.6 0.813918 
108.7 0.821632 
108.8 0.828893 
108.9 0.835733 
109 0.842183 
109.1 0.848272 
109.2 0.854024 
109.3 0.859464 
109.4 0.864612 
109.5 0.869489 
109.6 0.874114 
109.7 0.878501 
109.8 0.882668 
109.9 0.886628 
110 0.890395 
110.1 0.89398 
110.2 0.897395 
110.3 0.90065 
110.4 0.903755 
110.5 0.906719 
110.6 0.909549 
110.7 0.912255 
110.8 0.914842 
110.9 0.917318 
111 0.919689 
111.1 0.92196 
111.2 0.924137 
111.3 0.926225 
111.4 0.928229 
111.5 0.930153 
111.6 0.932001 
111.7 0.933778 
111.8 0.935486 
111.9 0.937129 
112 0.93871 
112.1 0.940233 
112.2 0.9417 
112.3 0.943113 
112.4 0.944476 
112.5 0.945791 
112.6 0.947059 
112.7 0.948284 
112.8 0.949466 
112.9 0.950608 
113 0.951711 
113.1 0.952778 
113.2 0.953809 
113.3 0.954806 
113.4 0.955772 
113.5 0.956706 
113.6 0.95761 
113.7 0.958486 
113.8 0.959335 
113.9 0.960157 
114 0.960954 
114.1 0.961727 
114.2 0.962476 
114.3 0.963203 
114.4 0.963908 
114.5 0.964592 
114.6 0.965257 
114.7 0.965902 
114.8 0.966528 
114.9 0.967137 
115 0.967728 
115.1 0.968303 
115.2 0.968862 
115.3 0.969405 
115.4 0.969933 
115.5 0.970447 
115.6 0.970947 
115.7 0.971433 
115.8 0.971907 
115.9 0.972367 
116 0.972816 
116.1 0.973253 
116.2 0.973679 
116.3 0.974093 
116.4 0.974497 
116.5 0.974891 
116.6 0.975274 
116.7 0.975648 
116.8 0.976013 
116.9 0.976369 
117 0.976716 
117.1 0.977054 
117.2 0.977384 
117.3 0.977707 
117.4 0.978021 
117.5 0.978328 
117.6 0.978628 
117.7 0.978921 
117.8 0.979206 
117.9 0.979486 
118 0.979759 
118.1 0.980025 
118.2 0.980286 
118.3 0.98054 
118.4 0.980789 
118.5 0.981033 
118.6 0.981271 
118.7 0.981503 
118.8 0.981731 
118.9 0.981954 
119 0.982172 
119.1 0.982385 
119.2 0.982593 
119.3 0.982798 
119.4 0.982997 
119.5 0.983193 
119.6 0.983385 
119.7 0.983572 
119.8 0.983756 
119.9 0.983936 
120 0.984112 
120.1 0.984285 
120.2 0.984454 
120.3 0.98462 
120.4 0.984782 
120.5 0.984941 
120.6 0.985097 
120.7 0.98525 
120.8 0.9854 
120.9 0.985547 
121 0.985691 
121.1 0.985832 
121.2 0.985971 
121.3 0.986106 
121.4 0.98624 
121.5 0.98637 
121.6 0.986498 
121.7 0.986624 
121.8 0.986747 
121.9 0.986868 
122 0.986986 
122.1 0.987102 
122.2 0.987216 
122.3 0.987328 
122.4 0.987438 
122.5 0.987546 
122.6 0.987651 
122.7 0.987755 
122.8 0.987856 
122.9 0.987956 
123 0.988054 
123.1 0.98815 
123.2 0.988244 
123.3 0.988336 
123.4 0.988427 
123.5 0.988516 
123.6 0.988603 
123.7 0.988688 
123.8 0.988772 
123.9 0.988854 
124 0.988935 
124.1 0.989014 
124.2 0.989092 
124.3 0.989168 
124.4 0.989242 
124.5 0.989316 
124.6 0.989387 
124.7 0.989458 
124.8 0.989527 
124.9 0.989594 
125 0.98966 
125.1 0.989725 
125.2 0.989789 
125.3 0.989851 
125.4 0.989912 
125.5 0.989972 
125.6 0.990031 
125.7 0.990088 
125.8 0.990144 
125.9 0.990199 
126 0.990253 
126.1 0.990306 
126.2 0.990357 
126.3 0.990408 
126.4 0.990457 
126.5 0.990506 
126.6 0.990553 
126.7 0.990599 
126.8 0.990644 
126.9 0.990689 
127 0.990732 
127.1 0.990774 
127.2 0.990815 
127.3 0.990855 
127.4 0.990894 
127.5 0.990933 
127.6 0.99097 
127.7 0.991007 
127.8 0.991042 
127.9 0.991077 
128 0.99111 
128.1 0.991143 
128.2 0.991175 
128.3 0.991206 
128.4 0.991236 
128.5 0.991265 
128.6 0.991294 
128.7 0.991321 
128.8 0.991348 
128.9 0.991374 
129 0.991399 
129.1 0.991423 
129.2 0.991447 
129.3 0.99147 
129.4 0.991491 
129.5 0.991512 
129.6 0.991533 
129.7 0.991552 
129.8 0.991571 
129.9 0.991589 
130 0.991606 
130.1 0.991622 
130.2 0.991637 
130.3 0.991652 
130.4 0.991666 
130.5 0.991679 
130.6 0.991692 
130.7 0.991703 
130.8 0.991714 
130.9 0.991724 
131 0.991733 
131.1 0.991742 
131.2 0.99175 
131.3 0.991757 
131.4 0.991763 
131.5 0.991768 
131.6 0.991773 
131.7 0.991777 
131.8 0.99178 
131.9 0.991782 
132 0.991783 
132.1 0.991784 
132.2 0.991784 
132.3 0.991782 
132.4 0.991781 
132.5 0.991778 
132.6 0.991774 
132.7 0.99177 
132.8 0.991765 
132.9 0.991759 
133 0.991752 
133.1 0.991744 
133.2 0.991735 
133.3 0.991725 
133.4 0.991715 
133.5 0.991703 
133.6 0.991691 
133.7 0.991678 
133.8 0.991663 
133.9 0.991648 
134 0.991632 
134.1 0.991615 
134.2 0.991596 
134.3 0.991577 
134.4 0.991557 
134.5 0.991535 
134.6 0.991513 
134.7 0.991489 
134.8 0.991465 
134.9 0.991439 
135 0.991412 
135.1 0.991384 
135.2 0.991355 
135.3 0.991324 
135.4 0.991292 
135.5 0.991259 
135.6 0.991225 
135.7 0.991189 
135.8 0.991152 
135.9 0.991114 
136 0.991074 
136.1 0.991033 
136.2 0.99099 
136.3 0.990946 
136.4 0.9909 
136.5 0.990853 
136.6 0.990804 
136.7 0.990753 
136.8 0.990701 
136.9 0.990647 
137 0.990591 
137.1 0.990533 
137.2 0.990474 
137.3 0.990412 
137.4 0.990349 
137.5 0.990284 
137.6 0.990216 
137.7 0.990147 
137.8 0.990075 
137.9 0.990001 
138 0.989924 
138.1 0.989845 
138.2 0.989764 
138.3 0.98968 
138.4 0.989594 
138.5 0.989505 
138.6 0.989413 
138.7 0.989318 
138.8 0.98922 
138.9 0.989119 
139 0.989015 
139.1 0.988908 
139.2 0.988797 
139.3 0.988683 
139.4 0.988566 
139.5 0.988444 
139.6 0.988319 
139.7 0.988189 
139.8 0.988056 
139.9 0.987918 
140 0.987776 
140.1 0.987629 
140.2 0.987477 
140.3 0.987321 
140.4 0.987159 
140.5 0.986991 
140.6 0.986819 
140.7 0.98664 
140.8 0.986455 
140.9 0.986264 
141 0.986067 
141.1 0.985862 
141.2 0.985651 
141.3 0.985432 
141.4 0.985205 
141.5 0.98497 
141.6 0.984727 
141.7 0.984475 
141.8 0.984214 
141.9 0.983943 
142 0.983662 
142.1 0.98337 
142.2 0.983067 
142.3 0.982753 
142.4 0.982426 
142.5 0.982087 
142.6 0.981734 
142.7 0.981367 
142.8 0.980986 
142.9 0.980589 
143 0.980175 
143.1 0.979745 
143.2 0.979296 
143.3 0.978828 
143.4 0.97834 
143.5 0.977831 
143.6 0.977299 
143.7 0.976744 
143.8 0.976164 
143.9 0.975558 
144 0.974924 
144.1 0.97426 
144.2 0.973565 
144.3 0.972838 
144.4 0.972075 
144.5 0.971276 
144.6 0.970438 
144.7 0.969558 
144.8 0.968635 
144.9 0.967665 
145 0.966647 
145.1 0.965576 
145.2 0.96445 
145.3 0.963266 
145.4 0.96202 
145.5 0.960709 
145.6 0.95933 
145.7 0.957878 
145.8 0.95635 
145.9 0.954742 
146 0.953049 
146.1 0.951269 
146.2 0.949398 
146.3 0.947432 
146.4 0.945368 
146.5 0.943204 
146.6 0.940937 
146.7 0.938568 
146.8 0.936097 
146.9 0.933525 
147 0.930856 
147.1 0.928098 
147.2 0.925258 
147.3 0.92235 
147.4 0.919389 
147.5 0.916396 
147.6 0.913395 
147.7 0.910417 
147.8 0.907497 
147.9 0.904674 
148 0.901994 
148.1 0.899503 
148.2 0.897253 
148.3 0.895294 
148.4 0.893678 
148.5 0.892449 
148.6 0.891647 
148.7 0.891304 
148.8 0.891441 
148.9 0.892064 
149 0.893168 
149.1 0.894737 
149.2 0.896739 
149.3 0.899133 
149.4 0.901872 
149.5 0.904901 
149.6 0.908163 
149.7 0.911601 
149.8 0.915162 
149.9 0.918793 
150 0.922449 
150.1 0.926089 
150.2 0.92968 
150.3 0.933194 
150.4 0.936608 
150.5 0.939905 
150.6 0.943073 
150.7 0.946105 
150.8 0.948995 
150.9 0.951741 
151 0.954344 
151.1 0.956807 
151.2 0.959132 
151.3 0.961324 
151.4 0.963389 
151.5 0.965332 
151.6 0.967159 
151.7 0.968877 
151.8 0.97049 
151.9 0.972007 
152 0.973432 
152.1 0.97477 
152.2 0.976028 
152.3 0.977211 
152.4 0.978322 
152.5 0.979368 
152.6 0.980352 
152.7 0.981279 
152.8 0.982151 
152.9 0.982974 
153 0.983749 
153.1 0.98448 
153.2 0.985171 
153.3 0.985823 
153.4 0.986439 
153.5 0.987021 
153.6 0.987572 
153.7 0.988094 
153.8 0.988588 
153.9 0.989056 
154 0.9895 
154.1 0.989921 
154.2 0.990321 
154.3 0.990701 
154.4 0.991062 
154.5 0.991406 
154.6 0.991732 
154.7 0.992043 
154.8 0.992339 
154.9 0.992622 
155 0.992891 
155.1 0.993147 
155.2 0.993392 
155.3 0.993626 
155.4 0.99385 
155.5 0.994064 
155.6 0.994268 
155.7 0.994463 
155.8 0.99465 
155.9 0.994829 
156 0.995001 
156.1 0.995165 
156.2 0.995323 
156.3 0.995474 
156.4 0.995619 
156.5 0.995759 
156.6 0.995892 
156.7 0.996021 
156.8 0.996144 
156.9 0.996263 
157 0.996377 
157.1 0.996487 
157.2 0.996593 
157.3 0.996694 
157.4 0.996792 
157.5 0.996887 
157.6 0.996978 
157.7 0.997065 
157.8 0.99715 
157.9 0.997231 
158 0.99731 
158.1 0.997386 
158.2 0.99746 
158.3 0.99753 
158.4 0.997599 
158.5 0.997665 
158.6 0.997729 
158.7 0.997791 
158.8 0.99785 
158.9 0.997908 
159 0.997964 
159.1 0.998018 
159.2 0.998071 
159.3 0.998121 
159.4 0.998171 
159.5 0.998218 
159.6 0.998264 
159.7 0.998309 
159.8 0.998352 
159.9 0.998394 
160 0.998435 
160.1 0.998475 
160.2 0.998513 
160.3 0.99855 
160.4 0.998586 
160.5 0.998621 
160.6 0.998656 
160.7 0.998689 
160.8 0.998721 
160.9 0.998752 
161 0.998782 
161.1 0.998812 
161.2 0.998841 
161.3 0.998868 
161.4 0.998896 
161.5 0.998922 
161.6 0.998948 
161.7 0.998973 
161.8 0.998997 
161.9 0.999021 
162 0.999044 
162.1 0.999066 
162.2 0.999088 
162.3 0.999109 
162.4 0.99913 
162.5 0.99915 
162.6 0.99917 
162.7 0.999189 
162.8 0.999207 
162.9 0.999226 
163 0.999243 
163.1 0.999261 
163.2 0.999278 
163.3 0.999294 
163.4 0.99931 
163.5 0.999326 
163.6 0.999341 
163.7 0.999356 
163.8 0.999371 
163.9 0.999385 
164 0.999399 
164.1 0.999412 
164.2 0.999425 
164.3 0.999438 
164.4 0.999451 
164.5 0.999463 
164.6 0.999475 
164.7 0.999487 
164.8 0.999498 
164.9 0.99951 
165 0.999521 
165.1 0.999531 
165.2 0.999542 
165.3 0.999552 
165.4 0.999562 
165.5 0.999572 
165.6 0.999581 
165.7 0.999591 
165.8 0.9996 
165.9 0.999609 
166 0.999618 
166.1 0.999626 
166.2 0.999635 
166.3 0.999643 
166.4 0.999651 
166.5 0.999659 
166.6 0.999666 
166.7 0.999674 
166.8 0.999681 
166.9 0.999688 
167 0.999696 
167.1 0.999702 
167.2 0.999709 
167.3 0.999716 
167.4 0.999722 
167.5 0.999729 
167.6 0.999735 
167.7 0.999741 
167.8 0.999747 
167.9 0.999753 
168 0.999758 
168.1 0.999764 
168.2 0.99977 
168.3 0.999775 
168.4 0.99978 
168.5 0.999785 
168.6 0.99979 
168.7 0.999795 
168.8 0.9998 
168.9 0.999805 
169 0.99981 
169.1 0.999814 
169.2 0.999819 
169.3 0.999823 
169.4 0.999827 
169.5 0.999832 
169.6 0.999836 
169.7 0.99984 
169.8 0.999844 
169.9 0.999848 
170 0.999851 
170.1 0.999855 
170.2 0.999859 
170.3 0.999862 
170.4 0.999866 
170.5 0.999869 
170.6 0.999873 
170.7 0.999876 
170.8 0.999879 
170.9 0.999882 
171 0.999886 
171.1 0.999889 
171.2 0.999892 
171.3 0.999894 
171.4 0.999897 
171.5 0.9999 
171.6 0.999903 
171.7 0.999906 
171.8 0.999908 
171.9 0.999911 
172 0.999913 
172.1 0.999916 
172.2 0.999918 
172.3 0.999921 
172.4 0.999923 
172.5 0.999925 
172.6 0.999928 
172.7 0.99993 
172.8 0.999932 
172.9 0.999934 
173 0.999936 
173.1 0.999938 
173.2 0.99994 
173.3 0.999942 
173.4 0.999944 
173.5 0.999946 
173.6 0.999948 
173.7 0.99995 
173.8 0.999951 
173.9 0.999953 
174 0.999955 
174.1 0.999956 
174.2 0.999958 
174.3 0.999959 
174.4 0.999961 
174.5 0.999962 
174.6 0.999964 
174.7 0.999965 
174.8 0.999967 
174.9 0.999968 
175 0.999969 
175.1 0.999971 
175.2 0.999972 
175.3 0.999973 
175.4 0.999974 
175.5 0.999975 
175.6 0.999977 
175.7 0.999978 
175.8 0.999979 
175.9 0.99998 
176 0.999981 
176.1 0.999982 
176.2 0.999983 
176.3 0.999984 
176.4 0.999985 
176.5 0.999985 
176.6 0.999986 
176.7 0.999987 
176.8 0.999988 
176.9 0.999989 
177 0.999989 
177.1 0.99999 
177.2 0.999991 
177.3 0.999991 
177.4 0.999992 
177.5 0.999993 
177.6 0.999993 
177.7 0.999994 
177.8 0.999994 
177.9 0.999995 
178 0.999995 
178.1 0.999996 
178.2 0.999996 
178.3 0.999997 
178.4 0.999997 
178.5 0.999997 
178.6 0.999998 
178.7 0.999998 
178.8 0.999998 
178.9 0.999999 
179 0.999999 
179.1 0.999999 
179.2 0.999999 
179.3 0.999999 
179.4 1 
179.5 1 
179.6 1 
179.7 1 
179.8 1 
179.9 1 
