0.1 1 
0.2 1 
0.3 1 
0.4 1 
0.5 1 
0.6 1 
0.7 1 
0.8 1 
0.9 1 
1 1 
1.1 1 
1.2 1 
1.3 1 
1.4 1 
1.5 1 
1.6 1 
1.7 1 
1.8 1 
1.9 1 
2 1 
2.1 1 
2.2 1 
2.3 1 
2.4 1 
2.5 1 
2.6 1 
2.7 1 
2.8 1 
2.9 1 
3 1 
3.1 1 
3.2 1 
3.3 1 
3.4 1 
3.5 1 
3.6 1 
3.7 1 
3.8 1 
3.9 1 
4 1 
4.1 1 
4.2 1 
4.3 1 
4.4 1 
4.5 1 
4.6 1 
4.7 1 
4.8 1 
4.9 1 
5 1 
5.1 1 
5.2 1 
5.3 1 
5.4 1 
5.5 1 
5.6 1 
5.7 1 
5.8 1 
5.9 1 
6 1 
6.1 1 
6.2 1 
6.3 1 
6.4 1 
6.5 1 
6.6 1 
6.7 1 
6.8 1 
6.9 1 
7 1 
7.1 1 
7.2 1 
7.3 1 
7.4 1 
7.5 0.999999 
7.6 0.999999 
7.7 0.999999 
7.8 0.999999 
7.9 0.999999 
8 0.999999 
8.1 0.999999 
8.2 0.999999 
8.3 0.999999 
8.4 0.999999 
8.5 0.999999 
8.6 0.999999 
8.7 0.999999 
8.8 0.999999 
8.9 0.999999 
9 0.999999 
9.1 0.999999 
9.2 0.999999 
9.3 0.999999 
9.4 0.999999 
9.5 0.999999 
9.6 0.999999 
9.7 0.999998 
9.8 0.999998 
9.9 0.999998 
10 0.999998 
10.1 0.999998 
10.2 0.999998 
10.3 0.999998 
10.4 0.999998 
10.5 0.999998 
10.6 0.999998 
10.7 0.999998 
10.8 0.999997 
10.9 0.999997 
11 0.999997 
11.1 0.999997 
11.2 0.999997 
11.3 0.999997 
11.4 0.999997 
11.5 0.999997 
11.6 0.999996 
11.7 0.999996 
11.8 0.999996 
11.9 0.999996 
12 0.999996 
12.1 0.999996 
12.2 0.999995 
12.3 0.999995 
12.4 0.999995 
12.5 0.999995 
12.6 0.999995 
12.7 0.999994 
12.8 0.999994 
12.9 0.999994 
13 0.999994 
13.1 0.999993 
13.2 0.999993 
13.3 0.999993 
13.4 0.999992 
13.5 0.999992 
13.6 0.999992 
13.7 0.999992 
13.8 0.999991 
13.9 0.999991 
14 0.99999 
14.1 0.99999 
14.2 0.99999 
14.3 0.999989 
14.4 0.999989 
14.5 0.999988 
14.6 0.999988 
14.7 0.999987 
14.8 0.999987 
14.9 0.999987 
15 0.999986 
15.1 0.999985 
15.2 0.999985 
15.3 0.999984 
15.4 0.999984 
15.5 0.999983 
15.6 0.999983 
15.7 0.999982 
15.8 0.999981 
15.9 0.999981 
16 0.99998 
16.1 0.999979 
16.2 0.999979 
16.3 0.999978 
16.4 0.999977 
16.5 0.999976 
16.6 0.999976 
16.7 0.999975 
16.8 0.999974 
16.9 0.999973 
17 0.999972 
17.1 0.999971 
17.2 0.99997 
17.3 0.999969 
17.4 0.999969 
17.5 0.999968 
17.6 0.999966 
17.7 0.999965 
17.8 0.999964 
17.9 0.999963 
18 0.999962 
18.1 0.999961 
18.2 0.99996 
18.3 0.999958 
18.4 0.999957 
18.5 0.999956 
18.6 0.999955 
18.7 0.999953 
18.8 0.999952 
18.9 0.99995 
19 0.999949 
19.1 0.999947 
19.2 0.999946 
19.3 0.999944 
19.4 0.999943 
19.5 0.999941 
19.6 0.999939 
19.7 0.999937 
19.8 0.999936 
19.9 0.999934 
20 0.999932 
20.1 0.99993 
20.2 0.999928 
20.3 0.999927 
20.4 0.999925 
20.5 0.999923 
20.6 0.999921 
20.7 0.999919 
20.8 0.999917 
20.9 0.999915 
21 0.999912 
21.1 0.99991 
21.2 0.999908 
21.3 0.999906 
21.4 0.999904 
21.5 0.999901 
21.6 0.999899 
21.7 0.999897 
21.8 0.999894 
21.9 0.999892 
22 0.999889 
22.1 0.999887 
22.2 0.999884 
22.3 0.999882 
22.4 0.999879 
22.5 0.999876 
22.6 0.999873 
22.7 0.99987 
22.8 0.999867 
22.9 0.999864 
23 0.999861 
23.1 0.999858 
23.2 0.999855 
23.3 0.999852 
23.4 0.999849 
23.5 0.999845 
23.6 0.999842 
23.7 0.999839 
23.8 0.999835 
23.9 0.999832 
24 0.999828 
24.1 0.999824 
24.2 0.999821 
24.3 0.999817 
24.4 0.999813 
24.5 0.99981 
24.6 0.999806 
24.7 0.999802 
24.8 0.999798 
24.9 0.999794 
25 0.999791 
25.1 0.999787 
25.2 0.999783 
25.3 0.999779 
25.4 0.999775 
25.5 0.999771 
25.6 0.999767 
25.7 0.999762 
25.8 0.999758 
25.9 0.999754 
26 0.99975 
26.1 0.999745 
26.2 0.999741 
26.3 0.999737 
26.4 0.999732 
26.5 0.999728 
26.6 0.999723 
26.7 0.999718 
26.8 0.999713 
26.9 0.999708 
27 0.999703 
27.1 0.999698 
27.2 0.999693 
27.3 0.999688 
27.4 0.999683 
27.5 0.999677 
27.6 0.999672 
27.7 0.999666 
27.8 0.999661 
27.9 0.999655 
28 0.999649 
28.1 0.999644 
28.2 0.999638 
28.3 0.999632 
28.4 0.999626 
28.5 0.99962 
28.6 0.999614 
28.7 0.999608 
28.8 0.999601 
28.9 0.999595 
29 0.999589 
29.1 0.999583 
29.2 0.999576 
29.3 0.99957 
29.4 0.999563 
29.5 0.999557 
29.6 0.99955 
29.7 0.999544 
29.8 0.999537 
29.9 0.999531 
30 0.999524 
30.1 0.999517 
30.2 0.99951 
30.3 0.999503 
30.4 0.999496 
30.5 0.999489 
30.6 0.999482 
30.7 0.999475 
30.8 0.999467 
30.9 0.99946 
31 0.999452 
31.1 0.999445 
31.2 0.999437 
31.3 0.999429 
31.4 0.999421 
31.5 0.999413 
31.6 0.999405 
31.7 0.999397 
31.8 0.999388 
31.9 0.99938 
32 0.999371 
32.1 0.999362 
32.2 0.999353 
32.3 0.999344 
32.4 0.999335 
32.5 0.999326 
32.6 0.999317 
32.7 0.999307 
32.8 0.999298 
32.9 0.999288 
33 0.999279 
33.1 0.999269 
33.2 0.999259 
33.3 0.999249 
33.4 0.999239 
33.5 0.999229 
33.6 0.999218 
33.7 0.999208 
33.8 0.999198 
33.9 0.999187 
34 0.999177 
34.1 0.999166 
34.2 0.999155 
34.3 0.999144 
34.4 0.999133 
34.5 0.999122 
34.6 0.999111 
34.7 0.9991 
34.8 0.999088 
34.9 0.999077 
35 0.999065 
35.1 0.999053 
35.2 0.999041 
35.3 0.999029 
35.4 0.999017 
35.5 0.999004 
35.6 0.998992 
35.7 0.998979 
35.8 0.998966 
35.9 0.998953 
36 0.99894 
36.1 0.998926 
36.2 0.998913 
36.3 0.998899 
36.4 0.998885 
36.5 0.998871 
36.6 0.998857 
36.7 0.998842 
36.8 0.998828 
36.9 0.998813 
37 0.998798 
37.1 0.998783 
37.2 0.998767 
37.3 0.998752 
37.4 0.998736 
37.5 0.99872 
37.6 0.998704 
37.7 0.998688 
37.8 0.998672 
37.9 0.998655 
38 0.998638 
38.1 0.998622 
38.2 0.998605 
38.3 0.998587 
38.4 0.99857 
38.5 0.998552 
38.6 0.998534 
38.7 0.998516 
38.8 0.998498 
38.9 0.99848 
39 0.998461 
39.1 0.998442 
39.2 0.998423 
39.3 0.998404 
39.4 0.998384 
39.5 0.998365 
39.6 0.998344 
39.7 0.998324 
39.8 0.998304 
39.9 0.998283 
40 0.998262 
40.1 0.998241 
40.2 0.998219 
40.3 0.998197 
40.4 0.998175 
40.5 0.998153 
40.6 0.99813 
40.7 0.998108 
40.8 0.998085 
40.9 0.998061 
41 0.998038 
41.1 0.998014 
41.2 0.99799 
41.3 0.997965 
41.4 0.997941 
41.5 0.997916 
41.6 0.997891 
41.7 0.997866 
41.8 0.99784 
41.9 0.997814 
42 0.997788 
42.1 0.997762 
42.2 0.997735 
42.3 0.997708 
42.4 0.997681 
42.5 0.997653 
42.6 0.997625 
42.7 0.997597 
42.8 0.997569 
42.9 0.99754 
43 0.997511 
43.1 0.997481 
43.2 0.997451 
43.3 0.997421 
43.4 0.99739 
43.5 0.99736 
43.6 0.997328 
43.7 0.997297 
43.8 0.997264 
43.9 0.997232 
44 0.997199 
44.1 0.997166 
44.2 0.997132 
44.3 0.997098 
44.4 0.997064 
44.5 0.997029 
44.6 0.996994 
44.7 0.996959 
44.8 0.996923 
44.9 0.996887 
45 0.99685 
45.1 0.996813 
45.2 0.996776 
45.3 0.996739 
45.4 0.996701 
45.5 0.996663 
45.6 0.996625 
45.7 0.996586 
45.8 0.996548 
45.9 0.996509 
46 0.996469 
46.1 0.99643 
46.2 0.99639 
46.3 0.99635 
46.4 0.996309 
46.5 0.996269 
46.6 0.996228 
46.7 0.996187 
46.8 0.996146 
46.9 0.996104 
47 0.996062 
47.1 0.99602 
47.2 0.995977 
47.3 0.995934 
47.4 0.995891 
47.5 0.995847 
47.6 0.995803 
47.7 0.995759 
47.8 0.995714 
47.9 0.995669 
48 0.995623 
48.1 0.995578 
48.2 0.995531 
48.3 0.995485 
48.4 0.995437 
48.5 0.99539 
48.6 0.995342 
48.7 0.995294 
48.8 0.995245 
48.9 0.995196 
49 0.995147 
49.1 0.995098 
49.2 0.995048 
49.3 0.994998 
49.4 0.994948 
49.5 0.994897 
49.6 0.994847 
49.7 0.994796 
49.8 0.994746 
49.9 0.994695 
50 0.994644 
50.1 0.994593 
50.2 0.994542 
50.3 0.994492 
50.4 0.994441 
50.5 0.99439 
50.6 0.99434 
50.7 0.994289 
50.8 0.994239 
50.9 0.994189 
51 0.994139 
51.1 0.99409 
51.2 0.99404 
51.3 0.993991 
51.4 0.993941 
51.5 0.993892 
51.6 0.993843 
51.7 0.993794 
51.8 0.993746 
51.9 0.993697 
52 0.993649 
52.1 0.9936 
52.2 0.993552 
52.3 0.993504 
52.4 0.993455 
52.5 0.993407 
52.6 0.993359 
52.7 0.993311 
52.8 0.993263 
52.9 0.993216 
53 0.993168 
53.1 0.99312 
53.2 0.993073 
53.3 0.993025 
53.4 0.992978 
53.5 0.992931 
53.6 0.992884 
53.7 0.992837 
53.8 0.992791 
53.9 0.992745 
54 0.992699 
54.1 0.992654 
54.2 0.992609 
54.3 0.992564 
54.4 0.99252 
54.5 0.992477 
54.6 0.992433 
54.7 0.992391 
54.8 0.992349 
54.9 0.992308 
55 0.992267 
55.1 0.992227 
55.2 0.992187 
55.3 0.992149 
55.4 0.992111 
55.5 0.992073 
55.6 0.992037 
55.7 0.992001 
55.8 0.991965 
55.9 0.991931 
56 0.991897 
56.1 0.991863 
56.2 0.991831 
56.3 0.991799 
56.4 0.991767 
56.5 0.991736 
56.6 0.991706 
56.7 0.991676 
56.8 0.991647 
56.9 0.991619 
57 0.99159 
57.1 0.991563 
57.2 0.991536 
57.3 0.991509 
57.4 0.991483 
57.5 0.991457 
57.6 0.991431 
57.7 0.991406 
57.8 0.991382 
57.9 0.991358 
58 0.991334 
58.1 0.991311 
58.2 0.991288 
58.3 0.991266 
58.4 0.991244 
58.5 0.991223 
58.6 0.991202 
58.7 0.991182 
58.8 0.991162 
58.9 0.991142 
59 0.991123 
59.1 0.991105 
59.2 0.991087 
59.3 0.99107 
59.4 0.991053 
59.5 0.991036 
59.6 0.99102 
59.7 0.991005 
59.8 0.99099 
59.9 0.990975 
60 0.990961 
60.1 0.990947 
60.2 0.990934 
60.3 0.990921 
60.4 0.990909 
60.5 0.990896 
60.6 0.990885 
60.7 0.990873 
60.8 0.990862 
60.9 0.990851 
61 0.990841 
61.1 0.99083 
61.2 0.99082 
61.3 0.990811 
61.4 0.990801 
61.5 0.990792 
61.6 0.990782 
61.7 0.990773 
61.8 0.990764 
61.9 0.990756 
62 0.990747 
62.1 0.990739 
62.2 0.99073 
62.3 0.990722 
62.4 0.990714 
62.5 0.990706 
62.6 0.990698 
62.7 0.99069 
62.8 0.990683 
62.9 0.990675 
63 0.990668 
63.1 0.990661 
63.2 0.990654 
63.3 0.990647 
63.4 0.99064 
63.5 0.990633 
63.6 0.990626 
63.7 0.990619 
63.8 0.990613 
63.9 0.990606 
64 0.9906 
64.1 0.990593 
64.2 0.990587 
64.3 0.990581 
64.4 0.990574 
64.5 0.990568 
64.6 0.990561 
64.7 0.990555 
64.8 0.990548 
64.9 0.990541 
65 0.990534 
65.1 0.990527 
65.2 0.99052 
65.3 0.990513 
65.4 0.990505 
65.5 0.990497 
65.6 0.990489 
65.7 0.990481 
65.8 0.990472 
65.9 0.990463 
66 0.990454 
66.1 0.990444 
66.2 0.990435 
66.3 0.990424 
66.4 0.990414 
66.5 0.990403 
66.6 0.990392 
66.7 0.990381 
66.8 0.990369 
66.9 0.990357 
67 0.990344 
67.1 0.990332 
67.2 0.990319 
67.3 0.990305 
67.4 0.990292 
67.5 0.990278 
67.6 0.990264 
67.7 0.990249 
67.8 0.990235 
67.9 0.99022 
68 0.990205 
68.1 0.990189 
68.2 0.990174 
68.3 0.990158 
68.4 0.990142 
68.5 0.990126 
68.6 0.990109 
68.7 0.990093 
68.8 0.990076 
68.9 0.990058 
69 0.990041 
69.1 0.990023 
69.2 0.990005 
69.3 0.989987 
69.4 0.989968 
69.5 0.989949 
69.6 0.989929 
69.7 0.989909 
69.8 0.989889 
69.9 0.989868 
70 0.989847 
70.1 0.989825 
70.2 0.989803 
70.3 0.98978 
70.4 0.989757 
70.5 0.989733 
70.6 0.989708 
70.7 0.989683 
70.8 0.989657 
70.9 0.98963 
71 0.989603 
71.1 0.989574 
71.2 0.989546 
71.3 0.989516 
71.4 0.989485 
71.5 0.989454 
71.6 0.989422 
71.7 0.98939 
71.8 0.989356 
71.9 0.989322 
72 0.989287 
72.1 0.989251 
72.2 0.989215 
72.3 0.989177 
72.4 0.989139 
72.5 0.989101 
72.6 0.989061 
72.7 0.989021 
72.8 0.98898 
72.9 0.988939 
73 0.988896 
73.1 0.988853 
73.2 0.98881 
73.3 0.988766 
73.4 0.988721 
73.5 0.988675 
73.6 0.988629 
73.7 0.988582 
73.8 0.988535 
73.9 0.988487 
74 0.988438 
74.1 0.988388 
74.2 0.988338 
74.3 0.988287 
74.4 0.988236 
74.5 0.988183 
74.6 0.98813 
74.7 0.988076 
74.8 0.988021 
74.9 0.987966 
75 0.987909 
75.1 0.987851 
75.2 0.987793 
75.3 0.987733 
75.4 0.987673 
75.5 0.987611 
75.6 0.987548 
75.7 0.987484 
75.8 0.987419 
75.9 0.987352 
76 0.987284 
76.1 0.987215 
76.2 0.987144 
76.3 0.987072 
76.4 0.986999 
76.5 0.986924 
76.6 0.986847 
76.7 0.986768 
76.8 0.986689 
76.9 0.986607 
77 0.986524 
77.1 0.986439 
77.2 0.986352 
77.3 0.986264 
77.4 0.986173 
77.5 0.986081 
77.6 0.985988 
77.7 0.985892 
77.8 0.985794 
77.9 0.985695 
78 0.985594 
78.1 0.985491 
78.2 0.985386 
78.3 0.98528 
78.4 0.985171 
78.5 0.985061 
78.6 0.984948 
78.7 0.984834 
78.8 0.984718 
78.9 0.9846 
79 0.98448 
79.1 0.984358 
79.2 0.984234 
79.3 0.984108 
79.4 0.98398 
79.5 0.98385 
79.6 0.983718 
79.7 0.983583 
79.8 0.983447 
79.9 0.983308 
80 0.983167 
80.1 0.983023 
80.2 0.982877 
80.3 0.982728 
80.4 0.982577 
80.5 0.982423 
80.6 0.982266 
80.7 0.982107 
80.8 0.981944 
80.9 0.981778 
81 0.981609 
81.1 0.981437 
81.2 0.981261 
81.3 0.981082 
81.4 0.980899 
81.5 0.980712 
81.6 0.980521 
81.7 0.980326 
81.8 0.980127 
81.9 0.979924 
82 0.979716 
82.1 0.979503 
82.2 0.979286 
82.3 0.979063 
82.4 0.978836 
82.5 0.978604 
82.6 0.978366 
82.7 0.978122 
82.8 0.977873 
82.9 0.977618 
83 0.977358 
83.1 0.977091 
83.2 0.976818 
83.3 0.976538 
83.4 0.976253 
83.5 0.97596 
83.6 0.975661 
83.7 0.975354 
83.8 0.975041 
83.9 0.97472 
84 0.974392 
84.1 0.974057 
84.2 0.973713 
84.3 0.973362 
84.4 0.973003 
84.5 0.972635 
84.6 0.972259 
84.7 0.971874 
84.8 0.97148 
84.9 0.971077 
85 0.970664 
85.1 0.970242 
85.2 0.96981 
85.3 0.969368 
85.4 0.968916 
85.5 0.968452 
85.6 0.967978 
85.7 0.967491 
85.8 0.966993 
85.9 0.966483 
86 0.96596 
86.1 0.965424 
86.2 0.964875 
86.3 0.964311 
86.4 0.963733 
86.5 0.963139 
86.6 0.96253 
86.7 0.961904 
86.8 0.961261 
86.9 0.960601 
87 0.959922 
87.1 0.959224 
87.2 0.958506 
87.3 0.957768 
87.4 0.957008 
87.5 0.956225 
87.6 0.955419 
87.7 0.954589 
87.8 0.953733 
87.9 0.952851 
88 0.951941 
88.1 0.951003 
88.2 0.950035 
88.3 0.949036 
88.4 0.948004 
88.5 0.946939 
88.6 0.945839 
88.7 0.944703 
88.8 0.943529 
88.9 0.942315 
89 0.94106 
89.1 0.939763 
89.2 0.938422 
89.3 0.937034 
89.4 0.935598 
89.5 0.934113 
89.6 0.932576 
89.7 0.930985 
89.8 0.929338 
89.9 0.927633 
90 0.925868 
90.1 0.92404 
90.2 0.922147 
90.3 0.920186 
90.4 0.918156 
90.5 0.916052 
90.6 0.913872 
90.7 0.911614 
90.8 0.909275 
90.9 0.906851 
91 0.904339 
91.1 0.901736 
91.2 0.899039 
91.3 0.896245 
91.4 0.893349 
91.5 0.890349 
91.6 0.88724 
91.7 0.88402 
91.8 0.880684 
91.9 0.877229 
92 0.873651 
92.1 0.869947 
92.2 0.866113 
92.3 0.862146 
92.4 0.858043 
92.5 0.853801 
92.6 0.849417 
92.7 0.84489 
92.8 0.840217 
92.9 0.835398 
93 0.830432 
93.1 0.82532 
93.2 0.820064 
93.3 0.814665 
93.4 0.809128 
93.5 0.803458 
93.6 0.797663 
93.7 0.791751 
93.8 0.785733 
93.9 0.779623 
94 0.773437 
94.1 0.767193 
94.2 0.760913 
94.3 0.75462 
94.4 0.748343 
94.5 0.74211 
94.6 0.735957 
94.7 0.729919 
94.8 0.724035 
94.9 0.718346 
95 0.712895 
95.1 0.707728 
95.2 0.702888 
95.3 0.698422 
95.4 0.694372 
95.5 0.690781 
95.6 0.687687 
95.7 0.685127 
95.8 0.68313 
95.9 0.68172 
96 0.680917 
96.1 0.680731 
96.2 0.681167 
96.3 0.682221 
96.4 0.683883 
96.5 0.686134 
96.6 0.68895 
96.7 0.692302 
96.8 0.696154 
96.9 0.700466 
97 0.705197 
97.1 0.710301 
97.2 0.715733 
97.3 0.721446 
97.4 0.727394 
97.5 0.733534 
97.6 0.739824 
97.7 0.746221 
97.8 0.75269 
97.9 0.759196 
98 0.765707 
98.1 0.772195 
98.2 0.778635 
98.3 0.785006 
98.4 0.791288 
98.5 0.797465 
98.6 0.803523 
98.7 0.809452 
98.8 0.815243 
98.9 0.820888 
99 0.826382 
99.1 0.831722 
99.2 0.836906 
99.3 0.841932 
99.4 0.8468 
99.5 0.851512 
99.6 0.856069 
99.7 0.860473 
99.8 0.864726 
99.9 0.868833 
100 0.872796 
100.1 0.876619 
100.2 0.880306 
100.3 0.883861 
100.4 0.887288 
100.5 0.890591 
100.6 0.893775 
100.7 0.896843 
100.8 0.8998 
100.9 0.902649 
101 0.905395 
101.1 0.908042 
101.2 0.910592 
101.3 0.913051 
101.4 0.915421 
101.5 0.917706 
101.6 0.919909 
101.7 0.922034 
101.8 0.924083 
101.9 0.92606 
102 0.927967 
102.1 0.929807 
102.2 0.931583 
102.3 0.933297 
102.4 0.934953 
102.5 0.936551 
102.6 0.938095 
102.7 0.939586 
102.8 0.941027 
102.9 0.942419 
103 0.943766 
103.1 0.945067 
103.2 0.946325 
103.3 0.947543 
103.4 0.94872 
103.5 0.94986 
103.6 0.950962 
103.7 0.95203 
103.8 0.953064 
103.9 0.954065 
104 0.955034 
104.1 0.955974 
104.2 0.956884 
104.3 0.957767 
104.4 0.958622 
104.5 0.959452 
104.6 0.960257 
104.7 0.961038 
104.8 0.961796 
104.9 0.962531 
105 0.963245 
105.1 0.963938 
105.2 0.964612 
105.3 0.965266 
105.4 0.965901 
105.5 0.966519 
105.6 0.96712 
105.7 0.967704 
105.8 0.968271 
105.9 0.968824 
106 0.969361 
106.1 0.969884 
106.2 0.970393 
106.3 0.970889 
106.4 0.971371 
106.5 0.971841 
106.6 0.972299 
106.7 0.972745 
106.8 0.97318 
106.9 0.973604 
107 0.974017 
107.1 0.974419 
107.2 0.974812 
107.3 0.975195 
107.4 0.975569 
107.5 0.975934 
107.6 0.97629 
107.7 0.976637 
107.8 0.976976 
107.9 0.977307 
108 0.977631 
108.1 0.977946 
108.2 0.978255 
108.3 0.978556 
108.4 0.978851 
108.5 0.979139 
108.6 0.97942 
108.7 0.979695 
108.8 0.979964 
108.9 0.980226 
109 0.980483 
109.1 0.980735 
109.2 0.980981 
109.3 0.981221 
109.4 0.981456 
109.5 0.981686 
109.6 0.981912 
109.7 0.982132 
109.8 0.982348 
109.9 0.982559 
110 0.982766 
110.1 0.982968 
110.2 0.983166 
110.3 0.98336 
110.4 0.98355 
110.5 0.983736 
110.6 0.983918 
110.7 0.984097 
110.8 0.984271 
110.9 0.984443 
111 0.98461 
111.1 0.984775 
111.2 0.984936 
111.3 0.985094 
111.4 0.985248 
111.5 0.9854 
111.6 0.985548 
111.7 0.985694 
111.8 0.985837 
111.9 0.985977 
112 0.986114 
112.1 0.986248 
112.2 0.98638 
112.3 0.98651 
112.4 0.986636 
112.5 0.986761 
112.6 0.986883 
112.7 0.987002 
112.8 0.98712 
112.9 0.987235 
113 0.987348 
113.1 0.987459 
113.2 0.987567 
113.3 0.987674 
113.4 0.987779 
113.5 0.987881 
113.6 0.987982 
113.7 0.988081 
113.8 0.988178 
113.9 0.988273 
114 0.988367 
114.1 0.988458 
114.2 0.988548 
114.3 0.988637 
114.4 0.988723 
114.5 0.988808 
114.6 0.988892 
114.7 0.988974 
114.8 0.989055 
114.9 0.989134 
115 0.989211 
115.1 0.989287 
115.2 0.989362 
115.3 0.989435 
115.4 0.989507 
115.5 0.989578 
115.6 0.989647 
115.7 0.989715 
115.8 0.989782 
115.9 0.989848 
116 0.989912 
116.1 0.989975 
116.2 0.990037 
116.3 0.990098 
116.4 0.990158 
116.5 0.990216 
116.6 0.990274 
116.7 0.99033 
116.8 0.990385 
116.9 0.99044 
117 0.990493 
117.1 0.990545 
117.2 0.990596 
117.3 0.990646 
117.4 0.990696 
117.5 0.990744 
117.6 0.990791 
117.7 0.990838 
117.8 0.990883 
117.9 0.990928 
118 0.990971 
118.1 0.991014 
118.2 0.991056 
118.3 0.991097 
118.4 0.991137 
118.5 0.991176 
118.6 0.991215 
118.7 0.991252 
118.8 0.991289 
118.9 0.991325 
119 0.99136 
119.1 0.991395 
119.2 0.991428 
119.3 0.991461 
119.4 0.991493 
119.5 0.991525 
119.6 0.991555 
119.7 0.991585 
119.8 0.991614 
119.9 0.991643 
120 0.99167 
120.1 0.991697 
120.2 0.991724 
120.3 0.991749 
120.4 0.991774 
120.5 0.991798 
120.6 0.991822 
120.7 0.991845 
120.8 0.991867 
120.9 0.991888 
121 0.991909 
121.1 0.991929 
121.2 0.991949 
121.3 0.991968 
121.4 0.991986 
121.5 0.992003 
121.6 0.99202 
121.7 0.992037 
121.8 0.992052 
121.9 0.992067 
122 0.992082 
122.1 0.992096 
122.2 0.992109 
122.3 0.992121 
122.4 0.992133 
122.5 0.992144 
122.6 0.992155 
122.7 0.992165 
122.8 0.992175 
122.9 0.992183 
123 0.992192 
123.1 0.992199 
123.2 0.992206 
123.3 0.992213 
123.4 0.992218 
123.5 0.992224 
123.6 0.992228 
123.7 0.992232 
123.8 0.992235 
123.9 0.992238 
124 0.99224 
124.1 0.992242 
124.2 0.992242 
124.3 0.992243 
124.4 0.992242 
124.5 0.992241 
124.6 0.99224 
124.7 0.992237 
124.8 0.992234 
124.9 0.992231 
125 0.992226 
125.1 0.992222 
125.2 0.992216 
125.3 0.99221 
125.4 0.992203 
125.5 0.992196 
125.6 0.992187 
125.7 0.992179 
125.8 0.992169 
125.9 0.992159 
126 0.992148 
126.1 0.992136 
126.2 0.992124 
126.3 0.992111 
126.4 0.992097 
126.5 0.992083 
126.6 0.992068 
126.7 0.992052 
126.8 0.992035 
126.9 0.992018 
127 0.991999 
127.1 0.991981 
127.2 0.991961 
127.3 0.99194 
127.4 0.991919 
127.5 0.991897 
127.6 0.991874 
127.7 0.99185 
127.8 0.991825 
127.9 0.9918 
128 0.991774 
128.1 0.991746 
128.2 0.991718 
128.3 0.991689 
128.4 0.991659 
128.5 0.991628 
128.6 0.991596 
128.7 0.991563 
128.8 0.99153 
128.9 0.991495 
129 0.991459 
129.1 0.991422 
129.2 0.991384 
129.3 0.991345 
129.4 0.991305 
129.5 0.991264 
129.6 0.991221 
129.7 0.991178 
129.8 0.991133 
129.9 0.991087 
130 0.99104 
130.1 0.990991 
130.2 0.990942 
130.3 0.990891 
130.4 0.990838 
130.5 0.990784 
130.6 0.990729 
130.7 0.990673 
130.8 0.990615 
130.9 0.990555 
131 0.990494 
131.1 0.990431 
131.2 0.990367 
131.3 0.990301 
131.4 0.990234 
131.5 0.990164 
131.6 0.990093 
131.7 0.99002 
131.8 0.989946 
131.9 0.989869 
132 0.98979 
132.1 0.98971 
132.2 0.989627 
132.3 0.989542 
132.4 0.989455 
132.5 0.989366 
132.6 0.989274 
132.7 0.989181 
132.8 0.989084 
132.9 0.988985 
133 0.988884 
133.1 0.98878 
133.2 0.988673 
133.3 0.988564 
133.4 0.988452 
133.5 0.988336 
133.6 0.988218 
133.7 0.988097 
133.8 0.987972 
133.9 0.987844 
134 0.987712 
134.1 0.987577 
134.2 0.987439 
134.3 0.987296 
134.4 0.98715 
134.5 0.986999 
134.6 0.986845 
134.7 0.986686 
134.8 0.986523 
134.9 0.986355 
135 0.986182 
135.1 0.986005 
135.2 0.985822 
135.3 0.985634 
135.4 0.985441 
135.5 0.985242 
135.6 0.985037 
135.7 0.984826 
135.8 0.984609 
135.9 0.984385 
136 0.984155 
136.1 0.983918 
136.2 0.983673 
136.3 0.983421 
136.4 0.983161 
136.5 0.982893 
136.6 0.982617 
136.7 0.982331 
136.8 0.982037 
136.9 0.981733 
137 0.98142 
137.1 0.981096 
137.2 0.980761 
137.3 0.980416 
137.4 0.980059 
137.5 0.979689 
137.6 0.979308 
137.7 0.978913 
137.8 0.978504 
137.9 0.978082 
138 0.977644 
138.1 0.977192 
138.2 0.976723 
138.3 0.976237 
138.4 0.975734 
138.5 0.975212 
138.6 0.974672 
138.7 0.974111 
138.8 0.97353 
138.9 0.972927 
139 0.972302 
139.1 0.971652 
139.2 0.970978 
139.3 0.970279 
139.4 0.969552 
139.5 0.968797 
139.6 0.968014 
139.7 0.967199 
139.8 0.966353 
139.9 0.965474 
140 0.96456 
140.1 0.96361 
140.2 0.962623 
140.3 0.961598 
140.4 0.960532 
140.5 0.959425 
140.6 0.958276 
140.7 0.957082 
140.8 0.955842 
140.9 0.954556 
141 0.953222 
141.1 0.951839 
141.2 0.950407 
141.3 0.948925 
141.4 0.947393 
141.5 0.945811 
141.6 0.944178 
141.7 0.942498 
141.8 0.94077 
141.9 0.938997 
142 0.937182 
142.1 0.935328 
142.2 0.93344 
142.3 0.931525 
142.4 0.929588 
142.5 0.927637 
142.6 0.925683 
142.7 0.923734 
142.8 0.921805 
142.9 0.919907 
143 0.918055 
143.1 0.916266 
143.2 0.914557 
143.3 0.912945 
143.4 0.911449 
143.5 0.910087 
143.6 0.908878 
143.7 0.90784 
143.8 0.90699 
143.9 0.906341 
144 0.905908 
144.1 0.9057 
144.2 0.905724 
144.3 0.905984 
144.4 0.90648 
144.5 0.907209 
144.6 0.908164 
144.7 0.909335 
144.8 0.910707 
144.9 0.912267 
145 0.913995 
145.1 0.915873 
145.2 0.91788 
145.3 0.919996 
145.4 0.9222 
145.5 0.924471 
145.6 0.926791 
145.7 0.929142 
145.8 0.931507 
145.9 0.933871 
146 0.93622 
146.1 0.938544 
146.2 0.940832 
146.3 0.943075 
146.4 0.945267 
146.5 0.947401 
146.6 0.949474 
146.7 0.951482 
146.8 0.953423 
146.9 0.955295 
147 0.957098 
147.1 0.958832 
147.2 0.960497 
147.3 0.962094 
147.4 0.963625 
147.5 0.96509 
147.6 0.966493 
147.7 0.967834 
147.8 0.969115 
147.9 0.97034 
148 0.97151 
148.1 0.972627 
148.2 0.973693 
148.3 0.974711 
148.4 0.975683 
148.5 0.976611 
148.6 0.977497 
148.7 0.978342 
148.8 0.97915 
148.9 0.979921 
149 0.980657 
149.1 0.981361 
149.2 0.982033 
149.3 0.982676 
149.4 0.98329 
149.5 0.983878 
149.6 0.98444 
149.7 0.984978 
149.8 0.985492 
149.9 0.985985 
150 0.986457 
150.1 0.986909 
150.2 0.987342 
150.3 0.987757 
150.4 0.988155 
150.5 0.988537 
150.6 0.988903 
150.7 0.989255 
150.8 0.989593 
150.9 0.989917 
151 0.990229 
151.1 0.990528 
151.2 0.990816 
151.3 0.991093 
151.4 0.99136 
151.5 0.991616 
151.6 0.991863 
151.7 0.9921 
151.8 0.992329 
151.9 0.99255 
152 0.992762 
152.1 0.992967 
152.2 0.993165 
152.3 0.993355 
152.4 0.993539 
152.5 0.993717 
152.6 0.993888 
152.7 0.994054 
152.8 0.994214 
152.9 0.994368 
153 0.994518 
153.1 0.994662 
153.2 0.994802 
153.3 0.994937 
153.4 0.995068 
153.5 0.995194 
153.6 0.995317 
153.7 0.995435 
153.8 0.99555 
153.9 0.995662 
154 0.995769 
154.1 0.995874 
154.2 0.995975 
154.3 0.996074 
154.4 0.996169 
154.5 0.996261 
154.6 0.996351 
154.7 0.996438 
154.8 0.996523 
154.9 0.996605 
155 0.996684 
155.1 0.996762 
155.2 0.996837 
155.3 0.99691 
155.4 0.996981 
155.5 0.99705 
155.6 0.997117 
155.7 0.997183 
155.8 0.997246 
155.9 0.997308 
156 0.997368 
156.1 0.997427 
156.2 0.997483 
156.3 0.997539 
156.4 0.997593 
156.5 0.997645 
156.6 0.997697 
156.7 0.997747 
156.8 0.997795 
156.9 0.997842 
157 0.997889 
157.1 0.997934 
157.2 0.997978 
157.3 0.99802 
157.4 0.998062 
157.5 0.998103 
157.6 0.998142 
157.7 0.998181 
157.8 0.998219 
157.9 0.998256 
158 0.998292 
158.1 0.998327 
158.2 0.998361 
158.3 0.998395 
158.4 0.998427 
158.5 0.998459 
158.6 0.998491 
158.7 0.998521 
158.8 0.998551 
158.9 0.99858 
159 0.998609 
159.1 0.998636 
159.2 0.998664 
159.3 0.99869 
159.4 0.998716 
159.5 0.998742 
159.6 0.998766 
159.7 0.998791 
159.8 0.998815 
159.9 0.998838 
160 0.998861 
160.1 0.998883 
160.2 0.998905 
160.3 0.998926 
160.4 0.998947 
160.5 0.998967 
160.6 0.998987 
160.7 0.999007 
160.8 0.999026 
160.9 0.999045 
161 0.999063 
161.1 0.999081 
161.2 0.999099 
161.3 0.999116 
161.4 0.999133 
161.5 0.99915 
161.6 0.999166 
161.7 0.999182 
161.8 0.999198 
161.9 0.999213 
162 0.999228 
162.1 0.999243 
162.2 0.999257 
162.3 0.999272 
162.4 0.999286 
162.5 0.999299 
162.6 0.999312 
162.7 0.999326 
162.8 0.999338 
162.9 0.999351 
163 0.999363 
163.1 0.999376 
163.2 0.999387 
163.3 0.999399 
163.4 0.999411 
163.5 0.999422 
163.6 0.999433 
163.7 0.999444 
163.8 0.999454 
163.9 0.999465 
164 0.999475 
164.1 0.999485 
164.2 0.999495 
164.3 0.999505 
164.4 0.999514 
164.5 0.999523 
164.6 0.999533 
164.7 0.999542 
164.8 0.99955 
164.9 0.999559 
165 0.999568 
165.1 0.999576 
165.2 0.999584 
165.3 0.999592 
165.4 0.9996 
165.5 0.999608 
165.6 0.999616 
165.7 0.999623 
165.8 0.999631 
165.9 0.999638 
166 0.999645 
166.1 0.999652 
166.2 0.999659 
166.3 0.999666 
166.4 0.999672 
166.5 0.999679 
166.6 0.999685 
166.7 0.999692 
166.8 0.999698 
166.9 0.999704 
167 0.99971 
167.1 0.999716 
167.2 0.999722 
167.3 0.999727 
167.4 0.999733 
167.5 0.999739 
167.6 0.999744 
167.7 0.999749 
167.8 0.999755 
167.9 0.99976 
168 0.999765 
168.1 0.99977 
168.2 0.999775 
168.3 0.999779 
168.4 0.999784 
168.5 0.999789 
168.6 0.999793 
168.7 0.999798 
168.8 0.999802 
168.9 0.999807 
169 0.999811 
169.1 0.999815 
169.2 0.999819 
169.3 0.999823 
169.4 0.999827 
169.5 0.999831 
169.6 0.999835 
169.7 0.999839 
169.8 0.999843 
169.9 0.999846 
170 0.99985 
170.1 0.999853 
170.2 0.999857 
170.3 0.99986 
170.4 0.999864 
170.5 0.999867 
170.6 0.99987 
170.7 0.999873 
170.8 0.999876 
170.9 0.999879 
171 0.999883 
171.1 0.999885 
171.2 0.999888 
171.3 0.999891 
171.4 0.999894 
171.5 0.999897 
171.6 0.9999 
171.7 0.999902 
171.8 0.999905 
171.9 0.999907 
172 0.99991 
172.1 0.999912 
172.2 0.999915 
172.3 0.999917 
172.4 0.99992 
172.5 0.999922 
172.6 0.999924 
172.7 0.999927 
172.8 0.999929 
172.9 0.999931 
173 0.999933 
173.1 0.999935 
173.2 0.999937 
173.3 0.999939 
173.4 0.999941 
173.5 0.999943 
173.6 0.999945 
173.7 0.999947 
173.8 0.999948 
173.9 0.99995 
174 0.999952 
174.1 0.999954 
174.2 0.999955 
174.3 0.999957 
174.4 0.999958 
174.5 0.99996 
174.6 0.999961 
174.7 0.999963 
174.8 0.999964 
174.9 0.999966 
175 0.999967 
175.1 0.999969 
175.2 0.99997 
175.3 0.999971 
175.4 0.999972 
175.5 0.999974 
175.6 0.999975 
175.7 0.999976 
175.8 0.999977 
175.9 0.999978 
176 0.999979 
176.1 0.99998 
176.2 0.999981 
176.3 0.999982 
176.4 0.999983 
176.5 0.999984 
176.6 0.999985 
176.7 0.999986 
176.8 0.999987 
176.9 0.999988 
177 0.999989 
177.1 0.999989 
177.2 0.99999 
177.3 0.999991 
177.4 0.999991 
177.5 0.999992 
177.6 0.999993 
177.7 0.999993 
177.8 0.999994 
177.9 0.999994 
178 0.999995 
178.1 0.999995 
178.2 0.999996 
178.3 0.999996 
178.4 0.999997 
178.5 0.999997 
178.6 0.999998 
178.7 0.999998 
178.8 0.999998 
178.9 0.999998 
179 0.999999 
179.1 0.999999 
179.2 0.999999 
179.3 0.999999 
179.4 1 
179.5 1 
179.6 1 
179.7 1 
179.8 1 
179.9 1 
