0.1 -2.10811e-05 
0.2 -4.19643e-05 
0.3 -6.24533e-05 
0.4 -8.23562e-05 
0.5 -0.000101487 
0.6 -0.000119667 
0.7 -0.000136729 
0.8 -0.000152517 
0.9 -0.000166887 
1 -0.000179714 
1.1 -0.000190887 
1.2 -0.000200319 
1.3 -0.000207939 
1.4 -0.000213702 
1.5 -0.000217584 
1.6 -0.000219589 
1.7 -0.000219744 
1.8 -0.000218104 
1.9 -0.000214748 
2 -0.000209782 
2.1 -0.000203339 
2.2 -0.000195573 
2.3 -0.000186662 
2.4 -0.000176804 
2.5 -0.000166215 
2.6 -0.000155125 
2.7 -0.000143777 
2.8 -0.000132418 
2.9 -0.000121301 
3 -0.000110678 
3.1 -0.000100795 
3.2 -9.18909e-05 
3.3 -8.41892e-05 
3.4 -7.78973e-05 
3.5 -7.32022e-05 
3.6 -7.0267e-05 
3.7 -6.92291e-05 
3.8 -7.01975e-05 
3.9 -7.3252e-05 
4 -7.84422e-05 
4.1 -8.57871e-05 
4.2 -9.52758e-05 
4.3 -0.000106868 
4.4 -0.000120497 
4.5 -0.000136069 
4.6 -0.000153469 
4.7 -0.000172558 
4.8 -0.000193183 
4.9 -0.000215175 
5 -0.000238355 
5.1 -0.000262535 
5.2 -0.000287526 
5.3 -0.000313136 
5.4 -0.000339176 
5.5 -0.000365467 
5.6 -0.000391836 
5.7 -0.000418124 
5.8 -0.000444189 
5.9 -0.000469903 
6 -0.000495163 
6.1 -0.000519884 
6.2 -0.000544005 
6.3 -0.000567491 
6.4 -0.000590327 
6.5 -0.000612528 
6.6 -0.000634129 
6.7 -0.00065519 
6.8 -0.000675792 
6.9 -0.000696037 
7 -0.000716043 
7.1 -0.000735946 
7.2 -0.000755891 
7.3 -0.000776036 
7.4 -0.000796543 
7.5 -0.000817577 
7.6 -0.000839302 
7.7 -0.000861881 
7.8 -0.000885465 
7.9 -0.000910201 
8 -0.000936217 
8.1 -0.000963631 
8.2 -0.000992542 
8.3 -0.00102303 
8.4 -0.00105516 
8.5 -0.00108896 
8.6 -0.00112447 
8.7 -0.00116167 
8.8 -0.00120056 
8.9 -0.0012411 
9 -0.00128323 
9.1 -0.00132688 
9.2 -0.00137198 
9.3 -0.00141843 
9.4 -0.00146614 
9.5 -0.001515 
9.6 -0.0015649 
9.7 -0.00161573 
9.8 -0.0016674 
9.9 -0.00171978 
10 -0.0017728 
10.1 -0.00182636 
10.2 -0.00188039 
10.3 -0.0019348 
10.4 -0.00198956 
10.5 -0.00204463 
10.6 -0.00209996 
10.7 -0.00215555 
10.8 -0.00221141 
10.9 -0.00226754 
11 -0.00232396 
11.1 -0.00238073 
11.2 -0.00243787 
11.3 -0.00249545 
11.4 -0.00255353 
11.5 -0.00261215 
11.6 -0.0026714 
11.7 -0.00273132 
11.8 -0.00279197 
11.9 -0.0028534 
12 -0.00291565 
12.1 -0.00297875 
12.2 -0.00304272 
12.3 -0.00310755 
12.4 -0.00317324 
12.5 -0.00323976 
12.6 -0.00330707 
12.7 -0.00337511 
12.8 -0.00344382 
12.9 -0.0035131 
13 -0.00358288 
13.1 -0.00365305 
13.2 -0.0037235 
13.3 -0.00379412 
13.4 -0.0038648 
13.5 -0.00393543 
13.6 -0.0040059 
13.7 -0.0040761 
13.8 -0.00414594 
13.9 -0.00421533 
14 -0.00428418 
14.1 -0.00435244 
14.2 -0.00442005 
14.3 -0.00448697 
14.4 -0.00455316 
14.5 -0.0046186 
14.6 -0.00468331 
14.7 -0.00474726 
14.8 -0.00481049 
14.9 -0.00487302 
15 -0.00493486 
15.1 -0.00499606 
15.2 -0.00505665 
15.3 -0.00511665 
15.4 -0.00517609 
15.5 -0.005235 
15.6 -0.00529339 
15.7 -0.00535125 
15.8 -0.00540858 
15.9 -0.00546534 
16 -0.00552148 
16.1 -0.00557694 
16.2 -0.00563163 
16.3 -0.00568544 
16.4 -0.00573822 
16.5 -0.00578984 
16.6 -0.00584012 
16.7 -0.00588887 
16.8 -0.00593587 
16.9 -0.0059809 
17 -0.00602374 
17.1 -0.00606413 
17.2 -0.00610184 
17.3 -0.00613662 
17.4 -0.00616821 
17.5 -0.0061964 
17.6 -0.00622096 
17.7 -0.00624167 
17.8 -0.00625836 
17.9 -0.00627085 
18 -0.006279 
18.1 -0.00628269 
18.2 -0.00628185 
18.3 -0.00627641 
18.4 -0.00626634 
18.5 -0.00625166 
18.6 -0.00623239 
18.7 -0.00620859 
18.8 -0.00618035 
18.9 -0.00614778 
19 -0.00611101 
19.1 -0.00607019 
19.2 -0.00602548 
19.3 -0.00597704 
19.4 -0.00592505 
19.5 -0.00586967 
19.6 -0.00581107 
19.7 -0.00574941 
19.8 -0.00568482 
19.9 -0.00561741 
20 -0.00554728 
20.1 -0.0054745 
20.2 -0.0053991 
20.3 -0.00532107 
20.4 -0.00524037 
20.5 -0.00515694 
20.6 -0.00507065 
20.7 -0.00498136 
20.8 -0.00488889 
20.9 -0.00479301 
21 -0.00469348 
21.1 -0.00459002 
21.2 -0.00448234 
21.3 -0.00437012 
21.4 -0.00425304 
21.5 -0.00413077 
21.6 -0.00400298 
21.7 -0.00386936 
21.8 -0.0037296 
21.9 -0.00358341 
22 -0.00343055 
22.1 -0.00327078 
22.2 -0.00310392 
22.3 -0.00292981 
22.4 -0.00274837 
22.5 -0.00255954 
22.6 -0.00236331 
22.7 -0.00215974 
22.8 -0.00194893 
22.9 -0.00173103 
23 -0.00150625 
23.1 -0.00127482 
23.2 -0.00103706 
23.3 -0.000793271 
23.4 -0.000543833 
23.5 -0.000289129 
23.6 -2.95669e-05 
23.7 0.000234433 
23.8 0.000502446 
23.9 0.000774051 
24 0.00104884 
24.1 0.00132642 
24.2 0.00160643 
24.3 0.00188854 
24.4 0.00217246 
24.5 0.00245795 
24.6 0.00274482 
24.7 0.00303294 
24.8 0.00332222 
24.9 0.00361264 
25 0.00390424 
25.1 0.00419712 
25.2 0.00449142 
25.3 0.00478734 
25.4 0.00508514 
25.5 0.0053851 
25.6 0.00568754 
25.7 0.0059928 
25.8 0.00630125 
25.9 0.00661326 
26 0.0069292 
26.1 0.00724944 
26.2 0.00757433 
26.3 0.00790418 
26.4 0.00823929 
26.5 0.00857991 
26.6 0.00892623 
26.7 0.0092784 
26.8 0.00963653 
26.9 0.0100006 
27 0.0103707 
27.1 0.0107466 
27.2 0.0111282 
27.3 0.0115153 
27.4 0.0119076 
27.5 0.0123048 
27.6 0.0127065 
27.7 0.0131122 
27.8 0.0135216 
27.9 0.013934 
28 0.0143491 
28.1 0.0147663 
28.2 0.015185 
28.3 0.0156048 
28.4 0.0160251 
28.5 0.0164455 
28.6 0.0168655 
28.7 0.0172848 
28.8 0.0177029 
28.9 0.0181196 
29 0.0185347 
29.1 0.0189479 
29.2 0.0193591 
29.3 0.0197683 
29.4 0.0201754 
29.5 0.0205806 
29.6 0.020984 
29.7 0.0213857 
29.8 0.0217859 
29.9 0.022185 
30 0.0225832 
30.1 0.0229808 
30.2 0.0233782 
30.3 0.0237757 
30.4 0.0241737 
30.5 0.0245724 
30.6 0.0249723 
30.7 0.0253736 
30.8 0.0257766 
30.9 0.0261815 
31 0.0265885 
31.1 0.0269977 
31.2 0.0274092 
31.3 0.0278231 
31.4 0.0282393 
31.5 0.0286577 
31.6 0.0290782 
31.7 0.0295007 
31.8 0.0299248 
31.9 0.0303503 
32 0.030777 
32.1 0.0312043 
32.2 0.0316321 
32.3 0.0320597 
32.4 0.032487 
32.5 0.0329133 
32.6 0.0333384 
32.7 0.0337618 
32.8 0.0341832 
32.9 0.0346021 
33 0.0350182 
33.1 0.0354313 
33.2 0.0358411 
33.3 0.0362474 
33.4 0.0366499 
33.5 0.0370486 
33.6 0.0374434 
33.7 0.0378341 
33.8 0.0382209 
33.9 0.0386038 
34 0.0389828 
34.1 0.039358 
34.2 0.0397296 
34.3 0.0400976 
34.4 0.0404623 
34.5 0.0408238 
34.6 0.0411823 
34.7 0.0415379 
34.8 0.0418909 
34.9 0.0422412 
35 0.0425892 
35.1 0.0429347 
35.2 0.043278 
35.3 0.043619 
35.4 0.0439578 
35.5 0.0442943 
35.6 0.0446285 
35.7 0.0449602 
35.8 0.0452894 
35.9 0.0456158 
36 0.0459393 
36.1 0.0462596 
36.2 0.0465765 
36.3 0.0468898 
36.4 0.0471992 
36.5 0.0475045 
36.6 0.0478053 
36.7 0.0481013 
36.8 0.0483924 
36.9 0.0486784 
37 0.0489588 
37.1 0.0492337 
37.2 0.0495027 
37.3 0.0497658 
37.4 0.0500228 
37.5 0.0502736 
37.6 0.0505182 
37.7 0.0507566 
37.8 0.0509887 
37.9 0.0512146 
38 0.0514344 
38.1 0.051648 
38.2 0.0518555 
38.3 0.0520571 
38.4 0.0522527 
38.5 0.0524426 
38.6 0.0526266 
38.7 0.052805 
38.8 0.0529776 
38.9 0.0531446 
39 0.0533059 
39.1 0.0534614 
39.2 0.053611 
39.3 0.0537546 
39.4 0.053892 
39.5 0.054023 
39.6 0.0541474 
39.7 0.0542649 
39.8 0.0543751 
39.9 0.0544778 
40 0.0545725 
40.1 0.0546588 
40.2 0.0547364 
40.3 0.0548048 
40.4 0.0548635 
40.5 0.0549123 
40.6 0.0549506 
40.7 0.054978 
40.8 0.0549943 
40.9 0.054999 
41 0.0549918 
41.1 0.0549724 
41.2 0.0549407 
41.3 0.0548964 
41.4 0.0548395 
41.5 0.0547698 
41.6 0.0546872 
41.7 0.0545919 
41.8 0.0544839 
41.9 0.0543632 
42 0.0542301 
42.1 0.0540847 
42.2 0.0539273 
42.3 0.053758 
42.4 0.0535772 
42.5 0.053385 
42.6 0.0531817 
42.7 0.0529676 
42.8 0.0527429 
42.9 0.0525078 
43 0.0522623 
43.1 0.0520067 
43.2 0.051741 
43.3 0.0514652 
43.4 0.0511793 
43.5 0.050883 
43.6 0.0505764 
43.7 0.050259 
43.8 0.0499307 
43.9 0.0495909 
44 0.0492394 
44.1 0.0488756 
44.2 0.048499 
44.3 0.048109 
44.4 0.047705 
44.5 0.0472863 
44.6 0.0468524 
44.7 0.0464025 
44.8 0.0459361 
44.9 0.0454524 
45 0.0449508 
45.1 0.0444308 
45.2 0.0438918 
45.3 0.0433333 
45.4 0.042755 
45.5 0.0421563 
45.6 0.0415372 
45.7 0.0408972 
45.8 0.0402363 
45.9 0.0395544 
46 0.0388516 
46.1 0.0381279 
46.2 0.0373835 
46.3 0.0366187 
46.4 0.0358337 
46.5 0.035029 
46.6 0.0342048 
46.7 0.0333618 
46.8 0.0325003 
46.9 0.0316208 
47 0.0307239 
47.1 0.0298101 
47.2 0.0288798 
47.3 0.0279336 
47.4 0.0269718 
47.5 0.025995 
47.6 0.0250033 
47.7 0.0239973 
47.8 0.022977 
47.9 0.0219427 
48 0.0208945 
48.1 0.0198325 
48.2 0.0187566 
48.3 0.0176669 
48.4 0.0165631 
48.5 0.0154452 
48.6 0.0143129 
48.7 0.0131659 
48.8 0.012004 
48.9 0.0108269 
49 0.00963413 
49.1 0.0084255 
49.2 0.00720064 
49.3 0.00595926 
49.4 0.00470109 
49.5 0.00342587 
49.6 0.00213342 
49.7 0.000823592 
49.8 -0.000503692 
49.9 -0.00184845 
50 -0.00321062 
50.1 -0.00459009 
50.2 -0.00598663 
50.3 -0.00739998 
50.4 -0.00882976 
50.5 -0.0102755 
50.6 -0.0117368 
50.7 -0.013213 
50.8 -0.0147035 
50.9 -0.0162075 
51 -0.0177244 
51.1 -0.0192534 
51.2 -0.0207936 
51.3 -0.0223443 
51.4 -0.0239045 
51.5 -0.0254734 
51.6 -0.0270502 
51.7 -0.028634 
51.8 -0.0302239 
51.9 -0.0318192 
52 -0.0334191 
52.1 -0.0350228 
52.2 -0.0366296 
52.3 -0.0382387 
52.4 -0.0398497 
52.5 -0.0414618 
52.6 -0.0430745 
52.7 -0.0446873 
52.8 -0.0462996 
52.9 -0.0479109 
53 -0.0495209 
53.1 -0.0511291 
53.2 -0.0527351 
53.3 -0.0543384 
53.4 -0.0559388 
53.5 -0.0575357 
53.6 -0.0591289 
53.7 -0.0607178 
53.8 -0.0623022 
53.9 -0.0638815 
54 -0.0654553 
54.1 -0.0670233 
54.2 -0.0685847 
54.3 -0.0701393 
54.4 -0.0716863 
54.5 -0.0732253 
54.6 -0.0747557 
54.7 -0.0762769 
54.8 -0.0777883 
54.9 -0.0792891 
55 -0.0807789 
55.1 -0.0822569 
55.2 -0.0837224 
55.3 -0.0851749 
55.4 -0.0866137 
55.5 -0.088038 
55.6 -0.0894473 
55.7 -0.090841 
55.8 -0.0922185 
55.9 -0.0935792 
56 -0.0949225 
56.1 -0.096248 
56.2 -0.0975551 
56.3 -0.0988434 
56.4 -0.100112 
56.5 -0.101362 
56.6 -0.102591 
56.7 -0.1038 
56.8 -0.104988 
56.9 -0.106156 
57 -0.107302 
57.1 -0.108426 
57.2 -0.109529 
57.3 -0.11061 
57.4 -0.111669 
57.5 -0.112706 
57.6 -0.11372 
57.7 -0.114712 
57.8 -0.115681 
57.9 -0.116627 
58 -0.117551 
58.1 -0.118451 
58.2 -0.119329 
58.3 -0.120183 
58.4 -0.121014 
58.5 -0.121822 
58.6 -0.122606 
58.7 -0.123367 
58.8 -0.124104 
58.9 -0.124818 
59 -0.125509 
59.1 -0.126175 
59.2 -0.126818 
59.3 -0.127438 
59.4 -0.128034 
59.5 -0.128606 
59.6 -0.129155 
59.7 -0.129681 
59.8 -0.130183 
59.9 -0.130662 
60 -0.131118 
60.1 -0.131551 
60.2 -0.131961 
60.3 -0.132348 
60.4 -0.132713 
60.5 -0.133056 
60.6 -0.133377 
60.7 -0.133676 
60.8 -0.133953 
60.9 -0.134209 
61 -0.134444 
61.1 -0.134659 
61.2 -0.134852 
61.3 -0.135025 
61.4 -0.135178 
61.5 -0.135312 
61.6 -0.135425 
61.7 -0.13552 
61.8 -0.135595 
61.9 -0.135652 
62 -0.13569 
62.1 -0.135709 
62.2 -0.135711 
62.3 -0.135694 
62.4 -0.13566 
62.5 -0.135609 
62.6 -0.13554 
62.7 -0.135454 
62.8 -0.135352 
62.9 -0.135233 
63 -0.135097 
63.1 -0.134946 
63.2 -0.134779 
63.3 -0.134596 
63.4 -0.134397 
63.5 -0.134184 
63.6 -0.133956 
63.7 -0.133713 
63.8 -0.133456 
63.9 -0.133185 
64 -0.132899 
64.1 -0.132601 
64.2 -0.132289 
64.3 -0.131964 
64.4 -0.131627 
64.5 -0.131277 
64.6 -0.130915 
64.7 -0.130542 
64.8 -0.130157 
64.9 -0.129761 
65 -0.129354 
65.1 -0.128936 
65.2 -0.128508 
65.3 -0.12807 
65.4 -0.127623 
65.5 -0.127166 
65.6 -0.1267 
65.7 -0.126225 
65.8 -0.125741 
65.9 -0.125248 
66 -0.124747 
66.1 -0.124239 
66.2 -0.123722 
66.3 -0.123197 
66.4 -0.122665 
66.5 -0.122126 
66.6 -0.121579 
66.7 -0.121025 
66.8 -0.120464 
66.9 -0.119896 
67 -0.119321 
67.1 -0.118739 
67.2 -0.118151 
67.3 -0.117556 
67.4 -0.116955 
67.5 -0.116347 
67.6 -0.115733 
67.7 -0.115113 
67.8 -0.114486 
67.9 -0.113854 
68 -0.113216 
68.1 -0.112571 
68.2 -0.111921 
68.3 -0.111266 
68.4 -0.110605 
68.5 -0.109938 
68.6 -0.109266 
68.7 -0.108589 
68.8 -0.107907 
68.9 -0.10722 
69 -0.106528 
69.1 -0.105831 
69.2 -0.10513 
69.3 -0.104425 
69.4 -0.103715 
69.5 -0.103001 
69.6 -0.102283 
69.7 -0.101562 
69.8 -0.100836 
69.9 -0.100108 
70 -0.0993752 
70.1 -0.0986394 
70.2 -0.0979004 
70.3 -0.0971583 
70.4 -0.0964131 
70.5 -0.0956649 
70.6 -0.0949139 
70.7 -0.09416 
70.8 -0.0934034 
70.9 -0.092644 
71 -0.091882 
71.1 -0.0911173 
71.2 -0.09035 
71.3 -0.0895801 
71.4 -0.0888075 
71.5 -0.0880324 
71.6 -0.0872547 
71.7 -0.0864744 
71.8 -0.0856914 
71.9 -0.0849058 
72 -0.0841175 
72.1 -0.0833266 
72.2 -0.0825329 
72.3 -0.0817365 
72.4 -0.0809373 
72.5 -0.0801353 
72.6 -0.0793305 
72.7 -0.0785228 
72.8 -0.0777122 
72.9 -0.0768987 
73 -0.0760823 
73.1 -0.075263 
73.2 -0.0744407 
73.3 -0.0736154 
73.4 -0.0727872 
73.5 -0.0719559 
73.6 -0.0711217 
73.7 -0.0702844 
73.8 -0.0694442 
73.9 -0.0686009 
74 -0.0677546 
74.1 -0.0669053 
74.2 -0.066053 
74.3 -0.0651977 
74.4 -0.0643393 
74.5 -0.0634778 
74.6 -0.0626134 
74.7 -0.0617458 
74.8 -0.0608751 
74.9 -0.0600013 
75 -0.0591244 
75.1 -0.0582443 
75.2 -0.0573609 
75.3 -0.0564742 
75.4 -0.0555842 
75.5 -0.0546908 
75.6 -0.0537939 
75.7 -0.0528935 
75.8 -0.0519894 
75.9 -0.0510816 
76 -0.05017 
76.1 -0.0492544 
76.2 -0.0483349 
76.3 -0.0474112 
76.4 -0.0464833 
76.5 -0.0455511 
76.6 -0.0446143 
76.7 -0.043673 
76.8 -0.042727 
76.9 -0.0417762 
77 -0.0408204 
77.1 -0.0398595 
77.2 -0.0388935 
77.3 -0.0379221 
77.4 -0.0369453 
77.5 -0.035963 
77.6 -0.034975 
77.7 -0.0339813 
77.8 -0.0329817 
77.9 -0.0319761 
78 -0.0309644 
78.1 -0.0299465 
78.2 -0.0289224 
78.3 -0.0278919 
78.4 -0.0268549 
78.5 -0.0258113 
78.6 -0.0247611 
78.7 -0.0237041 
78.8 -0.0226403 
78.9 -0.0215695 
79 -0.0204916 
79.1 -0.0194065 
79.2 -0.0183141 
79.3 -0.0172143 
79.4 -0.016107 
79.5 -0.014992 
79.6 -0.0138691 
79.7 -0.0127383 
79.8 -0.0115994 
79.9 -0.0104521 
80 -0.00929623 
80.1 -0.00813168 
80.2 -0.0069582 
80.3 -0.00577553 
80.4 -0.00458345 
80.5 -0.00338168 
80.6 -0.00216995 
80.7 -0.000947966 
80.8 0.000284581 
80.9 0.00152801 
81 0.00278267 
81.1 0.00404889 
81.2 0.00532706 
81.3 0.00661755 
81.4 0.00792075 
81.5 0.00923707 
81.6 0.0105669 
81.7 0.0119107 
81.8 0.0132689 
81.9 0.0146419 
82 0.0160302 
82.1 0.0174343 
82.2 0.0188546 
82.3 0.0202915 
82.4 0.0217456 
82.5 0.0232173 
82.6 0.0247071 
82.7 0.0262155 
82.8 0.0277429 
82.9 0.0292899 
83 0.030857 
83.1 0.0324445 
83.2 0.0340531 
83.3 0.0356831 
83.4 0.0373352 
83.5 0.0390097 
83.6 0.0407071 
83.7 0.0424281 
83.8 0.0441729 
83.9 0.0459423 
84 0.0477367 
84.1 0.0495566 
84.2 0.0514025 
84.3 0.0532751 
84.4 0.0551748 
84.5 0.0571023 
84.6 0.0590581 
84.7 0.061043 
84.8 0.0630575 
84.9 0.0651023 
85 0.0671781 
85.1 0.0692857 
85.2 0.0714259 
85.3 0.0735994 
85.4 0.0758072 
85.5 0.0780501 
85.6 0.0803291 
85.7 0.0826452 
85.8 0.0849995 
85.9 0.0873931 
86 0.0898271 
86.1 0.0923028 
86.2 0.0948216 
86.3 0.0973846 
86.4 0.0999935 
86.5 0.10265 
86.6 0.105355 
86.7 0.10811 
86.8 0.110918 
86.9 0.11378 
87 0.116698 
87.1 0.119673 
87.2 0.122709 
87.3 0.125806 
87.4 0.128968 
87.5 0.132196 
87.6 0.135494 
87.7 0.138862 
87.8 0.142304 
87.9 0.145823 
88 0.14942 
88.1 0.153099 
88.2 0.156863 
88.3 0.160715 
88.4 0.164657 
88.5 0.168692 
88.6 0.172825 
88.7 0.177057 
88.8 0.181392 
88.9 0.185834 
89 0.190386 
89.1 0.195052 
89.2 0.199834 
89.3 0.204737 
89.4 0.209765 
89.5 0.214921 
89.6 0.220209 
89.7 0.225633 
89.8 0.231197 
89.9 0.236905 
90 0.24276 
90.1 0.248768 
90.2 0.254932 
90.3 0.261257 
90.4 0.267746 
90.5 0.274403 
90.6 0.281234 
90.7 0.288241 
90.8 0.29543 
90.9 0.302803 
91 0.310366 
91.1 0.318121 
91.2 0.326073 
91.3 0.334224 
91.4 0.342579 
91.5 0.351139 
91.6 0.359908 
91.7 0.368886 
91.8 0.378077 
91.9 0.38748 
92 0.397096 
92.1 0.406923 
92.2 0.416961 
92.3 0.427205 
92.4 0.437653 
92.5 0.448297 
92.6 0.45913 
92.7 0.470144 
92.8 0.481325 
92.9 0.49266 
93 0.504131 
93.1 0.515719 
93.2 0.527399 
93.3 0.539145 
93.4 0.550924 
93.5 0.562701 
93.6 0.574434 
93.7 0.586078 
93.8 0.597582 
93.9 0.608888 
94 0.619933 
94.1 0.63065 
94.2 0.640963 
94.3 0.650792 
94.4 0.660054 
94.5 0.668657 
94.6 0.676508 
94.7 0.683511 
94.8 0.689569 
94.9 0.694582 
95 0.698454 
95.1 0.701094 
95.2 0.702413 
95.3 0.702333 
95.4 0.700785 
95.5 0.697713 
95.6 0.693074 
95.7 0.686844 
95.8 0.679014 
95.9 0.669595 
96 0.658618 
96.1 0.646132 
96.2 0.632205 
96.3 0.616924 
96.4 0.600388 
96.5 0.582712 
96.6 0.564023 
96.7 0.544453 
96.8 0.524141 
96.9 0.50323 
97 0.481859 
97.1 0.460166 
97.2 0.438284 
97.3 0.416339 
97.4 0.394446 
97.5 0.372714 
97.6 0.351237 
97.7 0.330102 
97.8 0.309382 
97.9 0.289141 
98 0.269431 
98.1 0.250295 
98.2 0.231765 
98.3 0.213868 
98.4 0.196619 
98.5 0.180029 
98.6 0.164101 
98.7 0.148836 
98.8 0.134226 
98.9 0.120264 
99 0.106935 
99.1 0.0942251 
99.2 0.0821173 
99.3 0.0705929 
99.4 0.0596321 
99.5 0.0492144 
99.6 0.0393188 
99.7 0.0299241 
99.8 0.021009 
99.9 0.0125525 
100 0.00453388 
100.1 -0.00306718 
100.2 -0.0102705 
100.3 -0.0170953 
100.4 -0.02356 
100.5 -0.0296827 
100.6 -0.0354805 
100.7 -0.0409699 
100.8 -0.0461666 
100.9 -0.0510857 
101 -0.0557415 
101.1 -0.0601479 
101.2 -0.0643176 
101.3 -0.0682631 
101.4 -0.0719962 
101.5 -0.075528 
101.6 -0.0788689 
101.7 -0.082029 
101.8 -0.0850179 
101.9 -0.0878444 
102 -0.090517 
102.1 -0.0930439 
102.2 -0.0954325 
102.3 -0.0976901 
102.4 -0.0998235 
102.5 -0.101839 
102.6 -0.103743 
102.7 -0.105541 
102.8 -0.107239 
102.9 -0.108842 
103 -0.110354 
103.1 -0.11178 
103.2 -0.113126 
103.3 -0.114394 
103.4 -0.115588 
103.5 -0.116714 
103.6 -0.117773 
103.7 -0.11877 
103.8 -0.119707 
103.9 -0.120588 
104 -0.121415 
104.1 -0.122191 
104.2 -0.122919 
104.3 -0.123601 
104.4 -0.12424 
104.5 -0.124837 
104.6 -0.125395 
104.7 -0.125916 
104.8 -0.126401 
104.9 -0.126853 
105 -0.127272 
105.1 -0.127661 
105.2 -0.128022 
105.3 -0.128355 
105.4 -0.128662 
105.5 -0.128944 
105.6 -0.129203 
105.7 -0.129439 
105.8 -0.129654 
105.9 -0.12985 
106 -0.130026 
106.1 -0.130184 
106.2 -0.130325 
106.3 -0.130449 
106.4 -0.130558 
106.5 -0.130653 
106.6 -0.130733 
106.7 -0.1308 
106.8 -0.130855 
106.9 -0.130898 
107 -0.130929 
107.1 -0.13095 
107.2 -0.13096 
107.3 -0.130961 
107.4 -0.130953 
107.5 -0.130936 
107.6 -0.130911 
107.7 -0.130879 
107.8 -0.130839 
107.9 -0.130792 
108 -0.130738 
108.1 -0.130678 
108.2 -0.130613 
108.3 -0.130541 
108.4 -0.130465 
108.5 -0.130384 
108.6 -0.130298 
108.7 -0.130207 
108.8 -0.130113 
108.9 -0.130014 
109 -0.129912 
109.1 -0.129807 
109.2 -0.129698 
109.3 -0.129586 
109.4 -0.129471 
109.5 -0.129354 
109.6 -0.129234 
109.7 -0.129112 
109.8 -0.128988 
109.9 -0.128862 
110 -0.128734 
110.1 -0.128604 
110.2 -0.128472 
110.3 -0.12834 
110.4 -0.128205 
110.5 -0.12807 
110.6 -0.127934 
110.7 -0.127796 
110.8 -0.127658 
110.9 -0.127519 
111 -0.127379 
111.1 -0.127238 
111.2 -0.127098 
111.3 -0.126956 
111.4 -0.126815 
111.5 -0.126673 
111.6 -0.126531 
111.7 -0.126388 
111.8 -0.126246 
111.9 -0.126104 
112 -0.125962 
112.1 -0.12582 
112.2 -0.125678 
112.3 -0.125537 
112.4 -0.125396 
112.5 -0.125255 
112.6 -0.125115 
112.7 -0.124975 
112.8 -0.124836 
112.9 -0.124698 
113 -0.12456 
113.1 -0.124423 
113.2 -0.124287 
113.3 -0.124151 
113.4 -0.124017 
113.5 -0.123883 
113.6 -0.12375 
113.7 -0.123619 
113.8 -0.123488 
113.9 -0.123358 
114 -0.12323 
114.1 -0.123102 
114.2 -0.122976 
114.3 -0.122851 
114.4 -0.122727 
114.5 -0.122604 
114.6 -0.122483 
114.7 -0.122363 
114.8 -0.122245 
114.9 -0.122128 
115 -0.122012 
115.1 -0.121898 
115.2 -0.121785 
115.3 -0.121674 
115.4 -0.121564 
115.5 -0.121456 
115.6 -0.121349 
115.7 -0.121244 
115.8 -0.121141 
115.9 -0.121039 
116 -0.120939 
116.1 -0.12084 
116.2 -0.120744 
116.3 -0.120649 
116.4 -0.120555 
116.5 -0.120464 
116.6 -0.120374 
116.7 -0.120286 
116.8 -0.1202 
116.9 -0.120116 
117 -0.120034 
117.1 -0.119953 
117.2 -0.119874 
117.3 -0.119797 
117.4 -0.119723 
117.5 -0.11965 
117.6 -0.119578 
117.7 -0.119509 
117.8 -0.119442 
117.9 -0.119377 
118 -0.119314 
118.1 -0.119253 
118.2 -0.119193 
118.3 -0.119136 
118.4 -0.119081 
118.5 -0.119028 
118.6 -0.118977 
118.7 -0.118928 
118.8 -0.118881 
118.9 -0.118836 
119 -0.118793 
119.1 -0.118753 
119.2 -0.118714 
119.3 -0.118678 
119.4 -0.118644 
119.5 -0.118612 
119.6 -0.118582 
119.7 -0.118555 
119.8 -0.118529 
119.9 -0.118506 
120 -0.118485 
120.1 -0.118467 
120.2 -0.118451 
120.3 -0.118437 
120.4 -0.118425 
120.5 -0.118416 
120.6 -0.118409 
120.7 -0.118404 
120.8 -0.118402 
120.9 -0.118402 
121 -0.118405 
121.1 -0.11841 
121.2 -0.118417 
121.3 -0.118427 
121.4 -0.11844 
121.5 -0.118455 
121.6 -0.118472 
121.7 -0.118492 
121.8 -0.118515 
121.9 -0.118541 
122 -0.118569 
122.1 -0.118599 
122.2 -0.118633 
122.3 -0.118669 
122.4 -0.118708 
122.5 -0.11875 
122.6 -0.118794 
122.7 -0.118841 
122.8 -0.118892 
122.9 -0.118945 
123 -0.119001 
123.1 -0.11906 
123.2 -0.119122 
123.3 -0.119187 
123.4 -0.119255 
123.5 -0.119326 
123.6 -0.1194 
123.7 -0.119477 
123.8 -0.119558 
123.9 -0.119641 
124 -0.119728 
124.1 -0.119818 
124.2 -0.119912 
124.3 -0.120009 
124.4 -0.120109 
124.5 -0.120213 
124.6 -0.12032 
124.7 -0.12043 
124.8 -0.120545 
124.9 -0.120662 
125 -0.120784 
125.1 -0.120909 
125.2 -0.121038 
125.3 -0.12117 
125.4 -0.121307 
125.5 -0.121447 
125.6 -0.121591 
125.7 -0.121739 
125.8 -0.121891 
125.9 -0.122047 
126 -0.122207 
126.1 -0.122371 
126.2 -0.12254 
126.3 -0.122712 
126.4 -0.122889 
126.5 -0.123071 
126.6 -0.123256 
126.7 -0.123446 
126.8 -0.123641 
126.9 -0.123841 
127 -0.124044 
127.1 -0.124253 
127.2 -0.124467 
127.3 -0.124685 
127.4 -0.124908 
127.5 -0.125136 
127.6 -0.125369 
127.7 -0.125608 
127.8 -0.125851 
127.9 -0.1261 
128 -0.126354 
128.1 -0.126614 
128.2 -0.126879 
128.3 -0.12715 
128.4 -0.127426 
128.5 -0.127709 
128.6 -0.127997 
128.7 -0.128291 
128.8 -0.128591 
128.9 -0.128897 
129 -0.12921 
129.1 -0.129529 
129.2 -0.129854 
129.3 -0.130186 
129.4 -0.130525 
129.5 -0.13087 
129.6 -0.131223 
129.7 -0.131582 
129.8 -0.131949 
129.9 -0.132322 
130 -0.132704 
130.1 -0.133093 
130.2 -0.133489 
130.3 -0.133894 
130.4 -0.134306 
130.5 -0.134726 
130.6 -0.135155 
130.7 -0.135592 
130.8 -0.136038 
130.9 -0.136493 
131 -0.136956 
131.1 -0.137429 
131.2 -0.137911 
131.3 -0.138402 
131.4 -0.138904 
131.5 -0.139415 
131.6 -0.139936 
131.7 -0.140467 
131.8 -0.141008 
131.9 -0.141561 
132 -0.142124 
132.1 -0.142699 
132.2 -0.143285 
132.3 -0.143882 
132.4 -0.144491 
132.5 -0.145113 
132.6 -0.145747 
132.7 -0.146393 
132.8 -0.147052 
132.9 -0.147725 
133 -0.148411 
133.1 -0.149111 
133.2 -0.149825 
133.3 -0.150553 
133.4 -0.151296 
133.5 -0.152055 
133.6 -0.152828 
133.7 -0.153618 
133.8 -0.154423 
133.9 -0.155246 
134 -0.156085 
134.1 -0.156941 
134.2 -0.157815 
134.3 -0.158708 
134.4 -0.159619 
134.5 -0.160549 
134.6 -0.161498 
134.7 -0.162467 
134.8 -0.163457 
134.9 -0.164468 
135 -0.165501 
135.1 -0.166555 
135.2 -0.167632 
135.3 -0.168732 
135.4 -0.169856 
135.5 -0.171004 
135.6 -0.172177 
135.7 -0.173375 
135.8 -0.1746 
135.9 -0.175851 
136 -0.17713 
136.1 -0.178437 
136.2 -0.179773 
136.3 -0.181139 
136.4 -0.182535 
136.5 -0.183963 
136.6 -0.185422 
136.7 -0.186914 
136.8 -0.18844 
136.9 -0.19 
137 -0.191596 
137.1 -0.193228 
137.2 -0.194896 
137.3 -0.196603 
137.4 -0.198349 
137.5 -0.200134 
137.6 -0.20196 
137.7 -0.203828 
137.8 -0.205739 
137.9 -0.207693 
138 -0.209691 
138.1 -0.211735 
138.2 -0.213826 
138.3 -0.215963 
138.4 -0.218149 
138.5 -0.220384 
138.6 -0.222668 
138.7 -0.225003 
138.8 -0.227389 
138.9 -0.229827 
139 -0.232316 
139.1 -0.234859 
139.2 -0.237454 
139.3 -0.240102 
139.4 -0.242803 
139.5 -0.245556 
139.6 -0.248361 
139.7 -0.251217 
139.8 -0.254123 
139.9 -0.257078 
140 -0.260078 
140.1 -0.263123 
140.2 -0.266209 
140.3 -0.269332 
140.4 -0.272488 
140.5 -0.275672 
140.6 -0.278878 
140.7 -0.282099 
140.8 -0.285327 
140.9 -0.288553 
141 -0.291766 
141.1 -0.294955 
141.2 -0.298104 
141.3 -0.301199 
141.4 -0.304222 
141.5 -0.307153 
141.6 -0.30997 
141.7 -0.312649 
141.8 -0.315163 
141.9 -0.317481 
142 -0.319572 
142.1 -0.321399 
142.2 -0.322925 
142.3 -0.324108 
142.4 -0.324905 
142.5 -0.32527 
142.6 -0.325154 
142.7 -0.32451 
142.8 -0.323288 
142.9 -0.321437 
143 -0.318911 
143.1 -0.315664 
143.2 -0.311655 
143.3 -0.306849 
143.4 -0.301215 
143.5 -0.294736 
143.6 -0.2874 
143.7 -0.27921 
143.8 -0.270179 
143.9 -0.260337 
144 -0.249723 
144.1 -0.238395 
144.2 -0.226419 
144.3 -0.213875 
144.4 -0.200854 
144.5 -0.187454 
144.6 -0.173776 
144.7 -0.159929 
144.8 -0.146016 
144.9 -0.132144 
145 -0.118409 
145.1 -0.104904 
145.2 -0.0917116 
145.3 -0.0789057 
145.4 -0.0665486 
145.5 -0.054692 
145.6 -0.0433765 
145.7 -0.0326323 
145.8 -0.0224797 
145.9 -0.0129298 
146 -0.0039857 
146.1 0.00435649 
146.2 0.0121067 
146.3 0.0192798 
146.4 0.0258946 
146.5 0.0319729 
146.6 0.0375389 
146.7 0.0426182 
146.8 0.0472374 
146.9 0.0514233 
147 0.055203 
147.1 0.0586029 
147.2 0.061649 
147.3 0.0643663 
147.4 0.0667787 
147.5 0.0689093 
147.6 0.0707797 
147.7 0.0724103 
147.8 0.0738206 
147.9 0.0750284 
148 0.0760506 
148.1 0.076903 
148.2 0.0775999 
148.3 0.078155 
148.4 0.0785808 
148.5 0.0788887 
148.6 0.0790893 
148.7 0.0791926 
148.8 0.0792074 
148.9 0.0791421 
149 0.0790043 
149.1 0.078801 
149.2 0.0785385 
149.3 0.0782228 
149.4 0.0778593 
149.5 0.0774528 
149.6 0.0770079 
149.7 0.0765287 
149.8 0.076019 
149.9 0.0754822 
150 0.0749215 
150.1 0.0743398 
150.2 0.0737396 
150.3 0.0731234 
150.4 0.0724934 
150.5 0.0718516 
150.6 0.0711998 
150.7 0.0705396 
150.8 0.0698726 
150.9 0.0692001 
151 0.0685235 
151.1 0.0678437 
151.2 0.0671619 
151.3 0.0664791 
151.4 0.0657959 
151.5 0.0651133 
151.6 0.0644319 
151.7 0.0637523 
151.8 0.0630751 
151.9 0.0624008 
152 0.06173 
152.1 0.0610629 
152.2 0.0603999 
152.3 0.0597415 
152.4 0.0590878 
152.5 0.0584391 
152.6 0.0577957 
152.7 0.0571578 
152.8 0.0565255 
152.9 0.055899 
153 0.0552785 
153.1 0.054664 
153.2 0.0540556 
153.3 0.0534534 
153.4 0.0528575 
153.5 0.0522679 
153.6 0.0516846 
153.7 0.0511078 
153.8 0.0505373 
153.9 0.0499733 
154 0.0494156 
154.1 0.0488644 
154.2 0.0483195 
154.3 0.047781 
154.4 0.0472488 
154.5 0.0467229 
154.6 0.0462033 
154.7 0.0456899 
154.8 0.0451827 
154.9 0.0446816 
155 0.0441865 
155.1 0.0436975 
155.2 0.0432144 
155.3 0.0427372 
155.4 0.0422659 
155.5 0.0418004 
155.6 0.0413405 
155.7 0.0408863 
155.8 0.0404377 
155.9 0.0399947 
156 0.0395571 
156.1 0.0391248 
156.2 0.0386979 
156.3 0.0382762 
156.4 0.0378598 
156.5 0.0374484 
156.6 0.0370421 
156.7 0.0366408 
156.8 0.0362444 
156.9 0.0358528 
157 0.035466 
157.1 0.035084 
157.2 0.0347066 
157.3 0.0343337 
157.4 0.0339654 
157.5 0.0336016 
157.6 0.0332421 
157.7 0.032887 
157.8 0.0325362 
157.9 0.0321895 
158 0.031847 
158.1 0.0315086 
158.2 0.0311742 
158.3 0.0308438 
158.4 0.0305173 
158.5 0.0301947 
158.6 0.0298758 
158.7 0.0295607 
158.8 0.0292493 
158.9 0.0289415 
159 0.0286373 
159.1 0.0283366 
159.2 0.0280394 
159.3 0.0277456 
159.4 0.0274551 
159.5 0.027168 
159.6 0.0268842 
159.7 0.0266036 
159.8 0.0263262 
159.9 0.0260519 
160 0.0257807 
160.1 0.0255125 
160.2 0.0252474 
160.3 0.0249851 
160.4 0.0247258 
160.5 0.0244694 
160.6 0.0242157 
160.7 0.0239649 
160.8 0.0237168 
160.9 0.0234714 
161 0.0232286 
161.1 0.0229885 
161.2 0.0227509 
161.3 0.0225159 
161.4 0.0222835 
161.5 0.0220534 
161.6 0.0218258 
161.7 0.0216007 
161.8 0.0213778 
161.9 0.0211574 
162 0.0209392 
162.1 0.0207232 
162.2 0.0205095 
162.3 0.0202981 
162.4 0.0200887 
162.5 0.0198815 
162.6 0.0196765 
162.7 0.0194734 
162.8 0.0192725 
162.9 0.0190735 
163 0.0188766 
163.1 0.0186816 
163.2 0.0184885 
163.3 0.0182973 
163.4 0.0181081 
163.5 0.0179206 
163.6 0.017735 
163.7 0.0175512 
163.8 0.0173692 
163.9 0.0171889 
164 0.0170103 
164.1 0.0168334 
164.2 0.0166582 
164.3 0.0164847 
164.4 0.0163128 
164.5 0.0161424 
164.6 0.0159737 
164.7 0.0158065 
164.8 0.0156409 
164.9 0.0154768 
165 0.0153142 
165.1 0.015153 
165.2 0.0149933 
165.3 0.0148351 
165.4 0.0146782 
165.5 0.0145228 
165.6 0.0143687 
165.7 0.014216 
165.8 0.0140646 
165.9 0.0139145 
166 0.0137657 
166.1 0.0136182 
166.2 0.013472 
166.3 0.013327 
166.4 0.0131833 
166.5 0.0130407 
166.6 0.0128994 
166.7 0.0127592 
166.8 0.0126202 
166.9 0.0124823 
167 0.0123456 
167.1 0.01221 
167.2 0.0120755 
167.3 0.011942 
167.4 0.0118097 
167.5 0.0116783 
167.6 0.0115481 
167.7 0.0114188 
167.8 0.0112905 
167.9 0.0111633 
168 0.011037 
168.1 0.0109117 
168.2 0.0107873 
168.3 0.0106639 
168.4 0.0105414 
168.5 0.0104199 
168.6 0.0102992 
168.7 0.0101794 
168.8 0.0100605 
168.9 0.00994245 
169 0.00982526 
169.1 0.0097089 
169.2 0.00959336 
169.3 0.00947865 
169.4 0.00936473 
169.5 0.00925161 
169.6 0.00913926 
169.7 0.00902769 
169.8 0.00891687 
169.9 0.0088068 
170 0.00869746 
170.1 0.00858885 
170.2 0.00848095 
170.3 0.00837375 
170.4 0.00826725 
170.5 0.00816143 
170.6 0.00805628 
170.7 0.0079518 
170.8 0.00784797 
170.9 0.00774478 
171 0.00764222 
171.1 0.00754028 
171.2 0.00743896 
171.3 0.00733825 
171.4 0.00723813 
171.5 0.00713859 
171.6 0.00703963 
171.7 0.00694124 
171.8 0.0068434 
171.9 0.00674612 
172 0.00664937 
172.1 0.00655316 
172.2 0.00645747 
172.3 0.00636229 
172.4 0.00626763 
172.5 0.00617345 
172.6 0.00607977 
172.7 0.00598657 
172.8 0.00589385 
172.9 0.00580158 
173 0.00570978 
173.1 0.00561842 
173.2 0.00552751 
173.3 0.00543703 
173.4 0.00534697 
173.5 0.00525734 
173.6 0.00516811 
173.7 0.00507929 
173.8 0.00499086 
173.9 0.00490282 
174 0.00481516 
174.1 0.00472787 
174.2 0.00464095 
174.3 0.00455439 
174.4 0.00446818 
174.5 0.00438232 
174.6 0.00429679 
174.7 0.00421159 
174.8 0.00412672 
174.9 0.00404216 
175 0.00395791 
175.1 0.00387397 
175.2 0.00379032 
175.3 0.00370697 
175.4 0.00362389 
175.5 0.00354109 
175.6 0.00345857 
175.7 0.0033763 
175.8 0.00329429 
175.9 0.00321254 
176 0.00313102 
176.1 0.00304975 
176.2 0.0029687 
176.3 0.00288788 
176.4 0.00280728 
176.5 0.00272689 
176.6 0.0026467 
176.7 0.00256672 
176.8 0.00248693 
176.9 0.00240732 
177 0.0023279 
177.1 0.00224865 
177.2 0.00216958 
177.3 0.00209066 
177.4 0.0020119 
177.5 0.0019333 
177.6 0.00185483 
177.7 0.00177651 
177.8 0.00169832 
177.9 0.00162026 
178 0.00154232 
178.1 0.00146449 
178.2 0.00138678 
178.3 0.00130916 
178.4 0.00123165 
178.5 0.00115423 
178.6 0.00107689 
178.7 0.000999634 
178.8 0.000922453 
178.9 0.00084534 
179 0.000768291 
179.1 0.000691299 
179.2 0.000614358 
179.3 0.000537463 
179.4 0.000460608 
179.5 0.000383788 
179.6 0.000306996 
179.7 0.000230227 
179.8 0.000153475 
179.9 7.67347e-05 
