0.1 -2.19201e-06 
0.2 -4.26994e-06 
0.3 -6.12012e-06 
0.4 -7.62966e-06 
0.5 -8.68692e-06 
0.6 -9.18197e-06 
0.7 -9.00705e-06 
0.8 -8.05717e-06 
0.9 -6.23073e-06 
1 -3.43018e-06 
1.1 4.37233e-07 
1.2 5.45858e-06 
1.3 1.17144e-05 
1.4 1.92776e-05 
1.5 2.82128e-05 
1.6 3.85745e-05 
1.7 5.04067e-05 
1.8 6.37415e-05 
1.9 7.85977e-05 
2 9.49804e-05 
2.1 0.000112879 
2.2 0.000132269 
2.3 0.000153107 
2.4 0.000175334 
2.5 0.000198876 
2.6 0.000223641 
2.7 0.000249524 
2.8 0.000276403 
2.9 0.000304147 
3 0.000332613 
3.1 0.000361654 
3.2 0.000391115 
3.3 0.000420844 
3.4 0.000450689 
3.5 0.000480507 
3.6 0.000510163 
3.7 0.000539535 
3.8 0.00056852 
3.9 0.000597032 
4 0.000625004 
4.1 0.000652396 
4.2 0.000679188 
4.3 0.000705385 
4.4 0.000731014 
4.5 0.000756127 
4.6 0.000780797 
4.7 0.000805115 
4.8 0.000829191 
4.9 0.00085315 
5 0.000877129 
5.1 0.000901278 
5.2 0.000925749 
5.3 0.000950703 
5.4 0.0009763 
5.5 0.0010027 
5.6 0.00103005 
5.7 0.0010585 
5.8 0.00108818 
5.9 0.00111921 
6 0.0011517 
6.1 0.00118573 
6.2 0.00122136 
6.3 0.00125864 
6.4 0.00129758 
6.5 0.00133817 
6.6 0.00138037 
6.7 0.00142413 
6.8 0.00146934 
6.9 0.00151591 
7 0.0015637 
7.1 0.00161256 
7.2 0.00166232 
7.3 0.00171279 
7.4 0.0017638 
7.5 0.00181514 
7.6 0.00186665 
7.7 0.00191813 
7.8 0.00196942 
7.9 0.00202037 
8 0.00207085 
8.1 0.00212076 
8.2 0.00217 
8.3 0.00221853 
8.4 0.00226631 
8.5 0.00231333 
8.6 0.00235962 
8.7 0.00240521 
8.8 0.00245015 
8.9 0.00249451 
9 0.00253836 
9.1 0.00258178 
9.2 0.00262483 
9.3 0.00266759 
9.4 0.00271012 
9.5 0.00275247 
9.6 0.00279465 
9.7 0.00283668 
9.8 0.00287854 
9.9 0.00292019 
10 0.00296156 
10.1 0.00300257 
10.2 0.00304309 
10.3 0.00308298 
10.4 0.00312207 
10.5 0.00316017 
10.6 0.00319706 
10.7 0.00323252 
10.8 0.00326629 
10.9 0.00329814 
11 0.00332781 
11.1 0.00335503 
11.2 0.00337957 
11.3 0.00340119 
11.4 0.00341969 
11.5 0.00343487 
11.6 0.00344658 
11.7 0.00345471 
11.8 0.00345918 
11.9 0.00345995 
12 0.00345703 
12.1 0.00345047 
12.2 0.00344038 
12.3 0.00342687 
12.4 0.00341013 
12.5 0.00339036 
12.6 0.00336776 
12.7 0.0033426 
12.8 0.0033151 
12.9 0.00328551 
13 0.00325406 
13.1 0.00322097 
13.2 0.00318643 
13.3 0.00315059 
13.4 0.00311356 
13.5 0.00307542 
13.6 0.00303619 
13.7 0.00299584 
13.8 0.00295428 
13.9 0.00291138 
14 0.00286695 
14.1 0.00282074 
14.2 0.00277246 
14.3 0.00272178 
14.4 0.00266832 
14.5 0.00261169 
14.6 0.00255144 
14.7 0.00248715 
14.8 0.00241834 
14.9 0.00234458 
15 0.00226542 
15.1 0.00218044 
15.2 0.00208926 
15.3 0.00199152 
15.4 0.00188691 
15.5 0.0017752 
15.6 0.00165618 
15.7 0.00152974 
15.8 0.00139582 
15.9 0.00125443 
16 0.00110564 
16.1 0.000949598 
16.2 0.000786508 
16.3 0.000616624 
16.4 0.000440247 
16.5 0.000257714 
16.6 6.93901e-05 
16.7 -0.000124345 
16.8 -0.000323107 
16.9 -0.000526515 
17 -0.000734205 
17.1 -0.000945841 
17.2 -0.00116112 
17.3 -0.00137978 
17.4 -0.0016016 
17.5 -0.00182643 
17.6 -0.00205417 
17.7 -0.00228477 
17.8 -0.00251824 
17.9 -0.00275466 
18 -0.00299416 
18.1 -0.00323692 
18.2 -0.00348316 
18.3 -0.00373316 
18.4 -0.00398722 
18.5 -0.00424566 
18.6 -0.00450884 
18.7 -0.00477709 
18.8 -0.00505079 
18.9 -0.00533026 
19 -0.00561583 
19.1 -0.00590778 
19.2 -0.00620637 
19.3 -0.00651181 
19.4 -0.00682424 
19.5 -0.00714377 
19.6 -0.00747043 
19.7 -0.00780419 
19.8 -0.00814495 
19.9 -0.00849257 
20 -0.00884684 
20.1 -0.00920748 
20.2 -0.0095742 
20.3 -0.00994664 
20.4 -0.0103244 
20.5 -0.0107072 
20.6 -0.0110944 
20.7 -0.0114858 
20.8 -0.011881 
20.9 -0.0122795 
21 -0.012681 
21.1 -0.0130851 
21.2 -0.0134916 
21.3 -0.0139003 
21.4 -0.0143109 
21.5 -0.0147232 
21.6 -0.0151371 
21.7 -0.0155526 
21.8 -0.0159695 
21.9 -0.0163879 
22 -0.0168077 
22.1 -0.0172289 
22.2 -0.0176516 
22.3 -0.0180757 
22.4 -0.0185014 
22.5 -0.0189285 
22.6 -0.0193571 
22.7 -0.0197871 
22.8 -0.0202184 
22.9 -0.020651 
23 -0.0210846 
23.1 -0.0215191 
23.2 -0.0219542 
23.3 -0.0223897 
23.4 -0.0228251 
23.5 -0.0232602 
23.6 -0.0236944 
23.7 -0.0241275 
23.8 -0.0245588 
23.9 -0.024988 
24 -0.0254145 
24.1 -0.025838 
24.2 -0.0262578 
24.3 -0.0266736 
24.4 -0.0270849 
24.5 -0.0274913 
24.6 -0.0278926 
24.7 -0.0282883 
24.8 -0.0286782 
24.9 -0.0290621 
25 -0.0294398 
25.1 -0.0298111 
25.2 -0.030176 
25.3 -0.0305344 
25.4 -0.0308862 
25.5 -0.0312315 
25.6 -0.0315702 
25.7 -0.0319023 
25.8 -0.0322279 
25.9 -0.0325469 
26 -0.0328593 
26.1 -0.0331651 
26.2 -0.0334643 
26.3 -0.0337566 
26.4 -0.0340421 
26.5 -0.0343206 
26.6 -0.0345918 
26.7 -0.0348557 
26.8 -0.0351119 
26.9 -0.0353602 
27 -0.0356002 
27.1 -0.0358318 
27.2 -0.0360545 
27.3 -0.0362681 
27.4 -0.0364721 
27.5 -0.0366664 
27.6 -0.0368507 
27.7 -0.0370246 
27.8 -0.037188 
27.9 -0.0373406 
28 -0.0374824 
28.1 -0.0376133 
28.2 -0.0377331 
28.3 -0.0378419 
28.4 -0.0379398 
28.5 -0.0380269 
28.6 -0.0381034 
28.7 -0.0381693 
28.8 -0.038225 
28.9 -0.0382707 
29 -0.0383066 
29.1 -0.0383331 
29.2 -0.0383502 
29.3 -0.0383584 
29.4 -0.0383577 
29.5 -0.0383484 
29.6 -0.0383307 
29.7 -0.0383045 
29.8 -0.0382699 
29.9 -0.038227 
30 -0.0381756 
30.1 -0.0381157 
30.2 -0.038047 
30.3 -0.0379692 
30.4 -0.0378822 
30.5 -0.0377855 
30.6 -0.0376788 
30.7 -0.0375617 
30.8 -0.0374338 
30.9 -0.0372946 
31 -0.0371437 
31.1 -0.0369807 
31.2 -0.0368053 
31.3 -0.0366169 
31.4 -0.0364154 
31.5 -0.0362005 
31.6 -0.0359719 
31.7 -0.0357295 
31.8 -0.0354732 
31.9 -0.0352031 
32 -0.0349192 
32.1 -0.0346217 
32.2 -0.0343109 
32.3 -0.033987 
32.4 -0.0336504 
32.5 -0.0333015 
32.6 -0.0329409 
32.7 -0.032569 
32.8 -0.0321863 
32.9 -0.0317935 
33 -0.0313911 
33.1 -0.0309795 
33.2 -0.0305593 
33.3 -0.0301311 
33.4 -0.0296951 
33.5 -0.0292518 
33.6 -0.0288016 
33.7 -0.0283445 
33.8 -0.0278808 
33.9 -0.0274106 
34 -0.0269338 
34.1 -0.0264504 
34.2 -0.0259603 
34.3 -0.0254632 
34.4 -0.0249588 
34.5 -0.0244467 
34.6 -0.0239267 
34.7 -0.0233981 
34.8 -0.0228607 
34.9 -0.0223138 
35 -0.021757 
35.1 -0.0211898 
35.2 -0.0206116 
35.3 -0.0200222 
35.4 -0.0194209 
35.5 -0.0188076 
35.6 -0.0181818 
35.7 -0.0175433 
35.8 -0.016892 
35.9 -0.0162278 
36 -0.0155506 
36.1 -0.0148606 
36.2 -0.0141578 
36.3 -0.0134425 
36.4 -0.0127149 
36.5 -0.0119754 
36.6 -0.0112245 
36.7 -0.0104624 
36.8 -0.0096898 
36.9 -0.00890708 
37 -0.00811474 
37.1 -0.00731328 
37.2 -0.00650317 
37.3 -0.00568485 
37.4 -0.00485872 
37.5 -0.00402515 
37.6 -0.00318442 
37.7 -0.00233679 
37.8 -0.00148244 
37.9 -0.00062149 
38 0.000246011 
38.1 0.00112006 
38.2 0.00200073 
38.3 0.00288813 
38.4 0.0037824 
38.5 0.00468375 
38.6 0.0055924 
38.7 0.00650858 
38.8 0.00743253 
38.9 0.00836449 
39 0.00930469 
39.1 0.0102533 
39.2 0.0112106 
39.3 0.0121766 
39.4 0.0131514 
39.5 0.014135 
39.6 0.0151275 
39.7 0.0161286 
39.8 0.0171382 
39.9 0.018156 
40 0.0191818 
40.1 0.0202152 
40.2 0.0212557 
40.3 0.0223029 
40.4 0.0233561 
40.5 0.024415 
40.6 0.0254788 
40.7 0.026547 
40.8 0.0276189 
40.9 0.0286942 
41 0.0297721 
41.1 0.0308522 
41.2 0.031934 
41.3 0.0330173 
41.4 0.0341017 
41.5 0.035187 
41.6 0.0362731 
41.7 0.03736 
41.8 0.0384477 
41.9 0.0395364 
42 0.0406264 
42.1 0.041718 
42.2 0.0428116 
42.3 0.0439077 
42.4 0.0450068 
42.5 0.0461095 
42.6 0.0472165 
42.7 0.0483281 
42.8 0.0494452 
42.9 0.0505682 
43 0.0516976 
43.1 0.052834 
43.2 0.0539777 
43.3 0.0551291 
43.4 0.0562884 
43.5 0.0574557 
43.6 0.0586311 
43.7 0.0598143 
43.8 0.0610053 
43.9 0.0622035 
44 0.0634087 
44.1 0.06462 
44.2 0.065837 
44.3 0.0670586 
44.4 0.0682841 
44.5 0.0695125 
44.6 0.0707426 
44.7 0.0719735 
44.8 0.0732039 
44.9 0.0744329 
45 0.0756592 
45.1 0.0768817 
45.2 0.0780996 
45.3 0.0793118 
45.4 0.0805175 
45.5 0.081716 
45.6 0.0829067 
45.7 0.0840891 
45.8 0.085263 
45.9 0.0864282 
46 0.0875847 
46.1 0.0887327 
46.2 0.0898725 
46.3 0.0910047 
46.4 0.0921297 
46.5 0.0932485 
46.6 0.0943619 
46.7 0.0954708 
46.8 0.0965762 
46.9 0.0976793 
47 0.0987811 
47.1 0.0998828 
47.2 0.100986 
47.3 0.10209 
47.4 0.103198 
47.5 0.10431 
47.6 0.105427 
47.7 0.106549 
47.8 0.107677 
47.9 0.108813 
48 0.109954 
48.1 0.111103 
48.2 0.112259 
48.3 0.113422 
48.4 0.114591 
48.5 0.115766 
48.6 0.116947 
48.7 0.118131 
48.8 0.119319 
48.9 0.120509 
49 0.1217 
49.1 0.12289 
49.2 0.124079 
49.3 0.125265 
49.4 0.126447 
49.5 0.127623 
49.6 0.128791 
49.7 0.129951 
49.8 0.131102 
49.9 0.132241 
50 0.133369 
50.1 0.134484 
50.2 0.135585 
50.3 0.136672 
50.4 0.137745 
50.5 0.138802 
50.6 0.139845 
50.7 0.140873 
50.8 0.141886 
50.9 0.142885 
51 0.14387 
51.1 0.144841 
51.2 0.1458 
51.3 0.146746 
51.4 0.147681 
51.5 0.148606 
51.6 0.14952 
51.7 0.150426 
51.8 0.151323 
51.9 0.152212 
52 0.153094 
52.1 0.153968 
52.2 0.154837 
52.3 0.155698 
52.4 0.156554 
52.5 0.157402 
52.6 0.158244 
52.7 0.159078 
52.8 0.159903 
52.9 0.16072 
53 0.161527 
53.1 0.162322 
53.2 0.163105 
53.3 0.163873 
53.4 0.164626 
53.5 0.165362 
53.6 0.166079 
53.7 0.166776 
53.8 0.16745 
53.9 0.1681 
54 0.168724 
54.1 0.16932 
54.2 0.169888 
54.3 0.170424 
54.4 0.170929 
54.5 0.1714 
54.6 0.171836 
54.7 0.172237 
54.8 0.172602 
54.9 0.172929 
55 0.173218 
55.1 0.173469 
55.2 0.17368 
55.3 0.173852 
55.4 0.173984 
55.5 0.174077 
55.6 0.174128 
55.7 0.174139 
55.8 0.174109 
55.9 0.174037 
56 0.173923 
56.1 0.173766 
56.2 0.173565 
56.3 0.173319 
56.4 0.173027 
56.5 0.172688 
56.6 0.1723 
56.7 0.171861 
56.8 0.171369 
56.9 0.170823 
57 0.170219 
57.1 0.169555 
57.2 0.168829 
57.3 0.168037 
57.4 0.167177 
57.5 0.166246 
57.6 0.16524 
57.7 0.164157 
57.8 0.162993 
57.9 0.161746 
58 0.160413 
58.1 0.158992 
58.2 0.157479 
58.3 0.155873 
58.4 0.154173 
58.5 0.152375 
58.6 0.15048 
58.7 0.148487 
58.8 0.146394 
58.9 0.144203 
59 0.141913 
59.1 0.139525 
59.2 0.13704 
59.3 0.13446 
59.4 0.131786 
59.5 0.12902 
59.6 0.126165 
59.7 0.123222 
59.8 0.120195 
59.9 0.117085 
60 0.113896 
60.1 0.110629 
60.2 0.107288 
60.3 0.103875 
60.4 0.100392 
60.5 0.0968408 
60.6 0.0932238 
60.7 0.0895424 
60.8 0.0857982 
60.9 0.0819923 
61 0.0781259 
61.1 0.0741997 
61.2 0.0702146 
61.3 0.066171 
61.4 0.0620694 
61.5 0.0579103 
61.6 0.0536941 
61.7 0.0494214 
61.8 0.0450925 
61.9 0.0407084 
62 0.03627 
62.1 0.0317783 
62.2 0.0272349 
62.3 0.0226416 
62.4 0.0180006 
62.5 0.0133143 
62.6 0.00858574 
62.7 0.00381829 
62.8 -0.000984302 
62.9 -0.00581787 
63 -0.0106779 
63.1 -0.0155594 
63.2 -0.0204573 
63.3 -0.0253661 
63.4 -0.0302801 
63.5 -0.0351935 
63.6 -0.0401004 
63.7 -0.044995 
63.8 -0.0498713 
63.9 -0.0547236 
64 -0.0595463 
64.1 -0.0643339 
64.2 -0.0690814 
64.3 -0.0737841 
64.4 -0.0784373 
64.5 -0.0830372 
64.6 -0.08758 
64.7 -0.0920625 
64.8 -0.0964817 
64.9 -0.100835 
65 -0.105121 
65.1 -0.109338 
65.2 -0.113484 
65.3 -0.117558 
65.4 -0.121559 
65.5 -0.125487 
65.6 -0.129342 
65.7 -0.133123 
65.8 -0.136831 
65.9 -0.140465 
66 -0.144026 
66.1 -0.147513 
66.2 -0.150927 
66.3 -0.154268 
66.4 -0.157536 
66.5 -0.160731 
66.6 -0.163853 
66.7 -0.166901 
66.8 -0.169876 
66.9 -0.172778 
67 -0.175605 
67.1 -0.178357 
67.2 -0.181035 
67.3 -0.183637 
67.4 -0.186163 
67.5 -0.188612 
67.6 -0.190984 
67.7 -0.193279 
67.8 -0.195496 
67.9 -0.197635 
68 -0.199696 
68.1 -0.20168 
68.2 -0.203585 
68.3 -0.205413 
68.4 -0.207164 
68.5 -0.208839 
68.6 -0.210439 
68.7 -0.211964 
68.8 -0.213417 
68.9 -0.214798 
69 -0.21611 
69.1 -0.217353 
69.2 -0.218531 
69.3 -0.219644 
69.4 -0.220695 
69.5 -0.221686 
69.6 -0.22262 
69.7 -0.223498 
69.8 -0.224323 
69.9 -0.225097 
70 -0.225822 
70.1 -0.226501 
70.2 -0.227135 
70.3 -0.227727 
70.4 -0.228278 
70.5 -0.228791 
70.6 -0.229267 
70.7 -0.229707 
70.8 -0.230113 
70.9 -0.230487 
71 -0.230829 
71.1 -0.231141 
71.2 -0.231423 
71.3 -0.231677 
71.4 -0.231903 
71.5 -0.232101 
71.6 -0.232273 
71.7 -0.232418 
71.8 -0.232536 
71.9 -0.232629 
72 -0.232696 
72.1 -0.232738 
72.2 -0.232753 
72.3 -0.232744 
72.4 -0.232709 
72.5 -0.232649 
72.6 -0.232563 
72.7 -0.232453 
72.8 -0.232318 
72.9 -0.232158 
73 -0.231973 
73.1 -0.231765 
73.2 -0.231533 
73.3 -0.231278 
73.4 -0.231 
73.5 -0.2307 
73.6 -0.230378 
73.7 -0.230035 
73.8 -0.229672 
73.9 -0.22929 
74 -0.228889 
74.1 -0.22847 
74.2 -0.228034 
74.3 -0.227583 
74.4 -0.227116 
74.5 -0.226635 
74.6 -0.22614 
74.7 -0.225634 
74.8 -0.225116 
74.9 -0.224587 
75 -0.224048 
75.1 -0.223501 
75.2 -0.222946 
75.3 -0.222383 
75.4 -0.221813 
75.5 -0.221237 
75.6 -0.220656 
75.7 -0.220069 
75.8 -0.219479 
75.9 -0.218884 
76 -0.218285 
76.1 -0.217683 
76.2 -0.217077 
76.3 -0.216469 
76.4 -0.215858 
76.5 -0.215244 
76.6 -0.214628 
76.7 -0.214009 
76.8 -0.213387 
76.9 -0.212763 
77 -0.212136 
77.1 -0.211507 
77.2 -0.210875 
77.3 -0.210241 
77.4 -0.209604 
77.5 -0.208964 
77.6 -0.208321 
77.7 -0.207675 
77.8 -0.207027 
77.9 -0.206375 
78 -0.205721 
78.1 -0.205064 
78.2 -0.204404 
78.3 -0.203742 
78.4 -0.203077 
78.5 -0.202409 
78.6 -0.201739 
78.7 -0.201067 
78.8 -0.200394 
78.9 -0.199718 
79 -0.199041 
79.1 -0.198363 
79.2 -0.197684 
79.3 -0.197004 
79.4 -0.196323 
79.5 -0.195642 
79.6 -0.194961 
79.7 -0.194281 
79.8 -0.193601 
79.9 -0.192921 
80 -0.192242 
80.1 -0.191565 
80.2 -0.190889 
80.3 -0.190214 
80.4 -0.18954 
80.5 -0.188869 
80.6 -0.188199 
80.7 -0.18753 
80.8 -0.186864 
80.9 -0.186199 
81 -0.185537 
81.1 -0.184876 
81.2 -0.184217 
81.3 -0.18356 
81.4 -0.182904 
81.5 -0.18225 
81.6 -0.181597 
81.7 -0.180946 
81.8 -0.180296 
81.9 -0.179648 
82 -0.179 
82.1 -0.178353 
82.2 -0.177707 
82.3 -0.177062 
82.4 -0.176417 
82.5 -0.175772 
82.6 -0.175128 
82.7 -0.174485 
82.8 -0.173842 
82.9 -0.173198 
83 -0.172556 
83.1 -0.171913 
83.2 -0.171271 
83.3 -0.170629 
83.4 -0.169987 
83.5 -0.169346 
83.6 -0.168706 
83.7 -0.168066 
83.8 -0.167428 
83.9 -0.16679 
84 -0.166154 
84.1 -0.165519 
84.2 -0.164885 
84.3 -0.164254 
84.4 -0.163625 
84.5 -0.162998 
84.6 -0.162373 
84.7 -0.161752 
84.8 -0.161133 
84.9 -0.160518 
85 -0.159906 
85.1 -0.159298 
85.2 -0.158693 
85.3 -0.158092 
85.4 -0.157496 
85.5 -0.156903 
85.6 -0.156315 
85.7 -0.155731 
85.8 -0.155151 
85.9 -0.154576 
86 -0.154005 
86.1 -0.153438 
86.2 -0.152876 
86.3 -0.152317 
86.4 -0.151763 
86.5 -0.151212 
86.6 -0.150665 
86.7 -0.150121 
86.8 -0.149581 
86.9 -0.149043 
87 -0.148508 
87.1 -0.147976 
87.2 -0.147446 
87.3 -0.146917 
87.4 -0.14639 
87.5 -0.145865 
87.6 -0.14534 
87.7 -0.144816 
87.8 -0.144293 
87.9 -0.143769 
88 -0.143246 
88.1 -0.142722 
88.2 -0.142198 
88.3 -0.141673 
88.4 -0.141147 
88.5 -0.14062 
88.6 -0.140092 
88.7 -0.139562 
88.8 -0.139031 
88.9 -0.138499 
89 -0.137965 
89.1 -0.13743 
89.2 -0.136894 
89.3 -0.136356 
89.4 -0.135817 
89.5 -0.135277 
89.6 -0.134737 
89.7 -0.134196 
89.8 -0.133654 
89.9 -0.133113 
90 -0.132571 
90.1 -0.132031 
90.2 -0.13149 
90.3 -0.130951 
90.4 -0.130414 
90.5 -0.129878 
90.6 -0.129344 
90.7 -0.128812 
90.8 -0.128283 
90.9 -0.127757 
91 -0.127235 
91.1 -0.126716 
91.2 -0.126201 
91.3 -0.12569 
91.4 -0.125183 
91.5 -0.124681 
91.6 -0.124183 
91.7 -0.12369 
91.8 -0.123202 
91.9 -0.122719 
92 -0.122241 
92.1 -0.121768 
92.2 -0.121299 
92.3 -0.120836 
92.4 -0.120377 
92.5 -0.119922 
92.6 -0.119471 
92.7 -0.119024 
92.8 -0.118581 
92.9 -0.118141 
93 -0.117704 
93.1 -0.117269 
93.2 -0.116837 
93.3 -0.116406 
93.4 -0.115976 
93.5 -0.115546 
93.6 -0.115117 
93.7 -0.114687 
93.8 -0.114256 
93.9 -0.113823 
94 -0.113388 
94.1 -0.11295 
94.2 -0.112509 
94.3 -0.112064 
94.4 -0.111615 
94.5 -0.11116 
94.6 -0.110701 
94.7 -0.110235 
94.8 -0.109763 
94.9 -0.109285 
95 -0.108799 
95.1 -0.108305 
95.2 -0.107804 
95.3 -0.107295 
95.4 -0.106778 
95.5 -0.106252 
95.6 -0.105717 
95.7 -0.105174 
95.8 -0.104622 
95.9 -0.104062 
96 -0.103493 
96.1 -0.102915 
96.2 -0.10233 
96.3 -0.101736 
96.4 -0.101134 
96.5 -0.100525 
96.6 -0.0999081 
96.7 -0.0992847 
96.8 -0.0986548 
96.9 -0.0980189 
97 -0.0973774 
97.1 -0.0967309 
97.2 -0.0960797 
97.3 -0.0954245 
97.4 -0.0947658 
97.5 -0.094104 
97.6 -0.0934396 
97.7 -0.0927733 
97.8 -0.0921054 
97.9 -0.0914365 
98 -0.090767 
98.1 -0.0900973 
98.2 -0.0894278 
98.3 -0.0887589 
98.4 -0.0880908 
98.5 -0.0874237 
98.6 -0.0867579 
98.7 -0.0860934 
98.8 -0.0854302 
98.9 -0.0847684 
99 -0.0841077 
99.1 -0.083448 
99.2 -0.0827889 
99.3 -0.0821299 
99.4 -0.0814707 
99.5 -0.0808104 
99.6 -0.0801484 
99.7 -0.0794837 
99.8 -0.0788153 
99.9 -0.0781421 
100 -0.0774628 
100.1 -0.0767759 
100.2 -0.0760799 
100.3 -0.0753731 
100.4 -0.0746535 
100.5 -0.0739192 
100.6 -0.073168 
100.7 -0.0723976 
100.8 -0.0716055 
100.9 -0.0707893 
101 -0.0699461 
101.1 -0.0690732 
101.2 -0.0681679 
101.3 -0.0672272 
101.4 -0.0662482 
101.5 -0.0652283 
101.6 -0.0641649 
101.7 -0.0630556 
101.8 -0.0618986 
101.9 -0.0606926 
102 -0.0594371 
102.1 -0.0581328 
102.2 -0.0567819 
102.3 -0.0553884 
102.4 -0.0539589 
102.5 -0.0525032 
102.6 -0.0510349 
102.7 -0.0495726 
102.8 -0.0481412 
102.9 -0.0467723 
103 -0.0455061 
103.1 -0.0443923 
103.2 -0.0434908 
103.3 -0.0428718 
103.4 -0.042615 
103.5 -0.0428074 
103.6 -0.0435389 
103.7 -0.0448957 
103.8 -0.0469521 
103.9 -0.0497595 
104 -0.0533366 
104.1 -0.0576602 
104.2 -0.062661 
104.3 -0.0682244 
104.4 -0.0741989 
104.5 -0.0804092 
104.6 -0.0866734 
104.7 -0.0928194 
104.8 -0.0986988 
104.9 -0.104195 
105 -0.109228 
105.1 -0.113751 
105.2 -0.117746 
105.3 -0.121219 
105.4 -0.124196 
105.5 -0.126708 
105.6 -0.128798 
105.7 -0.130508 
105.8 -0.131881 
105.9 -0.132958 
106 -0.133776 
106.1 -0.134371 
106.2 -0.134772 
106.3 -0.135007 
106.4 -0.135099 
106.5 -0.13507 
106.6 -0.134936 
106.7 -0.134714 
106.8 -0.134416 
106.9 -0.134055 
107 -0.133639 
107.1 -0.133178 
107.2 -0.132678 
107.3 -0.132146 
107.4 -0.131588 
107.5 -0.131008 
107.6 -0.13041 
107.7 -0.129798 
107.8 -0.129175 
107.9 -0.128544 
108 -0.127907 
108.1 -0.127266 
108.2 -0.126622 
108.3 -0.125979 
108.4 -0.125336 
108.5 -0.124696 
108.6 -0.12406 
108.7 -0.123428 
108.8 -0.122801 
108.9 -0.122181 
109 -0.121567 
109.1 -0.120961 
109.2 -0.120364 
109.3 -0.119774 
109.4 -0.119194 
109.5 -0.118624 
109.6 -0.118063 
109.7 -0.117512 
109.8 -0.116971 
109.9 -0.116441 
110 -0.115922 
110.1 -0.115413 
110.2 -0.114916 
110.3 -0.114429 
110.4 -0.113953 
110.5 -0.113488 
110.6 -0.113035 
110.7 -0.112592 
110.8 -0.11216 
110.9 -0.111738 
111 -0.111328 
111.1 -0.110928 
111.2 -0.110538 
111.3 -0.110158 
111.4 -0.109789 
111.5 -0.109429 
111.6 -0.109079 
111.7 -0.108738 
111.8 -0.108407 
111.9 -0.108084 
112 -0.10777 
112.1 -0.107465 
112.2 -0.107168 
112.3 -0.106878 
112.4 -0.106597 
112.5 -0.106323 
112.6 -0.106056 
112.7 -0.105796 
112.8 -0.105542 
112.9 -0.105295 
113 -0.105054 
113.1 -0.104819 
113.2 -0.104589 
113.3 -0.104365 
113.4 -0.104146 
113.5 -0.103931 
113.6 -0.103721 
113.7 -0.103516 
113.8 -0.103315 
113.9 -0.103118 
114 -0.102924 
114.1 -0.102734 
114.2 -0.102548 
114.3 -0.102364 
114.4 -0.102184 
114.5 -0.102007 
114.6 -0.101832 
114.7 -0.10166 
114.8 -0.101491 
114.9 -0.101324 
115 -0.101159 
115.1 -0.100996 
115.2 -0.100835 
115.3 -0.100676 
115.4 -0.100519 
115.5 -0.100364 
115.6 -0.100211 
115.7 -0.10006 
115.8 -0.0999096 
115.9 -0.0997613 
116 -0.0996146 
116.1 -0.0994695 
116.2 -0.0993259 
116.3 -0.0991839 
116.4 -0.0990434 
116.5 -0.0989044 
116.6 -0.098767 
116.7 -0.0986311 
116.8 -0.0984967 
116.9 -0.0983638 
117 -0.0982326 
117.1 -0.0981029 
117.2 -0.0979748 
117.3 -0.0978484 
117.4 -0.0977236 
117.5 -0.0976004 
117.6 -0.097479 
117.7 -0.0973593 
117.8 -0.0972414 
117.9 -0.0971253 
118 -0.0970109 
118.1 -0.0968984 
118.2 -0.0967878 
118.3 -0.0966791 
118.4 -0.0965723 
118.5 -0.0964675 
118.6 -0.0963646 
118.7 -0.0962637 
118.8 -0.0961649 
118.9 -0.0960681 
119 -0.0959733 
119.1 -0.0958807 
119.2 -0.0957901 
119.3 -0.0957016 
119.4 -0.0956153 
119.5 -0.095531 
119.6 -0.095449 
119.7 -0.095369 
119.8 -0.0952912 
119.9 -0.0952156 
120 -0.0951421 
120.1 -0.0950708 
120.2 -0.0950016 
120.3 -0.0949346 
120.4 -0.0948697 
120.5 -0.094807 
120.6 -0.0947464 
120.7 -0.0946879 
120.8 -0.0946315 
120.9 -0.0945772 
121 -0.094525 
121.1 -0.0944748 
121.2 -0.0944267 
121.3 -0.0943807 
121.4 -0.0943366 
121.5 -0.0942946 
121.6 -0.0942545 
121.7 -0.0942165 
121.8 -0.0941803 
121.9 -0.0941461 
122 -0.0941139 
122.1 -0.0940835 
122.2 -0.094055 
122.3 -0.0940283 
122.4 -0.0940035 
122.5 -0.0939805 
122.6 -0.0939594 
122.7 -0.09394 
122.8 -0.0939224 
122.9 -0.0939066 
123 -0.0938925 
123.1 -0.0938802 
123.2 -0.0938696 
123.3 -0.0938607 
123.4 -0.0938536 
123.5 -0.0938481 
123.6 -0.0938443 
123.7 -0.0938422 
123.8 -0.0938418 
123.9 -0.0938431 
124 -0.093846 
124.1 -0.0938507 
124.2 -0.0938569 
124.3 -0.0938649 
124.4 -0.0938745 
124.5 -0.0938859 
124.6 -0.0938989 
124.7 -0.0939135 
124.8 -0.0939299 
124.9 -0.093948 
125 -0.0939678 
125.1 -0.0939893 
125.2 -0.0940125 
125.3 -0.0940375 
125.4 -0.0940642 
125.5 -0.0940927 
125.6 -0.094123 
125.7 -0.0941551 
125.8 -0.094189 
125.9 -0.0942247 
126 -0.0942622 
126.1 -0.0943017 
126.2 -0.094343 
126.3 -0.0943862 
126.4 -0.0944314 
126.5 -0.0944785 
126.6 -0.0945275 
126.7 -0.0945786 
126.8 -0.0946317 
126.9 -0.0946868 
127 -0.0947439 
127.1 -0.0948032 
127.2 -0.0948645 
127.3 -0.094928 
127.4 -0.0949937 
127.5 -0.0950615 
127.6 -0.0951315 
127.7 -0.0952038 
127.8 -0.0952783 
127.9 -0.0953551 
128 -0.0954343 
128.1 -0.0955157 
128.2 -0.0955996 
128.3 -0.0956858 
128.4 -0.0957744 
128.5 -0.0958655 
128.6 -0.0959591 
128.7 -0.0960552 
128.8 -0.0961538 
128.9 -0.096255 
129 -0.0963588 
129.1 -0.0964651 
129.2 -0.0965742 
129.3 -0.0966859 
129.4 -0.0968003 
129.5 -0.0969175 
129.6 -0.0970374 
129.7 -0.0971601 
129.8 -0.0972857 
129.9 -0.0974141 
130 -0.0975454 
130.1 -0.0976797 
130.2 -0.0978169 
130.3 -0.097957 
130.4 -0.0981003 
130.5 -0.0982465 
130.6 -0.0983959 
130.7 -0.0985484 
130.8 -0.0987041 
130.9 -0.0988629 
131 -0.0990251 
131.1 -0.0991905 
131.2 -0.0993592 
131.3 -0.0995313 
131.4 -0.0997067 
131.5 -0.0998857 
131.6 -0.100068 
131.7 -0.100254 
131.8 -0.100444 
131.9 -0.100637 
132 -0.100833 
132.1 -0.101034 
132.2 -0.101238 
132.3 -0.101446 
132.4 -0.101658 
132.5 -0.101874 
132.6 -0.102094 
132.7 -0.102318 
132.8 -0.102546 
132.9 -0.102778 
133 -0.103015 
133.1 -0.103255 
133.2 -0.1035 
133.3 -0.10375 
133.4 -0.104004 
133.5 -0.104262 
133.6 -0.104525 
133.7 -0.104793 
133.8 -0.105066 
133.9 -0.105343 
134 -0.105625 
134.1 -0.105913 
134.2 -0.106205 
134.3 -0.106503 
134.4 -0.106805 
134.5 -0.107114 
134.6 -0.107427 
134.7 -0.107747 
134.8 -0.108072 
134.9 -0.108402 
135 -0.108739 
135.1 -0.109081 
135.2 -0.10943 
135.3 -0.109785 
135.4 -0.110146 
135.5 -0.110513 
135.6 -0.110887 
135.7 -0.111268 
135.8 -0.111656 
135.9 -0.11205 
136 -0.112452 
136.1 -0.11286 
136.2 -0.113276 
136.3 -0.1137 
136.4 -0.114131 
136.5 -0.11457 
136.6 -0.115017 
136.7 -0.115472 
136.8 -0.115936 
136.9 -0.116408 
137 -0.116888 
137.1 -0.117378 
137.2 -0.117876 
137.3 -0.118383 
137.4 -0.1189 
137.5 -0.119427 
137.6 -0.119963 
137.7 -0.12051 
137.8 -0.121066 
137.9 -0.121633 
138 -0.122211 
138.1 -0.1228 
138.2 -0.1234 
138.3 -0.124011 
138.4 -0.124634 
138.5 -0.125269 
138.6 -0.125916 
138.7 -0.126576 
138.8 -0.127248 
138.9 -0.127933 
139 -0.128632 
139.1 -0.129345 
139.2 -0.130071 
139.3 -0.130812 
139.4 -0.131568 
139.5 -0.132338 
139.6 -0.133124 
139.7 -0.133926 
139.8 -0.134744 
139.9 -0.135578 
140 -0.13643 
140.1 -0.137298 
140.2 -0.138185 
140.3 -0.139089 
140.4 -0.140012 
140.5 -0.140955 
140.6 -0.141916 
140.7 -0.142898 
140.8 -0.1439 
140.9 -0.144924 
141 -0.145968 
141.1 -0.147035 
141.2 -0.148124 
141.3 -0.149237 
141.4 -0.150373 
141.5 -0.151533 
141.6 -0.152718 
141.7 -0.153928 
141.8 -0.155165 
141.9 -0.156428 
142 -0.157718 
142.1 -0.159035 
142.2 -0.160381 
142.3 -0.161757 
142.4 -0.163161 
142.5 -0.164596 
142.6 -0.166061 
142.7 -0.167558 
142.8 -0.169086 
142.9 -0.170647 
143 -0.17224 
143.1 -0.173867 
143.2 -0.175527 
143.3 -0.177221 
143.4 -0.17895 
143.5 -0.180712 
143.6 -0.182509 
143.7 -0.18434 
143.8 -0.186206 
143.9 -0.188105 
144 -0.190037 
144.1 -0.192001 
144.2 -0.193997 
144.3 -0.196022 
144.4 -0.198076 
144.5 -0.200156 
144.6 -0.202259 
144.7 -0.204382 
144.8 -0.206522 
144.9 -0.208674 
145 -0.210833 
145.1 -0.212992 
145.2 -0.215144 
145.3 -0.217281 
145.4 -0.219392 
145.5 -0.221466 
145.6 -0.22349 
145.7 -0.225448 
145.8 -0.227322 
145.9 -0.229092 
146 -0.230735 
146.1 -0.232222 
146.2 -0.233525 
146.3 -0.234607 
146.4 -0.23543 
146.5 -0.23595 
146.6 -0.236117 
146.7 -0.235875 
146.8 -0.235163 
146.9 -0.233913 
147 -0.232053 
147.1 -0.229502 
147.2 -0.226175 
147.3 -0.221985 
147.4 -0.216839 
147.5 -0.210646 
147.6 -0.203317 
147.7 -0.194769 
147.8 -0.18493 
147.9 -0.173743 
148 -0.161175 
148.1 -0.147217 
148.2 -0.131897 
148.3 -0.115277 
148.4 -0.0974622 
148.5 -0.0786009 
148.6 -0.0588815 
148.7 -0.0385294 
148.8 -0.0177994 
148.9 0.0030338 
149 0.0236882 
149.1 0.0438864 
149.2 0.0633683 
149.3 0.0819019 
149.4 0.0992916 
149.5 0.115384 
149.6 0.13007 
149.7 0.143284 
149.8 0.155002 
149.9 0.165235 
150 0.174027 
150.1 0.181443 
150.2 0.187566 
150.3 0.192492 
150.4 0.196323 
150.5 0.199162 
150.6 0.201115 
150.7 0.20228 
150.8 0.202753 
150.9 0.202622 
151 0.201968 
151.1 0.200867 
151.2 0.199384 
151.3 0.197579 
151.4 0.195505 
151.5 0.19321 
151.6 0.190734 
151.7 0.188113 
151.8 0.185379 
151.9 0.182557 
152 0.179672 
152.1 0.176744 
152.2 0.173788 
152.3 0.170821 
152.4 0.167855 
152.5 0.164898 
152.6 0.161962 
152.7 0.159051 
152.8 0.156174 
152.9 0.153334 
153 0.150535 
153.1 0.147781 
153.2 0.145074 
153.3 0.142416 
153.4 0.139809 
153.5 0.137252 
153.6 0.134748 
153.7 0.132296 
153.8 0.129896 
153.9 0.127548 
154 0.125252 
154.1 0.123006 
154.2 0.120812 
154.3 0.118667 
154.4 0.116571 
154.5 0.114523 
154.6 0.112522 
154.7 0.110567 
154.8 0.108657 
154.9 0.106792 
155 0.104969 
155.1 0.103188 
155.2 0.101448 
155.3 0.0997485 
155.4 0.0980874 
155.5 0.0964642 
155.6 0.0948778 
155.7 0.0933273 
155.8 0.0918116 
155.9 0.0903299 
156 0.0888811 
156.1 0.0874645 
156.2 0.0860791 
156.3 0.084724 
156.4 0.0833985 
156.5 0.0821017 
156.6 0.0808327 
156.7 0.0795909 
156.8 0.0783755 
156.9 0.0771857 
157 0.0760209 
157.1 0.0748803 
157.2 0.0737634 
157.3 0.0726693 
157.4 0.0715976 
157.5 0.0705477 
157.6 0.0695188 
157.7 0.0685105 
157.8 0.0675222 
157.9 0.0665534 
158 0.0656035 
158.1 0.0646721 
158.2 0.0637586 
158.3 0.0628627 
158.4 0.0619837 
158.5 0.0611213 
158.6 0.0602752 
158.7 0.0594447 
158.8 0.0586296 
158.9 0.0578294 
159 0.0570438 
159.1 0.0562724 
159.2 0.0555148 
159.3 0.0547707 
159.4 0.0540398 
159.5 0.0533218 
159.6 0.0526162 
159.7 0.0519229 
159.8 0.0512415 
159.9 0.0505717 
160 0.0499132 
160.1 0.0492659 
160.2 0.0486293 
160.3 0.0480033 
160.4 0.0473877 
160.5 0.0467821 
160.6 0.0461863 
160.7 0.0456001 
160.8 0.0450234 
160.9 0.0444558 
161 0.0438971 
161.1 0.0433472 
161.2 0.0428059 
161.3 0.042273 
161.4 0.0417482 
161.5 0.0412315 
161.6 0.0407226 
161.7 0.0402213 
161.8 0.0397275 
161.9 0.039241 
162 0.0387618 
162.1 0.0382895 
162.2 0.0378241 
162.3 0.0373654 
162.4 0.0369133 
162.5 0.0364676 
162.6 0.0360282 
162.7 0.035595 
162.8 0.0351678 
162.9 0.0347466 
163 0.0343311 
163.1 0.0339214 
163.2 0.0335172 
163.3 0.0331184 
163.4 0.032725 
163.5 0.0323368 
163.6 0.0319538 
163.7 0.0315757 
163.8 0.0312026 
163.9 0.0308344 
164 0.0304708 
164.1 0.030112 
164.2 0.0297576 
164.3 0.0294077 
164.4 0.0290622 
164.5 0.028721 
164.6 0.028384 
164.7 0.0280512 
164.8 0.0277224 
164.9 0.0273975 
165 0.0270766 
165.1 0.0267595 
165.2 0.0264462 
165.3 0.0261365 
165.4 0.0258305 
165.5 0.025528 
165.6 0.025229 
165.7 0.0249334 
165.8 0.0246411 
165.9 0.0243522 
166 0.0240665 
166.1 0.023784 
166.2 0.0235046 
166.3 0.0232283 
166.4 0.022955 
166.5 0.0226846 
166.6 0.0224171 
166.7 0.0221525 
166.8 0.0218907 
166.9 0.0216317 
167 0.0213753 
167.1 0.0211216 
167.2 0.0208705 
167.3 0.020622 
167.4 0.020376 
167.5 0.0201325 
167.6 0.0198913 
167.7 0.0196526 
167.8 0.0194162 
167.9 0.0191822 
168 0.0189504 
168.1 0.0187208 
168.2 0.0184934 
168.3 0.0182682 
168.4 0.018045 
168.5 0.017824 
168.6 0.017605 
168.7 0.017388 
168.8 0.0171729 
168.9 0.0169598 
169 0.0167487 
169.1 0.0165393 
169.2 0.0163319 
169.3 0.0161262 
169.4 0.0159223 
169.5 0.0157202 
169.6 0.0155197 
169.7 0.015321 
169.8 0.0151239 
169.9 0.0149285 
170 0.0147346 
170.1 0.0145423 
170.2 0.0143516 
170.3 0.0141624 
170.4 0.0139747 
170.5 0.0137884 
170.6 0.0136037 
170.7 0.0134203 
170.8 0.0132383 
170.9 0.0130577 
171 0.0128784 
171.1 0.0127005 
171.2 0.0125238 
171.3 0.0123485 
171.4 0.0121744 
171.5 0.0120015 
171.6 0.0118298 
171.7 0.0116593 
171.8 0.01149 
171.9 0.0113219 
172 0.0111548 
172.1 0.0109889 
172.2 0.0108241 
172.3 0.0106603 
172.4 0.0104976 
172.5 0.0103359 
172.6 0.0101752 
172.7 0.0100155 
172.8 0.00985676 
172.9 0.009699 
173 0.00954216 
173.1 0.00938625 
173.2 0.00923124 
173.3 0.00907711 
173.4 0.00892385 
173.5 0.00877144 
173.6 0.00861986 
173.7 0.0084691 
173.8 0.00831914 
173.9 0.00816996 
174 0.00802155 
174.1 0.0078739 
174.2 0.00772698 
174.3 0.00758079 
174.4 0.0074353 
174.5 0.0072905 
174.6 0.00714638 
174.7 0.00700292 
174.8 0.0068601 
174.9 0.00671792 
175 0.00657636 
175.1 0.0064354 
175.2 0.00629504 
175.3 0.00615524 
175.4 0.00601601 
175.5 0.00587733 
175.6 0.00573919 
175.7 0.00560156 
175.8 0.00546444 
175.9 0.00532782 
176 0.00519168 
176.1 0.00505601 
176.2 0.00492079 
176.3 0.00478602 
176.4 0.00465167 
176.5 0.00451775 
176.6 0.00438423 
176.7 0.0042511 
176.8 0.00411835 
176.9 0.00398596 
177 0.00385394 
177.1 0.00372225 
177.2 0.0035909 
177.3 0.00345987 
177.4 0.00332914 
177.5 0.00319871 
177.6 0.00306856 
177.7 0.00293868 
177.8 0.00280907 
177.9 0.0026797 
178 0.00255056 
178.1 0.00242166 
178.2 0.00229296 
178.3 0.00216447 
178.4 0.00203616 
178.5 0.00190804 
178.6 0.00178008 
178.7 0.00165228 
178.8 0.00152463 
178.9 0.00139711 
179 0.00126971 
179.1 0.00114242 
179.2 0.00101523 
179.3 0.000888136 
179.4 0.000761115 
179.5 0.000634161 
179.6 0.000507262 
179.7 0.000380408 
179.8 0.000253587 
179.9 0.000126788 
