0.1 6.04756e-06 
0.2 1.20661e-05 
0.3 1.80268e-05 
0.4 2.39008e-05 
0.5 2.96595e-05 
0.6 3.52744e-05 
0.7 4.07175e-05 
0.8 4.59611e-05 
0.9 5.09782e-05 
1 5.57424e-05 
1.1 6.0228e-05 
1.2 6.44106e-05 
1.3 6.8267e-05 
1.4 7.17755e-05 
1.5 7.4916e-05 
1.6 7.76708e-05 
1.7 8.00245e-05 
1.8 8.19645e-05 
1.9 8.34811e-05 
2 8.45686e-05 
2.1 8.5225e-05 
2.2 8.54525e-05 
2.3 8.52584e-05 
2.4 8.4655e-05 
2.5 8.36598e-05 
2.6 8.22964e-05 
2.7 8.05943e-05 
2.8 7.85892e-05 
2.9 7.63231e-05 
3 7.38442e-05 
3.1 7.12067e-05 
3.2 6.8471e-05 
3.3 6.57025e-05 
3.4 6.29719e-05 
3.5 6.03537e-05 
3.6 5.79261e-05 
3.7 5.57692e-05 
3.8 5.39647e-05 
3.9 5.25939e-05 
4 5.17368e-05 
4.1 5.14704e-05 
4.2 5.18673e-05 
4.3 5.29941e-05 
4.4 5.49101e-05 
4.5 5.76655e-05 
4.6 6.13003e-05 
4.7 6.58429e-05 
4.8 7.13089e-05 
4.9 7.77008e-05 
5 8.50062e-05 
5.1 9.31987e-05 
5.2 0.000102236 
5.3 0.000112063 
5.4 0.000122608 
5.5 0.000133786 
5.6 0.0001455 
5.7 0.000157642 
5.8 0.000170091 
5.9 0.00018272 
6 0.000195395 
6.1 0.000207977 
6.2 0.000220325 
6.3 0.000232297 
6.4 0.000243755 
6.5 0.000254565 
6.6 0.000264602 
6.7 0.000273748 
6.8 0.000281899 
6.9 0.000288965 
7 0.000294872 
7.1 0.000299566 
7.2 0.00030301 
7.3 0.00030519 
7.4 0.000306111 
7.5 0.000305802 
7.6 0.000304314 
7.7 0.000301718 
7.8 0.000298108 
7.9 0.000293594 
8 0.000288305 
8.1 0.000282386 
8.2 0.00027599 
8.3 0.000269284 
8.4 0.000262437 
8.5 0.000255622 
8.6 0.000249008 
8.7 0.000242761 
8.8 0.000237035 
8.9 0.000231974 
9 0.000227703 
9.1 0.000224329 
9.2 0.000221935 
9.3 0.000220581 
9.4 0.000220299 
9.5 0.000221095 
9.6 0.000222946 
9.7 0.0002258 
9.8 0.000229577 
9.9 0.000234172 
10 0.000239453 
10.1 0.000245266 
10.2 0.000251438 
10.3 0.000257775 
10.4 0.000264074 
10.5 0.000270119 
10.6 0.000275691 
10.7 0.000280566 
10.8 0.000284525 
10.9 0.000287354 
11 0.000288852 
11.1 0.00028883 
11.2 0.000287119 
11.3 0.00028357 
11.4 0.000278061 
11.5 0.000270493 
11.6 0.0002608 
11.7 0.000248942 
11.8 0.000234911 
11.9 0.00021873 
12 0.000200452 
12.1 0.000180157 
12.2 0.000157954 
12.3 0.000133975 
12.4 0.000108373 
12.5 8.13205e-05 
12.6 5.30031e-05 
12.7 2.36171e-05 
12.8 -6.63526e-06 
12.9 -3.75501e-05 
13 -6.8926e-05 
13.1 -0.000100568 
13.2 -0.000132292 
13.3 -0.000163929 
13.4 -0.000195326 
13.5 -0.000226351 
13.6 -0.000256895 
13.7 -0.000286873 
13.8 -0.000316228 
13.9 -0.000344926 
14 -0.000372962 
14.1 -0.000400358 
14.2 -0.00042716 
14.3 -0.000453439 
14.4 -0.000479286 
14.5 -0.000504814 
14.6 -0.000530153 
14.7 -0.000555447 
14.8 -0.000580849 
14.9 -0.000606523 
15 -0.000632635 
15.1 -0.000659351 
15.2 -0.000686837 
15.3 -0.000715251 
15.4 -0.000744741 
15.5 -0.000775443 
15.6 -0.00080748 
15.7 -0.000840953 
15.8 -0.000875949 
15.9 -0.000912531 
16 -0.000950741 
16.1 -0.000990597 
16.2 -0.0010321 
16.3 -0.00107522 
16.4 -0.00111991 
16.5 -0.00116611 
16.6 -0.00121374 
16.7 -0.0012627 
16.8 -0.00131287 
16.9 -0.00136414 
17 -0.00141638 
17.1 -0.00146946 
17.2 -0.00152324 
17.3 -0.00157761 
17.4 -0.00163243 
17.5 -0.00168758 
17.6 -0.00174298 
17.7 -0.00179851 
17.8 -0.00185411 
17.9 -0.00190971 
18 -0.00196527 
18.1 -0.00202075 
18.2 -0.00207615 
18.3 -0.00213147 
18.4 -0.00218673 
18.5 -0.00224195 
18.6 -0.0022972 
18.7 -0.00235252 
18.8 -0.00240798 
18.9 -0.00246365 
19 -0.00251961 
19.1 -0.00257593 
19.2 -0.00263269 
19.3 -0.00268996 
19.4 -0.00274781 
19.5 -0.00280627 
19.6 -0.00286541 
19.7 -0.00292526 
19.8 -0.00298582 
19.9 -0.0030471 
20 -0.00310909 
20.1 -0.00317176 
20.2 -0.00323505 
20.3 -0.0032989 
20.4 -0.00336324 
20.5 -0.00342797 
20.6 -0.00349299 
20.7 -0.00355818 
20.8 -0.00362342 
20.9 -0.00368859 
21 -0.00375355 
21.1 -0.00381818 
21.2 -0.00388235 
21.3 -0.00394595 
21.4 -0.00400886 
21.5 -0.004071 
21.6 -0.00413228 
21.7 -0.00419263 
21.8 -0.00425201 
21.9 -0.0043104 
22 -0.00436778 
22.1 -0.00442417 
22.2 -0.0044796 
22.3 -0.00453411 
22.4 -0.00458779 
22.5 -0.00464071 
22.6 -0.00469297 
22.7 -0.00474468 
22.8 -0.00479596 
22.9 -0.00484694 
23 -0.00489774 
23.1 -0.00494849 
23.2 -0.0049993 
23.3 -0.0050503 
23.4 -0.00510158 
23.5 -0.00515323 
23.6 -0.00520532 
23.7 -0.0052579 
23.8 -0.00531099 
23.9 -0.00536461 
24 -0.00541873 
24.1 -0.00547331 
24.2 -0.00552826 
24.3 -0.00558349 
24.4 -0.00563886 
24.5 -0.00569424 
24.6 -0.00574944 
24.7 -0.00580427 
24.8 -0.00585851 
24.9 -0.00591194 
25 -0.00596432 
25.1 -0.00601542 
25.2 -0.00606497 
25.3 -0.00611274 
25.4 -0.00615849 
25.5 -0.00620199 
25.6 -0.00624303 
25.7 -0.00628141 
25.8 -0.00631697 
25.9 -0.00634956 
26 -0.00637907 
26.1 -0.0064054 
26.2 -0.00642852 
26.3 -0.00644839 
26.4 -0.00646503 
26.5 -0.00647849 
26.6 -0.00648886 
26.7 -0.00649623 
26.8 -0.00650076 
26.9 -0.0065026 
27 -0.00650194 
27.1 -0.00649899 
27.2 -0.00649396 
27.3 -0.00648708 
27.4 -0.0064786 
27.5 -0.00646873 
27.6 -0.00645771 
27.7 -0.00644576 
27.8 -0.00643308 
27.9 -0.00641986 
28 -0.00640626 
28.1 -0.00639243 
28.2 -0.00637848 
28.3 -0.00636448 
28.4 -0.00635048 
28.5 -0.00633649 
28.6 -0.00632248 
28.7 -0.0063084 
28.8 -0.00629415 
28.9 -0.00627961 
29 -0.00626459 
29.1 -0.00624893 
29.2 -0.00623239 
29.3 -0.00621474 
29.4 -0.00619572 
29.5 -0.00617505 
29.6 -0.00615245 
29.7 -0.00612763 
29.8 -0.00610029 
29.9 -0.00607016 
30 -0.00603696 
30.1 -0.00600044 
30.2 -0.00596034 
30.3 -0.00591646 
30.4 -0.0058686 
30.5 -0.00581661 
30.6 -0.00576037 
30.7 -0.00569977 
30.8 -0.00563478 
30.9 -0.00556536 
31 -0.00549155 
31.1 -0.00541341 
31.2 -0.00533101 
31.3 -0.0052445 
31.4 -0.00515404 
31.5 -0.0050598 
31.6 -0.004962 
31.7 -0.00486088 
31.8 -0.00475668 
31.9 -0.00464966 
32 -0.00454011 
32.1 -0.00442828 
32.2 -0.00431445 
32.3 -0.00419888 
32.4 -0.00408183 
32.5 -0.00396354 
32.6 -0.00384422 
32.7 -0.00372408 
32.8 -0.00360328 
32.9 -0.00348196 
33 -0.00336024 
33.1 -0.0032382 
33.2 -0.00311587 
33.3 -0.00299327 
33.4 -0.00287039 
33.5 -0.00274715 
33.6 -0.00262347 
33.7 -0.00249924 
33.8 -0.00237432 
33.9 -0.00224852 
34 -0.00212167 
34.1 -0.00199356 
34.2 -0.00186396 
34.3 -0.00173264 
34.4 -0.00159938 
34.5 -0.00146393 
34.6 -0.00132606 
34.7 -0.00118556 
34.8 -0.0010422 
34.9 -0.000895789 
35 -0.000746156 
35.1 -0.000593141 
35.2 -0.000436615 
35.3 -0.000276474 
35.4 -0.000112644 
35.5 5.49215e-05 
35.6 0.000226236 
35.7 0.000401283 
35.8 0.000580017 
35.9 0.000762363 
36 0.000948215 
36.1 0.00113744 
36.2 0.0013299 
36.3 0.0015254 
36.4 0.00172375 
36.5 0.00192474 
36.6 0.00212815 
36.7 0.00233375 
36.8 0.00254129 
36.9 0.00275055 
37 0.00296127 
37.1 0.00317324 
37.2 0.00338622 
37.3 0.0036 
37.4 0.00381439 
37.5 0.00402921 
37.6 0.0042443 
37.7 0.00445951 
37.8 0.00467474 
37.9 0.0048899 
38 0.00510491 
38.1 0.00531974 
38.2 0.00553437 
38.3 0.00574881 
38.4 0.0059631 
38.5 0.00617729 
38.6 0.00639145 
38.7 0.00660569 
38.8 0.00682009 
38.9 0.0070348 
39 0.00724994 
39.1 0.00746564 
39.2 0.00768205 
39.3 0.00789931 
39.4 0.00811757 
39.5 0.00833696 
39.6 0.00855761 
39.7 0.00877963 
39.8 0.00900314 
39.9 0.00922822 
40 0.00945494 
40.1 0.00968337 
40.2 0.00991354 
40.3 0.0101455 
40.4 0.0103792 
40.5 0.0106146 
40.6 0.0108517 
40.7 0.0110904 
40.8 0.0113307 
40.9 0.0115724 
41 0.0118155 
41.1 0.0120598 
41.2 0.0123051 
41.3 0.0125514 
41.4 0.0127984 
41.5 0.0130459 
41.6 0.0132939 
41.7 0.0135422 
41.8 0.0137905 
41.9 0.0140387 
42 0.0142867 
42.1 0.0145343 
42.2 0.0147813 
42.3 0.0150276 
42.4 0.0152731 
42.5 0.0155177 
42.6 0.0157613 
42.7 0.0160038 
42.8 0.0162451 
42.9 0.0164852 
43 0.0167241 
43.1 0.0169618 
43.2 0.0171982 
43.3 0.0174333 
43.4 0.0176672 
43.5 0.0178999 
43.6 0.0181315 
43.7 0.0183619 
43.8 0.0185912 
43.9 0.0188196 
44 0.019047 
44.1 0.0192734 
44.2 0.0194991 
44.3 0.0197239 
44.4 0.019948 
44.5 0.0201713 
44.6 0.020394 
44.7 0.0206159 
44.8 0.0208372 
44.9 0.0210579 
45 0.0212778 
45.1 0.0214971 
45.2 0.0217156 
45.3 0.0219333 
45.4 0.0221502 
45.5 0.0223662 
45.6 0.0225813 
45.7 0.0227952 
45.8 0.0230081 
45.9 0.0232197 
46 0.02343 
46.1 0.0236389 
46.2 0.0238462 
46.3 0.024052 
46.4 0.0242561 
46.5 0.0244583 
46.6 0.0246588 
46.7 0.0248572 
46.8 0.0250536 
46.9 0.025248 
47 0.0254402 
47.1 0.0256302 
47.2 0.025818 
47.3 0.0260036 
47.4 0.0261869 
47.5 0.0263679 
47.6 0.0265466 
47.7 0.0267231 
47.8 0.0268973 
47.9 0.0270693 
48 0.0272391 
48.1 0.0274066 
48.2 0.027572 
48.3 0.0277353 
48.4 0.0278965 
48.5 0.0280556 
48.6 0.0282126 
48.7 0.0283675 
48.8 0.0285204 
48.9 0.0286713 
49 0.0288201 
49.1 0.0289667 
49.2 0.0291113 
49.3 0.0292537 
49.4 0.0293939 
49.5 0.0295319 
49.6 0.0296675 
49.7 0.0298006 
49.8 0.0299313 
49.9 0.0300593 
50 0.0301846 
50.1 0.0303071 
50.2 0.0304267 
50.3 0.0305432 
50.4 0.0306565 
50.5 0.0307666 
50.6 0.0308732 
50.7 0.0309764 
50.8 0.031076 
50.9 0.031172 
51 0.0312642 
51.1 0.0313525 
51.2 0.031437 
51.3 0.0315176 
51.4 0.0315942 
51.5 0.0316669 
51.6 0.0317356 
51.7 0.0318004 
51.8 0.0318613 
51.9 0.0319183 
52 0.0319716 
52.1 0.0320211 
52.2 0.0320671 
52.3 0.0321095 
52.4 0.0321485 
52.5 0.0321842 
52.6 0.0322167 
52.7 0.0322461 
52.8 0.0322726 
52.9 0.0322962 
53 0.0323172 
53.1 0.0323355 
53.2 0.0323513 
53.3 0.0323646 
53.4 0.0323756 
53.5 0.0323842 
53.6 0.0323906 
53.7 0.0323946 
53.8 0.0323964 
53.9 0.0323959 
54 0.032393 
54.1 0.0323876 
54.2 0.0323798 
54.3 0.0323693 
54.4 0.0323561 
54.5 0.0323399 
54.6 0.0323207 
54.7 0.0322983 
54.8 0.0322724 
54.9 0.0322429 
55 0.0322096 
55.1 0.0321722 
55.2 0.0321306 
55.3 0.0320845 
55.4 0.0320337 
55.5 0.0319781 
55.6 0.0319175 
55.7 0.0318516 
55.8 0.0317804 
55.9 0.0317037 
56 0.0316213 
56.1 0.0315332 
56.2 0.0314394 
56.3 0.0313397 
56.4 0.0312342 
56.5 0.0311228 
56.6 0.0310056 
56.7 0.0308826 
56.8 0.0307539 
56.9 0.0306197 
57 0.0304801 
57.1 0.0303352 
57.2 0.0301852 
57.3 0.0300302 
57.4 0.0298705 
57.5 0.0297063 
57.6 0.0295378 
57.7 0.0293653 
57.8 0.0291889 
57.9 0.0290088 
58 0.0288254 
58.1 0.0286387 
58.2 0.0284489 
58.3 0.0282563 
58.4 0.028061 
58.5 0.0278631 
58.6 0.0276627 
58.7 0.0274599 
58.8 0.0272547 
58.9 0.0270471 
59 0.0268372 
59.1 0.0266248 
59.2 0.0264099 
59.3 0.0261925 
59.4 0.0259722 
59.5 0.0257491 
59.6 0.0255229 
59.7 0.0252933 
59.8 0.0250602 
59.9 0.0248233 
60 0.0245823 
60.1 0.024337 
60.2 0.024087 
60.3 0.0238321 
60.4 0.023572 
60.5 0.0233064 
60.6 0.023035 
60.7 0.0227575 
60.8 0.0224738 
60.9 0.0221835 
61 0.0218865 
61.1 0.0215825 
61.2 0.0212715 
61.3 0.0209533 
61.4 0.0206277 
61.5 0.0202947 
61.6 0.0199544 
61.7 0.0196066 
61.8 0.0192514 
61.9 0.0188889 
62 0.0185192 
62.1 0.0181424 
62.2 0.0177587 
62.3 0.0173682 
62.4 0.0169712 
62.5 0.0165679 
62.6 0.0161585 
62.7 0.0157433 
62.8 0.0153225 
62.9 0.0148964 
63 0.0144654 
63.1 0.0140296 
63.2 0.0135893 
63.3 0.0131448 
63.4 0.0126963 
63.5 0.0122441 
63.6 0.0117883 
63.7 0.0113292 
63.8 0.0108668 
63.9 0.0104014 
64 0.00993289 
64.1 0.00946148 
64.2 0.00898716 
64.3 0.00850993 
64.4 0.00802974 
64.5 0.00754653 
64.6 0.00706021 
64.7 0.00657063 
64.8 0.00607765 
64.9 0.00558109 
65 0.00508073 
65.1 0.00457634 
65.2 0.0040677 
65.3 0.00355453 
65.4 0.00303658 
65.5 0.00251356 
65.6 0.0019852 
65.7 0.00145124 
65.8 0.000911396 
65.9 0.000365414 
66 -0.000186953 
66.1 -0.000745936 
66.2 -0.00131174 
66.3 -0.00188457 
66.4 -0.00246457 
66.5 -0.00305188 
66.6 -0.00364661 
66.7 -0.00424883 
66.8 -0.0048586 
66.9 -0.00547591 
67 -0.00610074 
67.1 -0.00673305 
67.2 -0.00737274 
67.3 -0.0080197 
67.4 -0.00867378 
67.5 -0.0093348 
67.6 -0.0100026 
67.7 -0.0106769 
67.8 -0.0113574 
67.9 -0.012044 
68 -0.0127364 
68.1 -0.0134342 
68.2 -0.0141372 
68.3 -0.0148451 
68.4 -0.0155576 
68.5 -0.0162745 
68.6 -0.0169953 
68.7 -0.0177199 
68.8 -0.0184481 
68.9 -0.0191795 
69 -0.0199139 
69.1 -0.0206511 
69.2 -0.0213911 
69.3 -0.0221334 
69.4 -0.0228782 
69.5 -0.0236251 
69.6 -0.0243742 
69.7 -0.0251254 
69.8 -0.0258785 
69.9 -0.0266337 
70 -0.0273908 
70.1 -0.0281499 
70.2 -0.028911 
70.3 -0.0296741 
70.4 -0.0304393 
70.5 -0.0312067 
70.6 -0.0319763 
70.7 -0.0327482 
70.8 -0.0335223 
70.9 -0.0342989 
71 -0.035078 
71.1 -0.0358595 
71.2 -0.0366436 
71.3 -0.0374303 
71.4 -0.0382195 
71.5 -0.0390112 
71.6 -0.0398055 
71.7 -0.0406023 
71.8 -0.0414015 
71.9 -0.0422029 
72 -0.0430066 
72.1 -0.0438123 
72.2 -0.0446198 
72.3 -0.045429 
72.4 -0.0462397 
72.5 -0.0470515 
72.6 -0.0478644 
72.7 -0.0486779 
72.8 -0.0494919 
72.9 -0.0503059 
73 -0.0511197 
73.1 -0.051933 
73.2 -0.0527453 
73.3 -0.0535565 
73.4 -0.0543661 
73.5 -0.0551738 
73.6 -0.0559792 
73.7 -0.0567821 
73.8 -0.057582 
73.9 -0.0583788 
74 -0.059172 
74.1 -0.0599614 
74.2 -0.0607467 
74.3 -0.0615276 
74.4 -0.0623038 
74.5 -0.0630751 
74.6 -0.0638414 
74.7 -0.0646023 
74.8 -0.0653576 
74.9 -0.0661072 
75 -0.0668509 
75.1 -0.0675885 
75.2 -0.0683198 
75.3 -0.0690447 
75.4 -0.069763 
75.5 -0.0704747 
75.6 -0.0711794 
75.7 -0.0718771 
75.8 -0.0725677 
75.9 -0.0732509 
76 -0.0739267 
76.1 -0.0745948 
76.2 -0.075255 
76.3 -0.0759073 
76.4 -0.0765513 
76.5 -0.0771868 
76.6 -0.0778138 
76.7 -0.0784318 
76.8 -0.0790407 
76.9 -0.0796402 
77 -0.08023 
77.1 -0.0808098 
77.2 -0.0813794 
77.3 -0.0819385 
77.4 -0.0824867 
77.5 -0.0830237 
77.6 -0.0835493 
77.7 -0.084063 
77.8 -0.0845645 
77.9 -0.0850537 
78 -0.08553 
78.1 -0.0859933 
78.2 -0.0864432 
78.3 -0.0868795 
78.4 -0.0873018 
78.5 -0.0877099 
78.6 -0.0881036 
78.7 -0.0884826 
78.8 -0.0888468 
78.9 -0.0891959 
79 -0.0895298 
79.1 -0.0898484 
79.2 -0.0901516 
79.3 -0.0904392 
79.4 -0.0907112 
79.5 -0.0909676 
79.6 -0.0912083 
79.7 -0.0914334 
79.8 -0.0916428 
79.9 -0.0918366 
80 -0.0920149 
80.1 -0.0921777 
80.2 -0.0923251 
80.3 -0.0924573 
80.4 -0.0925744 
80.5 -0.0926764 
80.6 -0.0927635 
80.7 -0.0928358 
80.8 -0.0928935 
80.9 -0.0929368 
81 -0.0929657 
81.1 -0.0929804 
81.2 -0.092981 
81.3 -0.0929676 
81.4 -0.0929404 
81.5 -0.0928996 
81.6 -0.0928451 
81.7 -0.0927771 
81.8 -0.0926956 
81.9 -0.0926009 
82 -0.0924928 
82.1 -0.0923716 
82.2 -0.0922372 
82.3 -0.0920897 
82.4 -0.0919291 
82.5 -0.0917554 
82.6 -0.0915687 
82.7 -0.0913691 
82.8 -0.0911564 
82.9 -0.0909308 
83 -0.0906922 
83.1 -0.0904407 
83.2 -0.0901763 
83.3 -0.0898991 
83.4 -0.0896089 
83.5 -0.089306 
83.6 -0.0889903 
83.7 -0.0886619 
83.8 -0.0883209 
83.9 -0.0879674 
84 -0.0876014 
84.1 -0.087223 
84.2 -0.0868324 
84.3 -0.0864298 
84.4 -0.0860152 
84.5 -0.0855889 
84.6 -0.0851509 
84.7 -0.0847016 
84.8 -0.0842411 
84.9 -0.0837697 
85 -0.0832876 
85.1 -0.0827951 
85.2 -0.0822923 
85.3 -0.0817797 
85.4 -0.0812574 
85.5 -0.0807258 
85.6 -0.0801852 
85.7 -0.0796359 
85.8 -0.0790781 
85.9 -0.0785123 
86 -0.0779387 
86.1 -0.0773576 
86.2 -0.0767694 
86.3 -0.0761744 
86.4 -0.0755728 
86.5 -0.0749651 
86.6 -0.0743514 
86.7 -0.0737321 
86.8 -0.0731075 
86.9 -0.0724778 
87 -0.0718434 
87.1 -0.0712044 
87.2 -0.0705612 
87.3 -0.0699139 
87.4 -0.0692629 
87.5 -0.0686082 
87.6 -0.0679501 
87.7 -0.0672889 
87.8 -0.0666247 
87.9 -0.0659576 
88 -0.0652878 
88.1 -0.0646155 
88.2 -0.0639409 
88.3 -0.0632639 
88.4 -0.0625848 
88.5 -0.0619037 
88.6 -0.0612207 
88.7 -0.0605358 
88.8 -0.0598492 
88.9 -0.0591609 
89 -0.0584711 
89.1 -0.0577797 
89.2 -0.0570869 
89.3 -0.0563928 
89.4 -0.0556973 
89.5 -0.0550006 
89.6 -0.0543026 
89.7 -0.0536036 
89.8 -0.0529035 
89.9 -0.0522024 
90 -0.0515003 
90.1 -0.0507974 
90.2 -0.0500937 
90.3 -0.0493892 
90.4 -0.048684 
90.5 -0.0479782 
90.6 -0.0472719 
90.7 -0.0465651 
90.8 -0.0458579 
90.9 -0.0451505 
91 -0.0444428 
91.1 -0.043735 
91.2 -0.0430272 
91.3 -0.0423195 
91.4 -0.0416119 
91.5 -0.0409046 
91.6 -0.0401976 
91.7 -0.0394911 
91.8 -0.0387852 
91.9 -0.03808 
92 -0.0373755 
92.1 -0.0366719 
92.2 -0.0359693 
92.3 -0.0352678 
92.4 -0.0345675 
92.5 -0.0338684 
92.6 -0.0331708 
92.7 -0.0324746 
92.8 -0.0317801 
92.9 -0.0310872 
93 -0.0303961 
93.1 -0.0297068 
93.2 -0.0290195 
93.3 -0.0283341 
93.4 -0.0276509 
93.5 -0.0269698 
93.6 -0.0262909 
93.7 -0.0256144 
93.8 -0.0249401 
93.9 -0.0242682 
94 -0.0235988 
94.1 -0.0229318 
94.2 -0.0222674 
94.3 -0.0216055 
94.4 -0.0209461 
94.5 -0.0202893 
94.6 -0.0196351 
94.7 -0.0189835 
94.8 -0.0183345 
94.9 -0.0176881 
95 -0.0170444 
95.1 -0.0164032 
95.2 -0.0157646 
95.3 -0.0151286 
95.4 -0.0144951 
95.5 -0.0138642 
95.6 -0.0132357 
95.7 -0.0126098 
95.8 -0.0119863 
95.9 -0.0113652 
96 -0.0107465 
96.1 -0.0101301 
96.2 -0.00951604 
96.3 -0.00890427 
96.4 -0.00829473 
96.5 -0.0076874 
96.6 -0.00708223 
96.7 -0.00647918 
96.8 -0.00587822 
96.9 -0.00527931 
97 -0.00468242 
97.1 -0.00408751 
97.2 -0.00349454 
97.3 -0.0029035 
97.4 -0.00231433 
97.5 -0.00172703 
97.6 -0.00114155 
97.7 -0.000557885 
97.8 2.40032e-05 
97.9 0.00060413 
98 0.00118252 
98.1 0.00175918 
98.2 0.00233413 
98.3 0.00290738 
98.4 0.00347895 
98.5 0.00404884 
98.6 0.00461706 
98.7 0.00518361 
98.8 0.00574851 
98.9 0.00631174 
99 0.00687332 
99.1 0.00743324 
99.2 0.0079915 
99.3 0.0085481 
99.4 0.00910304 
99.5 0.0096563 
99.6 0.0102079 
99.7 0.0107578 
99.8 0.011306 
99.9 0.0118526 
100 0.0123974 
100.1 0.0129406 
100.2 0.0134821 
100.3 0.0140218 
100.4 0.0145599 
100.5 0.0150962 
100.6 0.0156309 
100.7 0.0161639 
100.8 0.0166951 
100.9 0.0172247 
101 0.0177527 
101.1 0.0182789 
101.2 0.0188035 
101.3 0.0193265 
101.4 0.0198478 
101.5 0.0203675 
101.6 0.0208857 
101.7 0.0214023 
101.8 0.0219174 
101.9 0.0224309 
102 0.022943 
102.1 0.0234537 
102.2 0.0239629 
102.3 0.0244708 
102.4 0.0249774 
102.5 0.0254827 
102.6 0.0259867 
102.7 0.0264895 
102.8 0.0269912 
102.9 0.0274918 
103 0.0279914 
103.1 0.0284899 
103.2 0.0289875 
103.3 0.0294843 
103.4 0.0299801 
103.5 0.0304752 
103.6 0.0309696 
103.7 0.0314633 
103.8 0.0319564 
103.9 0.032449 
104 0.032941 
104.1 0.0334326 
104.2 0.0339239 
104.3 0.0344148 
104.4 0.0349054 
104.5 0.0353958 
104.6 0.035886 
104.7 0.0363761 
104.8 0.0368662 
104.9 0.0373562 
105 0.0378463 
105.1 0.0383365 
105.2 0.0388267 
105.3 0.0393172 
105.4 0.0398079 
105.5 0.0402988 
105.6 0.04079 
105.7 0.0412816 
105.8 0.0417735 
105.9 0.0422659 
106 0.0427587 
106.1 0.0432519 
106.2 0.0437457 
106.3 0.04424 
106.4 0.0447349 
106.5 0.0452303 
106.6 0.0457264 
106.7 0.0462231 
106.8 0.0467205 
106.9 0.0472185 
107 0.0477173 
107.1 0.0482168 
107.2 0.0487171 
107.3 0.0492181 
107.4 0.04972 
107.5 0.0502226 
107.6 0.0507261 
107.7 0.0512305 
107.8 0.0517357 
107.9 0.0522419 
108 0.0527489 
108.1 0.053257 
108.2 0.053766 
108.3 0.054276 
108.4 0.0547871 
108.5 0.0552992 
108.6 0.0558124 
108.7 0.0563268 
108.8 0.0568423 
108.9 0.057359 
109 0.057877 
109.1 0.0583962 
109.2 0.0589167 
109.3 0.0594387 
109.4 0.059962 
109.5 0.0604867 
109.6 0.061013 
109.7 0.0615409 
109.8 0.0620703 
109.9 0.0626015 
110 0.0631344 
110.1 0.063669 
110.2 0.0642056 
110.3 0.0647441 
110.4 0.0652846 
110.5 0.0658271 
110.6 0.0663718 
110.7 0.0669188 
110.8 0.067468 
110.9 0.0680197 
111 0.0685738 
111.1 0.0691305 
111.2 0.0696898 
111.3 0.0702518 
111.4 0.0708167 
111.5 0.0713845 
111.6 0.0719553 
111.7 0.0725293 
111.8 0.0731064 
111.9 0.0736869 
112 0.0742707 
112.1 0.0748581 
112.2 0.0754491 
112.3 0.0760438 
112.4 0.0766423 
112.5 0.0772447 
112.6 0.0778512 
112.7 0.0784618 
112.8 0.0790767 
112.9 0.079696 
113 0.0803197 
113.1 0.080948 
113.2 0.081581 
113.3 0.0822188 
113.4 0.0828615 
113.5 0.0835092 
113.6 0.0841621 
113.7 0.0848203 
113.8 0.0854838 
113.9 0.0861528 
114 0.0868274 
114.1 0.0875078 
114.2 0.088194 
114.3 0.0888862 
114.4 0.0895844 
114.5 0.0902889 
114.6 0.0909997 
114.7 0.0917169 
114.8 0.0924408 
114.9 0.0931713 
115 0.0939087 
115.1 0.094653 
115.2 0.0954044 
115.3 0.0961631 
115.4 0.0969291 
115.5 0.0977027 
115.6 0.0984839 
115.7 0.0992729 
115.8 0.10007 
115.9 0.100875 
116 0.101688 
116.1 0.10251 
116.2 0.10334 
116.3 0.104179 
116.4 0.105027 
116.5 0.105884 
116.6 0.10675 
116.7 0.107626 
116.8 0.108511 
116.9 0.109407 
117 0.110312 
117.1 0.111227 
117.2 0.112153 
117.3 0.11309 
117.4 0.114037 
117.5 0.114996 
117.6 0.115966 
117.7 0.116948 
117.8 0.117941 
117.9 0.118947 
118 0.119965 
118.1 0.120996 
118.2 0.12204 
118.3 0.123098 
118.4 0.124168 
118.5 0.125253 
118.6 0.126353 
118.7 0.127466 
118.8 0.128595 
118.9 0.12974 
119 0.1309 
119.1 0.132076 
119.2 0.133268 
119.3 0.134478 
119.4 0.135705 
119.5 0.13695 
119.6 0.138213 
119.7 0.139495 
119.8 0.140797 
119.9 0.142118 
120 0.143459 
120.1 0.144822 
120.2 0.146205 
120.3 0.147611 
120.4 0.14904 
120.5 0.150491 
120.6 0.151966 
120.7 0.153466 
120.8 0.154991 
120.9 0.156542 
121 0.158119 
121.1 0.159724 
121.2 0.161356 
121.3 0.163018 
121.4 0.164709 
121.5 0.16643 
121.6 0.168182 
121.7 0.169967 
121.8 0.171785 
121.9 0.173637 
122 0.175523 
122.1 0.177445 
122.2 0.179405 
122.3 0.181402 
122.4 0.183438 
122.5 0.185514 
122.6 0.187631 
122.7 0.189791 
122.8 0.191993 
122.9 0.194241 
123 0.196534 
123.1 0.198875 
123.2 0.201264 
123.3 0.203702 
123.4 0.206192 
123.5 0.208734 
123.6 0.211329 
123.7 0.21398 
123.8 0.216688 
123.9 0.219453 
124 0.222278 
124.1 0.225163 
124.2 0.228111 
124.3 0.231123 
124.4 0.2342 
124.5 0.237343 
124.6 0.240555 
124.7 0.243836 
124.8 0.247187 
124.9 0.25061 
125 0.254106 
125.1 0.257675 
125.2 0.26132 
125.3 0.26504 
125.4 0.268835 
125.5 0.272707 
125.6 0.276655 
125.7 0.280679 
125.8 0.284778 
125.9 0.288952 
126 0.293197 
126.1 0.297513 
126.2 0.301897 
126.3 0.306344 
126.4 0.31085 
126.5 0.315409 
126.6 0.320016 
126.7 0.324661 
126.8 0.329335 
126.9 0.334026 
127 0.338722 
127.1 0.343407 
127.2 0.348062 
127.3 0.352667 
127.4 0.357197 
127.5 0.361626 
127.6 0.36592 
127.7 0.370045 
127.8 0.373959 
127.9 0.377617 
128 0.380968 
128.1 0.383953 
128.2 0.38651 
128.3 0.388568 
128.4 0.39005 
128.5 0.390873 
128.6 0.390948 
128.7 0.390178 
128.8 0.388465 
128.9 0.385704 
129 0.381792 
129.1 0.376623 
129.2 0.370098 
129.3 0.362123 
129.4 0.352618 
129.5 0.341515 
129.6 0.32877 
129.7 0.314362 
129.8 0.298297 
129.9 0.280618 
130 0.261399 
130.1 0.240754 
130.2 0.218829 
130.3 0.195805 
130.4 0.171892 
130.5 0.147321 
130.6 0.122342 
130.7 0.0972073 
130.8 0.0721722 
130.9 0.04748 
131 0.0233577 
131.1 8.82172e-06 
131.2 -0.0223907 
131.3 -0.0436957 
131.4 -0.0637929 
131.5 -0.0826004 
131.6 -0.100066 
131.7 -0.116166 
131.8 -0.1309 
131.9 -0.144289 
132 -0.156368 
132.1 -0.16719 
132.2 -0.176815 
132.3 -0.185309 
132.4 -0.192746 
132.5 -0.1992 
132.6 -0.204744 
132.7 -0.209452 
132.8 -0.213395 
132.9 -0.216642 
133 -0.219257 
133.1 -0.2213 
133.2 -0.22283 
133.3 -0.223897 
133.4 -0.224552 
133.5 -0.224837 
133.6 -0.224794 
133.7 -0.224461 
133.8 -0.223869 
133.9 -0.223051 
134 -0.222034 
134.1 -0.220842 
134.2 -0.219499 
134.3 -0.218023 
134.4 -0.216433 
134.5 -0.214745 
134.6 -0.212975 
134.7 -0.211134 
134.8 -0.209234 
134.9 -0.207285 
135 -0.205297 
135.1 -0.203278 
135.2 -0.201235 
135.3 -0.199175 
135.4 -0.197103 
135.5 -0.195024 
135.6 -0.192942 
135.7 -0.190862 
135.8 -0.188787 
135.9 -0.186721 
136 -0.184664 
136.1 -0.182621 
136.2 -0.180593 
136.3 -0.178582 
136.4 -0.176588 
136.5 -0.174614 
136.6 -0.172661 
136.7 -0.170729 
136.8 -0.16882 
136.9 -0.166933 
137 -0.16507 
137.1 -0.16323 
137.2 -0.161414 
137.3 -0.159623 
137.4 -0.157856 
137.5 -0.156113 
137.6 -0.154395 
137.7 -0.152702 
137.8 -0.151033 
137.9 -0.149387 
138 -0.147766 
138.1 -0.146169 
138.2 -0.144596 
138.3 -0.143046 
138.4 -0.141519 
138.5 -0.140015 
138.6 -0.138534 
138.7 -0.137075 
138.8 -0.135637 
138.9 -0.134222 
139 -0.132828 
139.1 -0.131455 
139.2 -0.130103 
139.3 -0.12877 
139.4 -0.127459 
139.5 -0.126166 
139.6 -0.124893 
139.7 -0.123639 
139.8 -0.122404 
139.9 -0.121187 
140 -0.119988 
140.1 -0.118807 
140.2 -0.117643 
140.3 -0.116496 
140.4 -0.115366 
140.5 -0.114253 
140.6 -0.113155 
140.7 -0.112074 
140.8 -0.111007 
140.9 -0.109957 
141 -0.108921 
141.1 -0.107899 
141.2 -0.106893 
141.3 -0.1059 
141.4 -0.104921 
141.5 -0.103956 
141.6 -0.103004 
141.7 -0.102065 
141.8 -0.101139 
141.9 -0.100225 
142 -0.0993244 
142.1 -0.0984355 
142.2 -0.0975586 
142.3 -0.0966933 
142.4 -0.0958394 
142.5 -0.0949968 
142.6 -0.0941653 
142.7 -0.0933446 
142.8 -0.0925346 
142.9 -0.091735 
143 -0.0909456 
143.1 -0.0901663 
143.2 -0.0893969 
143.3 -0.0886372 
143.4 -0.0878871 
143.5 -0.0871463 
143.6 -0.0864147 
143.7 -0.0856921 
143.8 -0.0849783 
143.9 -0.0842733 
144 -0.0835768 
144.1 -0.0828887 
144.2 -0.0822089 
144.3 -0.0815372 
144.4 -0.0808734 
144.5 -0.0802175 
144.6 -0.0795692 
144.7 -0.0789286 
144.8 -0.0782953 
144.9 -0.0776694 
145 -0.0770506 
145.1 -0.0764389 
145.2 -0.0758341 
145.3 -0.0752361 
145.4 -0.0746449 
145.5 -0.0740602 
145.6 -0.0734821 
145.7 -0.0729103 
145.8 -0.0723447 
145.9 -0.0717854 
146 -0.0712321 
146.1 -0.0706848 
146.2 -0.0701433 
146.3 -0.0696076 
146.4 -0.0690777 
146.5 -0.0685533 
146.6 -0.0680344 
146.7 -0.0675209 
146.8 -0.0670128 
146.9 -0.0665099 
147 -0.0660122 
147.1 -0.0655195 
147.2 -0.0650319 
147.3 -0.0645492 
147.4 -0.0640713 
147.5 -0.0635983 
147.6 -0.0631299 
147.7 -0.0626662 
147.8 -0.062207 
147.9 -0.0617523 
148 -0.0613021 
148.1 -0.0608562 
148.2 -0.0604146 
148.3 -0.0599772 
148.4 -0.059544 
148.5 -0.059115 
148.6 -0.0586899 
148.7 -0.0582689 
148.8 -0.0578518 
148.9 -0.0574385 
149 -0.0570291 
149.1 -0.0566234 
149.2 -0.0562215 
149.3 -0.0558232 
149.4 -0.0554285 
149.5 -0.0550373 
149.6 -0.0546497 
149.7 -0.0542655 
149.8 -0.0538847 
149.9 -0.0535073 
150 -0.0531332 
150.1 -0.0527623 
150.2 -0.0523947 
150.3 -0.0520302 
150.4 -0.0516689 
150.5 -0.0513107 
150.6 -0.0509555 
150.7 -0.0506033 
150.8 -0.0502541 
150.9 -0.0499078 
151 -0.0495644 
151.1 -0.0492238 
151.2 -0.0488861 
151.3 -0.0485511 
151.4 -0.0482188 
151.5 -0.0478893 
151.6 -0.0475624 
151.7 -0.0472381 
151.8 -0.0469164 
151.9 -0.0465973 
152 -0.0462808 
152.1 -0.0459667 
152.2 -0.045655 
152.3 -0.0453458 
152.4 -0.045039 
152.5 -0.0447346 
152.6 -0.0444325 
152.7 -0.0441327 
152.8 -0.0438352 
152.9 -0.04354 
153 -0.0432469 
153.1 -0.0429561 
153.2 -0.0426674 
153.3 -0.0423809 
153.4 -0.0420965 
153.5 -0.0418141 
153.6 -0.0415339 
153.7 -0.0412556 
153.8 -0.0409794 
153.9 -0.0407051 
154 -0.0404329 
154.1 -0.0401625 
154.2 -0.0398941 
154.3 -0.0396276 
154.4 -0.0393629 
154.5 -0.0391001 
154.6 -0.038839 
154.7 -0.0385798 
154.8 -0.0383224 
154.9 -0.0380668 
155 -0.0378128 
155.1 -0.0375606 
155.2 -0.0373101 
155.3 -0.0370613 
155.4 -0.0368141 
155.5 -0.0365685 
155.6 -0.0363246 
155.7 -0.0360823 
155.8 -0.0358416 
155.9 -0.0356024 
156 -0.0353647 
156.1 -0.0351286 
156.2 -0.034894 
156.3 -0.0346609 
156.4 -0.0344293 
156.5 -0.0341991 
156.6 -0.0339704 
156.7 -0.0337431 
156.8 -0.0335172 
156.9 -0.0332926 
157 -0.0330695 
157.1 -0.0328477 
157.2 -0.0326273 
157.3 -0.0324082 
157.4 -0.0321904 
157.5 -0.031974 
157.6 -0.0317588 
157.7 -0.0315448 
157.8 -0.0313322 
157.9 -0.0311208 
158 -0.0309106 
158.1 -0.0307016 
158.2 -0.0304938 
158.3 -0.0302873 
158.4 -0.0300819 
158.5 -0.0298776 
158.6 -0.0296745 
158.7 -0.0294726 
158.8 -0.0292718 
158.9 -0.0290721 
159 -0.0288735 
159.1 -0.028676 
159.2 -0.0284795 
159.3 -0.0282842 
159.4 -0.0280898 
159.5 -0.0278966 
159.6 -0.0277043 
159.7 -0.0275131 
159.8 -0.0273229 
159.9 -0.0271337 
160 -0.0269455 
160.1 -0.0267583 
160.2 -0.026572 
160.3 -0.0263867 
160.4 -0.0262023 
160.5 -0.0260189 
160.6 -0.0258364 
160.7 -0.0256548 
160.8 -0.0254742 
160.9 -0.0252944 
161 -0.0251155 
161.1 -0.0249375 
161.2 -0.0247604 
161.3 -0.0245841 
161.4 -0.0244087 
161.5 -0.0242341 
161.6 -0.0240604 
161.7 -0.0238875 
161.8 -0.0237154 
161.9 -0.0235441 
162 -0.0233736 
162.1 -0.0232039 
162.2 -0.023035 
162.3 -0.0228668 
162.4 -0.0226994 
162.5 -0.0225328 
162.6 -0.022367 
162.7 -0.0222018 
162.8 -0.0220375 
162.9 -0.0218738 
163 -0.0217109 
163.1 -0.0215486 
163.2 -0.0213871 
163.3 -0.0212263 
163.4 -0.0210662 
163.5 -0.0209067 
163.6 -0.020748 
163.7 -0.0205899 
163.8 -0.0204324 
163.9 -0.0202756 
164 -0.0201195 
164.1 -0.019964 
164.2 -0.0198092 
164.3 -0.0196549 
164.4 -0.0195013 
164.5 -0.0193483 
164.6 -0.0191959 
164.7 -0.0190442 
164.8 -0.018893 
164.9 -0.0187424 
165 -0.0185924 
165.1 -0.0184429 
165.2 -0.0182941 
165.3 -0.0181458 
165.4 -0.017998 
165.5 -0.0178508 
165.6 -0.0177042 
165.7 -0.0175581 
165.8 -0.0174125 
165.9 -0.0172675 
166 -0.017123 
166.1 -0.016979 
166.2 -0.0168355 
166.3 -0.0166926 
166.4 -0.0165501 
166.5 -0.0164081 
166.6 -0.0162666 
166.7 -0.0161257 
166.8 -0.0159851 
166.9 -0.0158451 
167 -0.0157055 
167.1 -0.0155664 
167.2 -0.0154278 
167.3 -0.0152896 
167.4 -0.0151519 
167.5 -0.0150146 
167.6 -0.0148777 
167.7 -0.0147413 
167.8 -0.0146053 
167.9 -0.0144698 
168 -0.0143346 
168.1 -0.0141999 
168.2 -0.0140656 
168.3 -0.0139317 
168.4 -0.0137982 
168.5 -0.0136651 
168.6 -0.0135323 
168.7 -0.0134 
168.8 -0.0132681 
168.9 -0.0131365 
169 -0.0130053 
169.1 -0.0128745 
169.2 -0.012744 
169.3 -0.0126139 
169.4 -0.0124842 
169.5 -0.0123548 
169.6 -0.0122258 
169.7 -0.0120971 
169.8 -0.0119687 
169.9 -0.0118407 
170 -0.011713 
170.1 -0.0115857 
170.2 -0.0114586 
170.3 -0.0113319 
170.4 -0.0112055 
170.5 -0.0110794 
170.6 -0.0109537 
170.7 -0.0108282 
170.8 -0.010703 
170.9 -0.0105781 
171 -0.0104535 
171.1 -0.0103292 
171.2 -0.0102052 
171.3 -0.0100815 
171.4 -0.00995803 
171.5 -0.00983484 
171.6 -0.00971192 
171.7 -0.00958927 
171.8 -0.00946687 
171.9 -0.00934474 
172 -0.00922286 
172.1 -0.00910123 
172.2 -0.00897984 
172.3 -0.0088587 
172.4 -0.0087378 
172.5 -0.00861714 
172.6 -0.0084967 
172.7 -0.0083765 
172.8 -0.00825652 
172.9 -0.00813677 
173 -0.00801723 
173.1 -0.00789791 
173.2 -0.0077788 
173.3 -0.0076599 
173.4 -0.0075412 
173.5 -0.0074227 
173.6 -0.0073044 
173.7 -0.0071863 
173.8 -0.00706839 
173.9 -0.00695066 
174 -0.00683312 
174.1 -0.00671577 
174.2 -0.00659859 
174.3 -0.00648158 
174.4 -0.00636475 
174.5 -0.00624808 
174.6 -0.00613158 
174.7 -0.00601524 
174.8 -0.00589906 
174.9 -0.00578304 
175 -0.00566717 
175.1 -0.00555144 
175.2 -0.00543586 
175.3 -0.00532043 
175.4 -0.00520514 
175.5 -0.00508998 
175.6 -0.00497495 
175.7 -0.00486006 
175.8 -0.00474529 
175.9 -0.00463065 
176 -0.00451612 
176.1 -0.00440172 
176.2 -0.00428743 
176.3 -0.00417325 
176.4 -0.00405918 
176.5 -0.00394522 
176.6 -0.00383136 
176.7 -0.0037176 
176.8 -0.00360393 
176.9 -0.00349036 
177 -0.00337688 
177.1 -0.00326349 
177.2 -0.00315018 
177.3 -0.00303696 
177.4 -0.00292381 
177.5 -0.00281074 
177.6 -0.00269774 
177.7 -0.00258481 
177.8 -0.00247195 
177.9 -0.00235915 
178 -0.00224642 
178.1 -0.00213374 
178.2 -0.00202111 
178.3 -0.00190854 
178.4 -0.00179602 
178.5 -0.00168354 
178.6 -0.00157111 
178.7 -0.00145872 
178.8 -0.00134637 
178.9 -0.00123405 
179 -0.00112176 
179.1 -0.0010095 
179.2 -0.000897269 
179.3 -0.00078506 
179.4 -0.000672871 
179.5 -0.000560699 
179.6 -0.000448542 
179.7 -0.000336396 
179.8 -0.000224259 
179.9 -0.000112128 
