0.1 1 
0.2 1 
0.3 1 
0.4 1 
0.5 1 
0.6 1 
0.7 1 
0.8 1 
0.9 1 
1 1 
1.1 1 
1.2 1 
1.3 1 
1.4 1 
1.5 1 
1.6 1 
1.7 1 
1.8 1 
1.9 1 
2 1 
2.1 1 
2.2 1 
2.3 1 
2.4 1 
2.5 1 
2.6 1 
2.7 1 
2.8 1 
2.9 1 
3 1 
3.1 1 
3.2 1 
3.3 1 
3.4 1 
3.5 1 
3.6 1 
3.7 1 
3.8 1 
3.9 1 
4 1 
4.1 1 
4.2 1 
4.3 1 
4.4 1 
4.5 1 
4.6 1 
4.7 1 
4.8 1 
4.9 1 
5 1 
5.1 1 
5.2 1 
5.3 1 
5.4 1 
5.5 1 
5.6 1 
5.7 1 
5.8 1 
5.9 1 
6 1 
6.1 1 
6.2 1 
6.3 1 
6.4 1 
6.5 1 
6.6 1 
6.7 1 
6.8 1 
6.9 1 
7 1 
7.1 1 
7.2 1 
7.3 1 
7.4 1 
7.5 1 
7.6 1 
7.7 1 
7.8 1 
7.9 1 
8 1 
8.1 1 
8.2 1 
8.3 1 
8.4 1 
8.5 1 
8.6 1 
8.7 1 
8.8 1 
8.9 1 
9 1 
9.1 1 
9.2 1 
9.3 1 
9.4 1 
9.5 1 
9.6 1 
9.7 1 
9.8 1 
9.9 1 
10 1 
10.1 1 
10.2 1 
10.3 1 
10.4 0.999999 
10.5 0.999999 
10.6 0.999999 
10.7 0.999999 
10.8 0.999999 
10.9 0.999999 
11 0.999999 
11.1 0.999999 
11.2 0.999999 
11.3 0.999999 
11.4 0.999999 
11.5 0.999999 
11.6 0.999999 
11.7 0.999999 
11.8 0.999999 
11.9 0.999999 
12 0.999999 
12.1 0.999999 
12.2 0.999999 
12.3 0.999999 
12.4 0.999999 
12.5 0.999999 
12.6 0.999999 
12.7 0.999999 
12.8 0.999999 
12.9 0.999999 
13 0.999999 
13.1 0.999999 
13.2 0.999999 
13.3 0.999999 
13.4 0.999999 
13.5 0.999998 
13.6 0.999998 
13.7 0.999998 
13.8 0.999998 
13.9 0.999998 
14 0.999998 
14.1 0.999998 
14.2 0.999998 
14.3 0.999998 
14.4 0.999998 
14.5 0.999998 
14.6 0.999998 
14.7 0.999998 
14.8 0.999998 
14.9 0.999998 
15 0.999998 
15.1 0.999998 
15.2 0.999997 
15.3 0.999997 
15.4 0.999997 
15.5 0.999997 
15.6 0.999997 
15.7 0.999997 
15.8 0.999997 
15.9 0.999997 
16 0.999997 
16.1 0.999997 
16.2 0.999997 
16.3 0.999997 
16.4 0.999996 
16.5 0.999996 
16.6 0.999996 
16.7 0.999996 
16.8 0.999996 
16.9 0.999996 
17 0.999996 
17.1 0.999996 
17.2 0.999996 
17.3 0.999996 
17.4 0.999996 
17.5 0.999996 
17.6 0.999996 
17.7 0.999995 
17.8 0.999995 
17.9 0.999995 
18 0.999995 
18.1 0.999995 
18.2 0.999995 
18.3 0.999995 
18.4 0.999995 
18.5 0.999995 
18.6 0.999995 
18.7 0.999995 
18.8 0.999994 
18.9 0.999994 
19 0.999994 
19.1 0.999994 
19.2 0.999994 
19.3 0.999994 
19.4 0.999994 
19.5 0.999994 
19.6 0.999993 
19.7 0.999993 
19.8 0.999993 
19.9 0.999993 
20 0.999993 
20.1 0.999992 
20.2 0.999992 
20.3 0.999992 
20.4 0.999992 
20.5 0.999992 
20.6 0.999992 
20.7 0.999991 
20.8 0.999991 
20.9 0.999991 
21 0.999991 
21.1 0.999991 
21.2 0.99999 
21.3 0.99999 
21.4 0.99999 
21.5 0.99999 
21.6 0.99999 
21.7 0.99999 
21.8 0.999989 
21.9 0.999989 
22 0.999989 
22.1 0.999989 
22.2 0.999989 
22.3 0.999989 
22.4 0.999989 
22.5 0.999988 
22.6 0.999988 
22.7 0.999988 
22.8 0.999988 
22.9 0.999988 
23 0.999988 
23.1 0.999987 
23.2 0.999987 
23.3 0.999987 
23.4 0.999987 
23.5 0.999987 
23.6 0.999986 
23.7 0.999986 
23.8 0.999986 
23.9 0.999986 
24 0.999985 
24.1 0.999985 
24.2 0.999985 
24.3 0.999984 
24.4 0.999984 
24.5 0.999984 
24.6 0.999983 
24.7 0.999983 
24.8 0.999983 
24.9 0.999982 
25 0.999982 
25.1 0.999982 
25.2 0.999981 
25.3 0.999981 
25.4 0.999981 
25.5 0.99998 
25.6 0.99998 
25.7 0.99998 
25.8 0.999979 
25.9 0.999979 
26 0.999979 
26.1 0.999978 
26.2 0.999978 
26.3 0.999978 
26.4 0.999977 
26.5 0.999977 
26.6 0.999977 
26.7 0.999976 
26.8 0.999976 
26.9 0.999976 
27 0.999975 
27.1 0.999975 
27.2 0.999975 
27.3 0.999975 
27.4 0.999974 
27.5 0.999974 
27.6 0.999974 
27.7 0.999973 
27.8 0.999973 
27.9 0.999972 
28 0.999972 
28.1 0.999972 
28.2 0.999971 
28.3 0.999971 
28.4 0.99997 
28.5 0.99997 
28.6 0.999969 
28.7 0.999969 
28.8 0.999968 
28.9 0.999968 
29 0.999967 
29.1 0.999967 
29.2 0.999966 
29.3 0.999966 
29.4 0.999965 
29.5 0.999964 
29.6 0.999964 
29.7 0.999963 
29.8 0.999963 
29.9 0.999962 
30 0.999961 
30.1 0.999961 
30.2 0.99996 
30.3 0.999959 
30.4 0.999959 
30.5 0.999958 
30.6 0.999957 
30.7 0.999957 
30.8 0.999956 
30.9 0.999956 
31 0.999955 
31.1 0.999954 
31.2 0.999954 
31.3 0.999953 
31.4 0.999953 
31.5 0.999952 
31.6 0.999951 
31.7 0.999951 
31.8 0.99995 
31.9 0.999949 
32 0.999949 
32.1 0.999948 
32.2 0.999947 
32.3 0.999947 
32.4 0.999946 
32.5 0.999945 
32.6 0.999945 
32.7 0.999944 
32.8 0.999943 
32.9 0.999942 
33 0.999942 
33.1 0.999941 
33.2 0.99994 
33.3 0.999939 
33.4 0.999938 
33.5 0.999937 
33.6 0.999936 
33.7 0.999935 
33.8 0.999934 
33.9 0.999933 
34 0.999932 
34.1 0.999931 
34.2 0.99993 
34.3 0.999929 
34.4 0.999928 
34.5 0.999927 
34.6 0.999926 
34.7 0.999925 
34.8 0.999924 
34.9 0.999923 
35 0.999922 
35.1 0.99992 
35.2 0.999919 
35.3 0.999918 
35.4 0.999917 
35.5 0.999916 
35.6 0.999915 
35.7 0.999914 
35.8 0.999912 
35.9 0.999911 
36 0.99991 
36.1 0.999909 
36.2 0.999908 
36.3 0.999907 
36.4 0.999905 
36.5 0.999904 
36.6 0.999903 
36.7 0.999902 
36.8 0.999901 
36.9 0.999899 
37 0.999898 
37.1 0.999897 
37.2 0.999895 
37.3 0.999894 
37.4 0.999893 
37.5 0.999891 
37.6 0.99989 
37.7 0.999889 
37.8 0.999887 
37.9 0.999886 
38 0.999884 
38.1 0.999883 
38.2 0.999881 
38.3 0.99988 
38.4 0.999878 
38.5 0.999876 
38.6 0.999875 
38.7 0.999873 
38.8 0.999871 
38.9 0.99987 
39 0.999868 
39.1 0.999866 
39.2 0.999864 
39.3 0.999862 
39.4 0.999861 
39.5 0.999859 
39.6 0.999857 
39.7 0.999855 
39.8 0.999853 
39.9 0.999851 
40 0.999849 
40.1 0.999847 
40.2 0.999845 
40.3 0.999843 
40.4 0.999841 
40.5 0.999839 
40.6 0.999837 
40.7 0.999835 
40.8 0.999833 
40.9 0.999831 
41 0.999829 
41.1 0.999827 
41.2 0.999825 
41.3 0.999823 
41.4 0.999821 
41.5 0.999819 
41.6 0.999817 
41.7 0.999815 
41.8 0.999812 
41.9 0.99981 
42 0.999808 
42.1 0.999806 
42.2 0.999804 
42.3 0.999801 
42.4 0.999799 
42.5 0.999797 
42.6 0.999794 
42.7 0.999792 
42.8 0.999789 
42.9 0.999787 
43 0.999784 
43.1 0.999782 
43.2 0.999779 
43.3 0.999777 
43.4 0.999774 
43.5 0.999771 
43.6 0.999769 
43.7 0.999766 
43.8 0.999763 
43.9 0.99976 
44 0.999757 
44.1 0.999755 
44.2 0.999752 
44.3 0.999749 
44.4 0.999746 
44.5 0.999743 
44.6 0.99974 
44.7 0.999737 
44.8 0.999734 
44.9 0.999731 
45 0.999728 
45.1 0.999725 
45.2 0.999722 
45.3 0.999718 
45.4 0.999715 
45.5 0.999712 
45.6 0.999709 
45.7 0.999706 
45.8 0.999702 
45.9 0.999699 
46 0.999696 
46.1 0.999693 
46.2 0.999689 
46.3 0.999686 
46.4 0.999683 
46.5 0.999679 
46.6 0.999676 
46.7 0.999673 
46.8 0.999669 
46.9 0.999666 
47 0.999662 
47.1 0.999659 
47.2 0.999655 
47.3 0.999652 
47.4 0.999648 
47.5 0.999644 
47.6 0.999641 
47.7 0.999637 
47.8 0.999633 
47.9 0.999629 
48 0.999625 
48.1 0.999621 
48.2 0.999618 
48.3 0.999614 
48.4 0.99961 
48.5 0.999605 
48.6 0.999601 
48.7 0.999597 
48.8 0.999593 
48.9 0.999589 
49 0.999585 
49.1 0.99958 
49.2 0.999576 
49.3 0.999572 
49.4 0.999567 
49.5 0.999563 
49.6 0.999558 
49.7 0.999554 
49.8 0.999549 
49.9 0.999545 
50 0.99954 
50.1 0.999536 
50.2 0.999531 
50.3 0.999526 
50.4 0.999522 
50.5 0.999517 
50.6 0.999512 
50.7 0.999507 
50.8 0.999502 
50.9 0.999498 
51 0.999493 
51.1 0.999488 
51.2 0.999483 
51.3 0.999478 
51.4 0.999473 
51.5 0.999468 
51.6 0.999463 
51.7 0.999458 
51.8 0.999453 
51.9 0.999448 
52 0.999442 
52.1 0.999437 
52.2 0.999432 
52.3 0.999427 
52.4 0.999421 
52.5 0.999416 
52.6 0.999411 
52.7 0.999405 
52.8 0.9994 
52.9 0.999394 
53 0.999388 
53.1 0.999383 
53.2 0.999377 
53.3 0.999371 
53.4 0.999365 
53.5 0.99936 
53.6 0.999354 
53.7 0.999348 
53.8 0.999342 
53.9 0.999335 
54 0.999329 
54.1 0.999323 
54.2 0.999317 
54.3 0.99931 
54.4 0.999304 
54.5 0.999297 
54.6 0.999291 
54.7 0.999284 
54.8 0.999278 
54.9 0.999271 
55 0.999264 
55.1 0.999258 
55.2 0.999251 
55.3 0.999244 
55.4 0.999237 
55.5 0.99923 
55.6 0.999223 
55.7 0.999216 
55.8 0.999209 
55.9 0.999202 
56 0.999195 
56.1 0.999188 
56.2 0.999181 
56.3 0.999173 
56.4 0.999166 
56.5 0.999159 
56.6 0.999151 
56.7 0.999144 
56.8 0.999137 
56.9 0.999129 
57 0.999122 
57.1 0.999114 
57.2 0.999106 
57.3 0.999099 
57.4 0.999091 
57.5 0.999083 
57.6 0.999075 
57.7 0.999067 
57.8 0.999059 
57.9 0.999051 
58 0.999043 
58.1 0.999035 
58.2 0.999027 
58.3 0.999018 
58.4 0.99901 
58.5 0.999001 
58.6 0.998993 
58.7 0.998984 
58.8 0.998975 
58.9 0.998966 
59 0.998957 
59.1 0.998948 
59.2 0.998939 
59.3 0.99893 
59.4 0.998921 
59.5 0.998911 
59.6 0.998902 
59.7 0.998892 
59.8 0.998882 
59.9 0.998873 
60 0.998863 
60.1 0.998853 
60.2 0.998843 
60.3 0.998833 
60.4 0.998822 
60.5 0.998812 
60.6 0.998802 
60.7 0.998791 
60.8 0.998781 
60.9 0.99877 
61 0.99876 
61.1 0.998749 
61.2 0.998738 
61.3 0.998728 
61.4 0.998717 
61.5 0.998706 
61.6 0.998695 
61.7 0.998684 
61.8 0.998673 
61.9 0.998662 
62 0.998651 
62.1 0.99864 
62.2 0.998629 
62.3 0.998617 
62.4 0.998606 
62.5 0.998594 
62.6 0.998583 
62.7 0.998571 
62.8 0.99856 
62.9 0.998548 
63 0.998536 
63.1 0.998524 
63.2 0.998512 
63.3 0.9985 
63.4 0.998488 
63.5 0.998476 
63.6 0.998463 
63.7 0.998451 
63.8 0.998438 
63.9 0.998425 
64 0.998412 
64.1 0.998399 
64.2 0.998386 
64.3 0.998372 
64.4 0.998359 
64.5 0.998345 
64.6 0.998331 
64.7 0.998317 
64.8 0.998303 
64.9 0.998289 
65 0.998274 
65.1 0.99826 
65.2 0.998245 
65.3 0.99823 
65.4 0.998215 
65.5 0.9982 
65.6 0.998185 
65.7 0.99817 
65.8 0.998154 
65.9 0.998139 
66 0.998123 
66.1 0.998108 
66.2 0.998092 
66.3 0.998076 
66.4 0.99806 
66.5 0.998044 
66.6 0.998028 
66.7 0.998012 
66.8 0.997996 
66.9 0.99798 
67 0.997963 
67.1 0.997947 
67.2 0.997931 
67.3 0.997914 
67.4 0.997898 
67.5 0.997881 
67.6 0.997865 
67.7 0.997848 
67.8 0.997832 
67.9 0.997815 
68 0.997799 
68.1 0.997782 
68.2 0.997765 
68.3 0.997748 
68.4 0.997731 
68.5 0.997714 
68.6 0.997697 
68.7 0.99768 
68.8 0.997662 
68.9 0.997645 
69 0.997627 
69.1 0.99761 
69.2 0.997592 
69.3 0.997574 
69.4 0.997556 
69.5 0.997537 
69.6 0.997519 
69.7 0.9975 
69.8 0.997482 
69.9 0.997463 
70 0.997444 
70.1 0.997424 
70.2 0.997405 
70.3 0.997386 
70.4 0.997366 
70.5 0.997346 
70.6 0.997326 
70.7 0.997306 
70.8 0.997286 
70.9 0.997265 
71 0.997245 
71.1 0.997224 
71.2 0.997204 
71.3 0.997183 
71.4 0.997162 
71.5 0.997142 
71.6 0.997121 
71.7 0.9971 
71.8 0.997079 
71.9 0.997058 
72 0.997037 
72.1 0.997017 
72.2 0.996996 
72.3 0.996975 
72.4 0.996955 
72.5 0.996934 
72.6 0.996914 
72.7 0.996894 
72.8 0.996873 
72.9 0.996853 
73 0.996833 
73.1 0.996813 
73.2 0.996794 
73.3 0.996774 
73.4 0.996754 
73.5 0.996735 
73.6 0.996716 
73.7 0.996696 
73.8 0.996677 
73.9 0.996658 
74 0.996639 
74.1 0.996621 
74.2 0.996602 
74.3 0.996583 
74.4 0.996565 
74.5 0.996546 
74.6 0.996528 
74.7 0.996509 
74.8 0.996491 
74.9 0.996472 
75 0.996454 
75.1 0.996436 
75.2 0.996417 
75.3 0.996399 
75.4 0.996381 
75.5 0.996362 
75.6 0.996344 
75.7 0.996326 
75.8 0.996307 
75.9 0.996289 
76 0.996271 
76.1 0.996253 
76.2 0.996235 
76.3 0.996217 
76.4 0.996199 
76.5 0.996181 
76.6 0.996163 
76.7 0.996145 
76.8 0.996128 
76.9 0.99611 
77 0.996093 
77.1 0.996076 
77.2 0.996059 
77.3 0.996043 
77.4 0.996026 
77.5 0.99601 
77.6 0.995995 
77.7 0.995979 
77.8 0.995964 
77.9 0.995949 
78 0.995934 
78.1 0.99592 
78.2 0.995906 
78.3 0.995893 
78.4 0.99588 
78.5 0.995867 
78.6 0.995855 
78.7 0.995843 
78.8 0.995831 
78.9 0.99582 
79 0.995809 
79.1 0.995799 
79.2 0.995789 
79.3 0.995779 
79.4 0.99577 
79.5 0.995761 
79.6 0.995753 
79.7 0.995745 
79.8 0.995737 
79.9 0.99573 
80 0.995723 
80.1 0.995716 
80.2 0.995709 
80.3 0.995703 
80.4 0.995697 
80.5 0.995692 
80.6 0.995686 
80.7 0.995681 
80.8 0.995676 
80.9 0.995671 
81 0.995667 
81.1 0.995663 
81.2 0.995658 
81.3 0.995655 
81.4 0.995651 
81.5 0.995647 
81.6 0.995644 
81.7 0.995641 
81.8 0.995638 
81.9 0.995635 
82 0.995633 
82.1 0.99563 
82.2 0.995628 
82.3 0.995626 
82.4 0.995624 
82.5 0.995623 
82.6 0.995621 
82.7 0.99562 
82.8 0.995619 
82.9 0.995619 
83 0.995618 
83.1 0.995618 
83.2 0.995618 
83.3 0.995619 
83.4 0.995619 
83.5 0.99562 
83.6 0.995622 
83.7 0.995623 
83.8 0.995625 
83.9 0.995627 
84 0.995629 
84.1 0.995632 
84.2 0.995635 
84.3 0.995638 
84.4 0.995642 
84.5 0.995646 
84.6 0.99565 
84.7 0.995654 
84.8 0.995659 
84.9 0.995664 
85 0.995669 
85.1 0.995675 
85.2 0.995681 
85.3 0.995687 
85.4 0.995693 
85.5 0.995699 
85.6 0.995706 
85.7 0.995713 
85.8 0.99572 
85.9 0.995727 
86 0.995734 
86.1 0.995742 
86.2 0.995749 
86.3 0.995757 
86.4 0.995765 
86.5 0.995773 
86.6 0.995781 
86.7 0.995789 
86.8 0.995797 
86.9 0.995805 
87 0.995814 
87.1 0.995822 
87.2 0.99583 
87.3 0.995839 
87.4 0.995847 
87.5 0.995855 
87.6 0.995864 
87.7 0.995872 
87.8 0.995881 
87.9 0.995889 
88 0.995897 
88.1 0.995906 
88.2 0.995914 
88.3 0.995923 
88.4 0.995931 
88.5 0.995939 
88.6 0.995948 
88.7 0.995956 
88.8 0.995965 
88.9 0.995973 
89 0.995981 
89.1 0.99599 
89.2 0.995998 
89.3 0.996006 
89.4 0.996015 
89.5 0.996023 
89.6 0.996031 
89.7 0.99604 
89.8 0.996048 
89.9 0.996056 
90 0.996065 
90.1 0.996073 
90.2 0.996081 
90.3 0.99609 
90.4 0.996098 
90.5 0.996106 
90.6 0.996115 
90.7 0.996123 
90.8 0.996131 
90.9 0.99614 
91 0.996148 
91.1 0.996156 
91.2 0.996165 
91.3 0.996173 
91.4 0.996181 
91.5 0.996189 
91.6 0.996198 
91.7 0.996206 
91.8 0.996214 
91.9 0.996222 
92 0.99623 
92.1 0.996238 
92.2 0.996246 
92.3 0.996254 
92.4 0.996261 
92.5 0.996269 
92.6 0.996277 
92.7 0.996284 
92.8 0.996292 
92.9 0.996299 
93 0.996306 
93.1 0.996314 
93.2 0.996321 
93.3 0.996328 
93.4 0.996334 
93.5 0.996341 
93.6 0.996348 
93.7 0.996355 
93.8 0.996361 
93.9 0.996367 
94 0.996374 
94.1 0.99638 
94.2 0.996386 
94.3 0.996392 
94.4 0.996397 
94.5 0.996403 
94.6 0.996409 
94.7 0.996414 
94.8 0.996419 
94.9 0.996424 
95 0.99643 
95.1 0.996434 
95.2 0.996439 
95.3 0.996444 
95.4 0.996449 
95.5 0.996453 
95.6 0.996458 
95.7 0.996462 
95.8 0.996466 
95.9 0.99647 
96 0.996474 
96.1 0.996478 
96.2 0.996481 
96.3 0.996485 
96.4 0.996488 
96.5 0.996492 
96.6 0.996495 
96.7 0.996498 
96.8 0.996501 
96.9 0.996504 
97 0.996507 
97.1 0.99651 
97.2 0.996512 
97.3 0.996515 
97.4 0.996517 
97.5 0.996519 
97.6 0.996521 
97.7 0.996523 
97.8 0.996525 
97.9 0.996527 
98 0.996529 
98.1 0.99653 
98.2 0.996531 
98.3 0.996533 
98.4 0.996534 
98.5 0.996535 
98.6 0.996536 
98.7 0.996536 
98.8 0.996537 
98.9 0.996537 
99 0.996538 
99.1 0.996538 
99.2 0.996538 
99.3 0.996538 
99.4 0.996537 
99.5 0.996537 
99.6 0.996537 
99.7 0.996536 
99.8 0.996535 
99.9 0.996534 
100 0.996533 
100.1 0.996532 
100.2 0.99653 
100.3 0.996529 
100.4 0.996527 
100.5 0.996525 
100.6 0.996523 
100.7 0.996521 
100.8 0.996518 
100.9 0.996516 
101 0.996513 
101.1 0.996511 
101.2 0.996508 
101.3 0.996505 
101.4 0.996501 
101.5 0.996498 
101.6 0.996494 
101.7 0.996491 
101.8 0.996487 
101.9 0.996483 
102 0.996478 
102.1 0.996474 
102.2 0.99647 
102.3 0.996465 
102.4 0.99646 
102.5 0.996455 
102.6 0.99645 
102.7 0.996445 
102.8 0.996439 
102.9 0.996433 
103 0.996428 
103.1 0.996422 
103.2 0.996415 
103.3 0.996409 
103.4 0.996402 
103.5 0.996396 
103.6 0.996389 
103.7 0.996382 
103.8 0.996375 
103.9 0.996367 
104 0.99636 
104.1 0.996352 
104.2 0.996344 
104.3 0.996336 
104.4 0.996327 
104.5 0.996319 
104.6 0.99631 
104.7 0.996301 
104.8 0.996292 
104.9 0.996282 
105 0.996272 
105.1 0.996263 
105.2 0.996253 
105.3 0.996242 
105.4 0.996232 
105.5 0.996221 
105.6 0.99621 
105.7 0.996199 
105.8 0.996187 
105.9 0.996175 
106 0.996164 
106.1 0.996151 
106.2 0.996139 
106.3 0.996126 
106.4 0.996113 
106.5 0.9961 
106.6 0.996086 
106.7 0.996073 
106.8 0.996059 
106.9 0.996044 
107 0.99603 
107.1 0.996015 
107.2 0.996 
107.3 0.995984 
107.4 0.995969 
107.5 0.995953 
107.6 0.995936 
107.7 0.99592 
107.8 0.995903 
107.9 0.995886 
108 0.995868 
108.1 0.99585 
108.2 0.995832 
108.3 0.995814 
108.4 0.995795 
108.5 0.995776 
108.6 0.995757 
108.7 0.995737 
108.8 0.995717 
108.9 0.995696 
109 0.995676 
109.1 0.995655 
109.2 0.995633 
109.3 0.995611 
109.4 0.995589 
109.5 0.995567 
109.6 0.995544 
109.7 0.995521 
109.8 0.995497 
109.9 0.995473 
110 0.995449 
110.1 0.995424 
110.2 0.995399 
110.3 0.995373 
110.4 0.995347 
110.5 0.99532 
110.6 0.995293 
110.7 0.995266 
110.8 0.995238 
110.9 0.99521 
111 0.995181 
111.1 0.995152 
111.2 0.995122 
111.3 0.995092 
111.4 0.995061 
111.5 0.99503 
111.6 0.994998 
111.7 0.994966 
111.8 0.994933 
111.9 0.994899 
112 0.994865 
112.1 0.994831 
112.2 0.994795 
112.3 0.99476 
112.4 0.994723 
112.5 0.994686 
112.6 0.994648 
112.7 0.99461 
112.8 0.99457 
112.9 0.994531 
113 0.99449 
113.1 0.994449 
113.2 0.994406 
113.3 0.994364 
113.4 0.99432 
113.5 0.994275 
113.6 0.99423 
113.7 0.994184 
113.8 0.994137 
113.9 0.994089 
114 0.99404 
114.1 0.993991 
114.2 0.99394 
114.3 0.993888 
114.4 0.993836 
114.5 0.993782 
114.6 0.993727 
114.7 0.993672 
114.8 0.993615 
114.9 0.993557 
115 0.993498 
115.1 0.993438 
115.2 0.993377 
115.3 0.993314 
115.4 0.99325 
115.5 0.993185 
115.6 0.993119 
115.7 0.993051 
115.8 0.992982 
115.9 0.992912 
116 0.99284 
116.1 0.992767 
116.2 0.992692 
116.3 0.992616 
116.4 0.992538 
116.5 0.992459 
116.6 0.992378 
116.7 0.992295 
116.8 0.992211 
116.9 0.992125 
117 0.992037 
117.1 0.991947 
117.2 0.991855 
117.3 0.991761 
117.4 0.991666 
117.5 0.991568 
117.6 0.991468 
117.7 0.991366 
117.8 0.991262 
117.9 0.991156 
118 0.991047 
118.1 0.990935 
118.2 0.990822 
118.3 0.990705 
118.4 0.990586 
118.5 0.990465 
118.6 0.99034 
118.7 0.990213 
118.8 0.990082 
118.9 0.989949 
119 0.989812 
119.1 0.989672 
119.2 0.989529 
119.3 0.989383 
119.4 0.989232 
119.5 0.989078 
119.6 0.98892 
119.7 0.988758 
119.8 0.988593 
119.9 0.988422 
120 0.988248 
120.1 0.988069 
120.2 0.987885 
120.3 0.987696 
120.4 0.987502 
120.5 0.987304 
120.6 0.987099 
120.7 0.986889 
120.8 0.986673 
120.9 0.986451 
121 0.986223 
121.1 0.985989 
121.2 0.985747 
121.3 0.985499 
121.4 0.985243 
121.5 0.98498 
121.6 0.984709 
121.7 0.984429 
121.8 0.984141 
121.9 0.983844 
122 0.983538 
122.1 0.983223 
122.2 0.982897 
122.3 0.982561 
122.4 0.982214 
122.5 0.981855 
122.6 0.981485 
122.7 0.981102 
122.8 0.980706 
122.9 0.980297 
123 0.979874 
123.1 0.979436 
123.2 0.978983 
123.3 0.978514 
123.4 0.978028 
123.5 0.977524 
123.6 0.977002 
123.7 0.97646 
123.8 0.975898 
123.9 0.975315 
124 0.97471 
124.1 0.974082 
124.2 0.973429 
124.3 0.97275 
124.4 0.972045 
124.5 0.971311 
124.6 0.970548 
124.7 0.969753 
124.8 0.968926 
124.9 0.968064 
125 0.967165 
125.1 0.966229 
125.2 0.965252 
125.3 0.964233 
125.4 0.96317 
125.5 0.962059 
125.6 0.960899 
125.7 0.959687 
125.8 0.95842 
125.9 0.957095 
126 0.955709 
126.1 0.954259 
126.2 0.952742 
126.3 0.951153 
126.4 0.949489 
126.5 0.947746 
126.6 0.945921 
126.7 0.944008 
126.8 0.942004 
126.9 0.939903 
127 0.937703 
127.1 0.935397 
127.2 0.932981 
127.3 0.93045 
127.4 0.927801 
127.5 0.925029 
127.6 0.922129 
127.7 0.919099 
127.8 0.915935 
127.9 0.912636 
128 0.909199 
128.1 0.905625 
128.2 0.901915 
128.3 0.898073 
128.4 0.894103 
128.5 0.890014 
128.6 0.885816 
128.7 0.881523 
128.8 0.877154 
128.9 0.87273 
129 0.868276 
129.1 0.863825 
129.2 0.859412 
129.3 0.855077 
129.4 0.850865 
129.5 0.846826 
129.6 0.84301 
129.7 0.839474 
129.8 0.83627 
129.9 0.833454 
130 0.831075 
130.1 0.829181 
130.2 0.827809 
130.3 0.826992 
130.4 0.82675 
130.5 0.827091 
130.6 0.828014 
130.7 0.829504 
130.8 0.831538 
130.9 0.834078 
131 0.837083 
131.1 0.840502 
131.2 0.844282 
131.3 0.848366 
131.4 0.852696 
131.5 0.857217 
131.6 0.861875 
131.7 0.866622 
131.8 0.871411 
131.9 0.876203 
132 0.880962 
132.1 0.885659 
132.2 0.890269 
132.3 0.894771 
132.4 0.899149 
132.5 0.903392 
132.6 0.907489 
132.7 0.911435 
132.8 0.915227 
132.9 0.918863 
133 0.922344 
133.1 0.925672 
133.2 0.928848 
133.3 0.931877 
133.4 0.934764 
133.5 0.937513 
133.6 0.940129 
133.7 0.942617 
133.8 0.944984 
133.9 0.947235 
134 0.949375 
134.1 0.951409 
134.2 0.953344 
134.3 0.955183 
134.4 0.956932 
134.5 0.958596 
134.6 0.960179 
134.7 0.961685 
134.8 0.963119 
134.9 0.964484 
135 0.965785 
135.1 0.967024 
135.2 0.968206 
135.3 0.969332 
135.4 0.970407 
135.5 0.971432 
135.6 0.972411 
135.7 0.973346 
135.8 0.97424 
135.9 0.975094 
136 0.975911 
136.1 0.976692 
136.2 0.97744 
136.3 0.978156 
136.4 0.978842 
136.5 0.9795 
136.6 0.98013 
136.7 0.980734 
136.8 0.981314 
136.9 0.981871 
137 0.982406 
137.1 0.982919 
137.2 0.983413 
137.3 0.983887 
137.4 0.984344 
137.5 0.984783 
137.6 0.985205 
137.7 0.985612 
137.8 0.986004 
137.9 0.986382 
138 0.986746 
138.1 0.987097 
138.2 0.987435 
138.3 0.987762 
138.4 0.988077 
138.5 0.988382 
138.6 0.988676 
138.7 0.98896 
138.8 0.989234 
138.9 0.9895 
139 0.989756 
139.1 0.990004 
139.2 0.990245 
139.3 0.990477 
139.4 0.990702 
139.5 0.99092 
139.6 0.991131 
139.7 0.991336 
139.8 0.991534 
139.9 0.991727 
140 0.991913 
140.1 0.992094 
140.2 0.99227 
140.3 0.99244 
140.4 0.992605 
140.5 0.992766 
140.6 0.992922 
140.7 0.993073 
140.8 0.99322 
140.9 0.993364 
141 0.993503 
141.1 0.993638 
141.2 0.993769 
141.3 0.993897 
141.4 0.994022 
141.5 0.994143 
141.6 0.994261 
141.7 0.994376 
141.8 0.994487 
141.9 0.994596 
142 0.994702 
142.1 0.994806 
142.2 0.994906 
142.3 0.995005 
142.4 0.9951 
142.5 0.995194 
142.6 0.995285 
142.7 0.995373 
142.8 0.99546 
142.9 0.995545 
143 0.995627 
143.1 0.995708 
143.2 0.995786 
143.3 0.995863 
143.4 0.995938 
143.5 0.996011 
143.6 0.996082 
143.7 0.996152 
143.8 0.996221 
143.9 0.996287 
144 0.996352 
144.1 0.996416 
144.2 0.996479 
144.3 0.99654 
144.4 0.996599 
144.5 0.996657 
144.6 0.996714 
144.7 0.99677 
144.8 0.996825 
144.9 0.996878 
145 0.996931 
145.1 0.996982 
145.2 0.997032 
145.3 0.997081 
145.4 0.997129 
145.5 0.997176 
145.6 0.997222 
145.7 0.997267 
145.8 0.997312 
145.9 0.997355 
146 0.997398 
146.1 0.997439 
146.2 0.99748 
146.3 0.99752 
146.4 0.997559 
146.5 0.997598 
146.6 0.997636 
146.7 0.997673 
146.8 0.997709 
146.9 0.997744 
147 0.997779 
147.1 0.997814 
147.2 0.997847 
147.3 0.99788 
147.4 0.997913 
147.5 0.997944 
147.6 0.997976 
147.7 0.998006 
147.8 0.998036 
147.9 0.998066 
148 0.998095 
148.1 0.998123 
148.2 0.998151 
148.3 0.998179 
148.4 0.998206 
148.5 0.998232 
148.6 0.998258 
148.7 0.998284 
148.8 0.998309 
148.9 0.998334 
149 0.998358 
149.1 0.998382 
149.2 0.998405 
149.3 0.998428 
149.4 0.998451 
149.5 0.998473 
149.6 0.998495 
149.7 0.998517 
149.8 0.998538 
149.9 0.998559 
150 0.998579 
150.1 0.998599 
150.2 0.998619 
150.3 0.998638 
150.4 0.998658 
150.5 0.998676 
150.6 0.998695 
150.7 0.998713 
150.8 0.998731 
150.9 0.998749 
151 0.998766 
151.1 0.998784 
151.2 0.9988 
151.3 0.998817 
151.4 0.998833 
151.5 0.998849 
151.6 0.998865 
151.7 0.998881 
151.8 0.998896 
151.9 0.998911 
152 0.998926 
152.1 0.998941 
152.2 0.998955 
152.3 0.99897 
152.4 0.998984 
152.5 0.998997 
152.6 0.999011 
152.7 0.999024 
152.8 0.999038 
152.9 0.999051 
153 0.999064 
153.1 0.999076 
153.2 0.999089 
153.3 0.999101 
153.4 0.999113 
153.5 0.999125 
153.6 0.999137 
153.7 0.999148 
153.8 0.99916 
153.9 0.999171 
154 0.999182 
154.1 0.999193 
154.2 0.999204 
154.3 0.999214 
154.4 0.999225 
154.5 0.999235 
154.6 0.999245 
154.7 0.999255 
154.8 0.999265 
154.9 0.999275 
155 0.999285 
155.1 0.999294 
155.2 0.999304 
155.3 0.999313 
155.4 0.999322 
155.5 0.999331 
155.6 0.99934 
155.7 0.999349 
155.8 0.999357 
155.9 0.999366 
156 0.999374 
156.1 0.999383 
156.2 0.999391 
156.3 0.999399 
156.4 0.999407 
156.5 0.999415 
156.6 0.999423 
156.7 0.99943 
156.8 0.999438 
156.9 0.999445 
157 0.999453 
157.1 0.99946 
157.2 0.999467 
157.3 0.999474 
157.4 0.999481 
157.5 0.999488 
157.6 0.999495 
157.7 0.999502 
157.8 0.999509 
157.9 0.999515 
158 0.999522 
158.1 0.999528 
158.2 0.999534 
158.3 0.999541 
158.4 0.999547 
158.5 0.999553 
158.6 0.999559 
158.7 0.999565 
158.8 0.999571 
158.9 0.999577 
159 0.999582 
159.1 0.999588 
159.2 0.999594 
159.3 0.999599 
159.4 0.999605 
159.5 0.99961 
159.6 0.999615 
159.7 0.999621 
159.8 0.999626 
159.9 0.999631 
160 0.999636 
160.1 0.999641 
160.2 0.999646 
160.3 0.999651 
160.4 0.999656 
160.5 0.99966 
160.6 0.999665 
160.7 0.99967 
160.8 0.999674 
160.9 0.999679 
161 0.999683 
161.1 0.999688 
161.2 0.999692 
161.3 0.999697 
161.4 0.999701 
161.5 0.999705 
161.6 0.999709 
161.7 0.999713 
161.8 0.999718 
161.9 0.999722 
162 0.999726 
162.1 0.99973 
162.2 0.999733 
162.3 0.999737 
162.4 0.999741 
162.5 0.999745 
162.6 0.999749 
162.7 0.999752 
162.8 0.999756 
162.9 0.999759 
163 0.999763 
163.1 0.999766 
163.2 0.99977 
163.3 0.999773 
163.4 0.999777 
163.5 0.99978 
163.6 0.999783 
163.7 0.999787 
163.8 0.99979 
163.9 0.999793 
164 0.999796 
164.1 0.999799 
164.2 0.999802 
164.3 0.999805 
164.4 0.999808 
164.5 0.999811 
164.6 0.999814 
164.7 0.999817 
164.8 0.99982 
164.9 0.999823 
165 0.999826 
165.1 0.999829 
165.2 0.999831 
165.3 0.999834 
165.4 0.999837 
165.5 0.999839 
165.6 0.999842 
165.7 0.999845 
165.8 0.999847 
165.9 0.99985 
166 0.999852 
166.1 0.999855 
166.2 0.999857 
166.3 0.999859 
166.4 0.999862 
166.5 0.999864 
166.6 0.999866 
166.7 0.999869 
166.8 0.999871 
166.9 0.999873 
167 0.999875 
167.1 0.999878 
167.2 0.99988 
167.3 0.999882 
167.4 0.999884 
167.5 0.999886 
167.6 0.999888 
167.7 0.99989 
167.8 0.999892 
167.9 0.999894 
168 0.999896 
168.1 0.999898 
168.2 0.9999 
168.3 0.999902 
168.4 0.999904 
168.5 0.999906 
168.6 0.999907 
168.7 0.999909 
168.8 0.999911 
168.9 0.999913 
169 0.999914 
169.1 0.999916 
169.2 0.999918 
169.3 0.999919 
169.4 0.999921 
169.5 0.999923 
169.6 0.999924 
169.7 0.999926 
169.8 0.999927 
169.9 0.999929 
170 0.99993 
170.1 0.999932 
170.2 0.999933 
170.3 0.999935 
170.4 0.999936 
170.5 0.999938 
170.6 0.999939 
170.7 0.999941 
170.8 0.999942 
170.9 0.999943 
171 0.999945 
171.1 0.999946 
171.2 0.999947 
171.3 0.999948 
171.4 0.99995 
171.5 0.999951 
171.6 0.999952 
171.7 0.999953 
171.8 0.999955 
171.9 0.999956 
172 0.999957 
172.1 0.999958 
172.2 0.999959 
172.3 0.99996 
172.4 0.999961 
172.5 0.999962 
172.6 0.999963 
172.7 0.999964 
172.8 0.999965 
172.9 0.999966 
173 0.999967 
173.1 0.999968 
173.2 0.999969 
173.3 0.99997 
173.4 0.999971 
173.5 0.999972 
173.6 0.999973 
173.7 0.999974 
173.8 0.999975 
173.9 0.999975 
174 0.999976 
174.1 0.999977 
174.2 0.999978 
174.3 0.999979 
174.4 0.999979 
174.5 0.99998 
174.6 0.999981 
174.7 0.999982 
174.8 0.999982 
174.9 0.999983 
175 0.999984 
175.1 0.999984 
175.2 0.999985 
175.3 0.999986 
175.4 0.999986 
175.5 0.999987 
175.6 0.999987 
175.7 0.999988 
175.8 0.999989 
175.9 0.999989 
176 0.99999 
176.1 0.99999 
176.2 0.999991 
176.3 0.999991 
176.4 0.999992 
176.5 0.999992 
176.6 0.999993 
176.7 0.999993 
176.8 0.999993 
176.9 0.999994 
177 0.999994 
177.1 0.999995 
177.2 0.999995 
177.3 0.999995 
177.4 0.999996 
177.5 0.999996 
177.6 0.999996 
177.7 0.999997 
177.8 0.999997 
177.9 0.999997 
178 0.999997 
178.1 0.999998 
178.2 0.999998 
178.3 0.999998 
178.4 0.999998 
178.5 0.999999 
178.6 0.999999 
178.7 0.999999 
178.8 0.999999 
178.9 0.999999 
179 0.999999 
179.1 0.999999 
179.2 1 
179.3 1 
179.4 1 
179.5 1 
179.6 1 
179.7 1 
179.8 1 
179.9 1 
