0.1 16.0148 
0.2 16.0338 
0.3 16.0635 
0.4 16.1009 
0.5 16.142 
0.6 16.1822 
0.7 16.2159 
0.8 16.2374 
0.9 16.2409 
1 16.2209 
1.1 16.1721 
1.2 16.0904 
1.3 15.9724 
1.4 15.816 
1.5 15.6204 
1.6 15.3862 
1.7 15.1152 
1.8 14.8104 
1.9 14.4756 
2 14.1157 
2.1 13.7358 
2.2 13.3414 
2.3 12.9377 
2.4 12.5299 
2.5 12.1226 
2.6 11.7199 
2.7 11.3251 
2.8 10.9408 
2.9 10.5689 
3 10.2104 
3.1 9.86597 
3.2 9.53547 
3.3 9.21849 
3.4 8.91422 
3.5 8.62168 
3.6 8.33977 
3.7 8.06738 
3.8 7.80347 
3.9 7.54715 
4 7.29769 
4.1 7.05458 
4.2 6.81749 
4.3 6.5863 
4.4 6.36105 
4.5 6.14192 
4.6 5.92917 
4.7 5.72312 
4.8 5.52407 
4.9 5.33231 
5 5.14804 
5.1 4.97138 
5.2 4.80235 
5.3 4.64086 
5.4 4.48671 
5.5 4.33962 
5.6 4.19921 
5.7 4.06506 
5.8 3.93673 
5.9 3.81375 
6 3.69565 
6.1 3.58201 
6.2 3.47244 
6.3 3.36661 
6.4 3.26424 
6.5 3.16513 
6.6 3.06911 
6.7 2.97609 
6.8 2.88601 
6.9 2.79884 
7 2.71458 
7.1 2.63322 
7.2 2.55476 
7.3 2.4792 
7.4 2.4065 
7.5 2.33661 
7.6 2.26946 
7.7 2.20493 
7.8 2.14292 
7.9 2.08329 
8 2.02588 
8.1 1.97055 
8.2 1.91714 
8.3 1.8655 
8.4 1.81551 
8.5 1.76704 
8.6 1.72 
8.7 1.6743 
8.8 1.62988 
8.9 1.5867 
9 1.54472 
9.1 1.50392 
9.2 1.46431 
9.3 1.42587 
9.4 1.3886 
9.5 1.35249 
9.6 1.31753 
9.7 1.2837 
9.8 1.25098 
9.9 1.21934 
10 1.18872 
10.1 1.1591 
10.2 1.13041 
10.3 1.10262 
10.4 1.07566 
10.5 1.04949 
10.6 1.02406 
10.7 0.999326 
10.8 0.97526 
10.9 0.95183 
11 0.92901 
11.1 0.906784 
11.2 0.885137 
11.3 0.864061 
11.4 0.843547 
11.5 0.82359 
11.6 0.804185 
11.7 0.785324 
11.8 0.767 
11.9 0.749202 
12 0.731918 
12.1 0.715132 
12.2 0.698829 
12.3 0.68299 
12.4 0.667597 
12.5 0.652631 
12.6 0.638072 
12.7 0.623903 
12.8 0.610109 
12.9 0.596675 
13 0.583587 
13.1 0.570836 
13.2 0.558412 
13.3 0.546307 
13.4 0.534514 
13.5 0.523028 
13.6 0.511843 
13.7 0.500952 
13.8 0.490349 
13.9 0.480028 
14 0.469982 
14.1 0.4602 
14.2 0.450676 
14.3 0.4414 
14.4 0.432363 
14.5 0.423556 
14.6 0.414971 
14.7 0.4066 
14.8 0.398436 
14.9 0.390474 
15 0.382709 
15.1 0.375137 
15.2 0.367753 
15.3 0.360555 
15.4 0.353541 
15.5 0.346707 
15.6 0.340049 
15.7 0.333565 
15.8 0.327251 
15.9 0.3211 
16 0.315108 
16.1 0.309269 
16.2 0.303575 
16.3 0.298021 
16.4 0.292599 
16.5 0.287304 
16.6 0.282128 
16.7 0.277067 
16.8 0.272116 
16.9 0.267274 
17 0.262536 
17.1 0.257902 
17.2 0.253372 
17.3 0.248945 
17.4 0.244621 
17.5 0.240402 
17.6 0.236287 
17.7 0.232276 
17.8 0.228368 
17.9 0.224561 
18 0.220852 
18.1 0.217239 
18.2 0.213716 
18.3 0.210279 
18.4 0.206923 
18.5 0.203641 
18.6 0.200429 
18.7 0.197282 
18.8 0.194195 
18.9 0.191166 
19 0.18819 
19.1 0.185267 
19.2 0.182397 
19.3 0.179578 
19.4 0.176814 
19.5 0.174104 
19.6 0.171451 
19.7 0.168857 
19.8 0.166323 
19.9 0.16385 
20 0.161438 
20.1 0.159088 
20.2 0.156797 
20.3 0.154563 
20.4 0.152384 
20.5 0.150256 
20.6 0.148174 
20.7 0.146135 
20.8 0.144135 
20.9 0.142168 
21 0.140233 
21.1 0.138325 
21.2 0.136444 
21.3 0.134589 
21.4 0.132758 
21.5 0.130953 
21.6 0.129175 
21.7 0.127427 
21.8 0.125709 
21.9 0.124024 
22 0.122375 
22.1 0.120762 
22.2 0.119187 
22.3 0.117651 
22.4 0.116152 
22.5 0.11469 
22.6 0.113262 
22.7 0.111867 
22.8 0.110501 
22.9 0.109161 
23 0.107844 
23.1 0.106546 
23.2 0.105265 
23.3 0.103999 
23.4 0.102746 
23.5 0.101504 
23.6 0.100275 
23.7 0.0990571 
23.8 0.0978531 
23.9 0.096664 
24 0.0954917 
24.1 0.0943383 
24.2 0.0932057 
24.3 0.0920956 
24.4 0.0910095 
24.5 0.0899481 
24.6 0.0889116 
24.7 0.0878997 
24.8 0.0869113 
24.9 0.0859449 
25 0.0849983 
25.1 0.0840694 
25.2 0.0831555 
25.3 0.0822543 
25.4 0.0813634 
25.5 0.0804809 
25.6 0.0796052 
25.7 0.0787354 
25.8 0.0778711 
25.9 0.0770124 
26 0.0761601 
26.1 0.0753152 
26.2 0.0744792 
26.3 0.0736538 
26.4 0.0728407 
26.5 0.0720416 
26.6 0.0712578 
26.7 0.0704903 
26.8 0.0697397 
26.9 0.0690062 
27 0.0682894 
27.1 0.0675884 
27.2 0.0669019 
27.3 0.0662283 
27.4 0.0655659 
27.5 0.0649128 
27.6 0.064267 
27.7 0.0636271 
27.8 0.0629915 
27.9 0.0623593 
28 0.0617298 
28.1 0.0611029 
28.2 0.0604789 
28.3 0.0598584 
28.4 0.0592425 
28.5 0.0586323 
28.6 0.0580293 
28.7 0.0574347 
28.8 0.0568499 
28.9 0.0562759 
29 0.0557135 
29.1 0.055163 
29.2 0.0546246 
29.3 0.054098 
29.4 0.0535824 
29.5 0.0530768 
29.6 0.0525801 
29.7 0.0520909 
29.8 0.0516077 
29.9 0.0511293 
30 0.0506543 
30.1 0.0501819 
30.2 0.0497113 
30.3 0.049242 
30.4 0.0487741 
30.5 0.0483079 
30.6 0.0478438 
30.7 0.0473826 
30.8 0.0469254 
30.9 0.0464732 
31 0.046027 
31.1 0.0455878 
31.2 0.0451563 
31.3 0.0447332 
31.4 0.0443188 
31.5 0.0439131 
31.6 0.0435158 
31.7 0.0431265 
31.8 0.0427445 
31.9 0.0423687 
32 0.0419983 
32.1 0.0416322 
32.2 0.0412693 
32.3 0.0409088 
32.4 0.0405499 
32.5 0.0401922 
32.6 0.0398353 
32.7 0.0394792 
32.8 0.0391241 
32.9 0.0387705 
33 0.0384188 
33.1 0.0380699 
33.2 0.0377246 
33.3 0.0373835 
33.4 0.0370475 
33.5 0.0367171 
33.6 0.0363928 
33.7 0.0360747 
33.8 0.0357631 
33.9 0.0354577 
34 0.0351582 
34.1 0.034864 
34.2 0.0345745 
34.3 0.034289 
34.4 0.0340066 
34.5 0.0337268 
34.6 0.0334487 
34.7 0.0331719 
34.8 0.0328959 
34.9 0.0326206 
35 0.0323458 
35.1 0.0320717 
35.2 0.0317987 
35.3 0.031527 
35.4 0.0312572 
35.5 0.03099 
35.6 0.0307258 
35.7 0.0304652 
35.8 0.0302086 
35.9 0.0299564 
36 0.0297089 
36.1 0.0294661 
36.2 0.0292278 
36.3 0.028994 
36.4 0.0287641 
36.5 0.0285379 
36.6 0.0283147 
36.7 0.0280941 
36.8 0.0278754 
36.9 0.0276583 
37 0.0274422 
37.1 0.0272269 
37.2 0.0270121 
37.3 0.0267978 
37.4 0.026584 
37.5 0.026371 
37.6 0.026159 
37.7 0.0259482 
37.8 0.0257393 
37.9 0.0255324 
38 0.0253281 
38.1 0.0251267 
38.2 0.0249284 
38.3 0.0247335 
38.4 0.024542 
38.5 0.024354 
38.6 0.0241692 
38.7 0.0239875 
38.8 0.0238086 
38.9 0.0236321 
39 0.0234577 
39.1 0.023285 
39.2 0.0231136 
39.3 0.0229431 
39.4 0.0227734 
39.5 0.0226042 
39.6 0.0224355 
39.7 0.0222673 
39.8 0.0220996 
39.9 0.0219327 
40 0.0217666 
40.1 0.0216018 
40.2 0.0214384 
40.3 0.0212768 
40.4 0.0211172 
40.5 0.0209598 
40.6 0.0208048 
40.7 0.0206523 
40.8 0.0205024 
40.9 0.0203549 
41 0.0202097 
41.1 0.0200668 
41.2 0.0199257 
41.3 0.0197864 
41.4 0.0196485 
41.5 0.0195118 
41.6 0.019376 
41.7 0.0192409 
41.8 0.0191064 
41.9 0.0189724 
42 0.0188388 
42.1 0.0187057 
42.2 0.0185732 
42.3 0.0184413 
42.4 0.0183102 
42.5 0.0181801 
42.6 0.0180512 
42.7 0.0179238 
42.8 0.0177978 
42.9 0.0176736 
43 0.0175511 
43.1 0.0174304 
43.2 0.0173116 
43.3 0.0171945 
43.4 0.0170792 
43.5 0.0169653 
43.6 0.0168529 
43.7 0.0167417 
43.8 0.0166315 
43.9 0.0165222 
44 0.0164137 
44.1 0.0163057 
44.2 0.0161982 
44.3 0.0160912 
44.4 0.0159846 
44.5 0.0158785 
44.6 0.0157728 
44.7 0.0156678 
44.8 0.0155635 
44.9 0.01546 
45 0.0153574 
45.1 0.0152559 
45.2 0.0151555 
45.3 0.0150564 
45.4 0.0149586 
45.5 0.0148621 
45.6 0.0147669 
45.7 0.014673 
45.8 0.0145803 
45.9 0.0144887 
46 0.0143981 
46.1 0.0143084 
46.2 0.0142196 
46.3 0.0141314 
46.4 0.0140438 
46.5 0.0139568 
46.6 0.0138702 
46.7 0.013784 
46.8 0.0136982 
46.9 0.0136129 
47 0.0135281 
47.1 0.0134437 
47.2 0.01336 
47.3 0.0132769 
47.4 0.0131945 
47.5 0.0131129 
47.6 0.0130322 
47.7 0.0129524 
47.8 0.0128735 
47.9 0.0127955 
48 0.0127185 
48.1 0.0126424 
48.2 0.0125671 
48.3 0.0124927 
48.4 0.012419 
48.5 0.0123461 
48.6 0.0122737 
48.7 0.0122019 
48.8 0.0121306 
48.9 0.0120598 
49 0.0119894 
49.1 0.0119194 
49.2 0.0118499 
49.3 0.0117807 
49.4 0.0117119 
49.5 0.0116436 
49.6 0.0115758 
49.7 0.0115085 
49.8 0.0114418 
49.9 0.0113757 
50 0.0113102 
50.1 0.0112453 
50.2 0.0111811 
50.3 0.0111175 
50.4 0.0110547 
50.5 0.0109924 
50.6 0.0109308 
50.7 0.0108698 
50.8 0.0108093 
50.9 0.0107494 
51 0.0106899 
51.1 0.0106309 
51.2 0.0105724 
51.3 0.0105142 
51.4 0.0104565 
51.5 0.0103991 
51.6 0.0103422 
51.7 0.0102856 
51.8 0.0102294 
51.9 0.0101735 
52 0.0101182 
52.1 0.0100632 
52.2 0.0100087 
52.3 0.0099546 
52.4 0.00990099 
52.5 0.00984786 
52.6 0.00979519 
52.7 0.00974298 
52.8 0.00969124 
52.9 0.00963994 
53 0.00958908 
53.1 0.00953864 
53.2 0.00948861 
53.3 0.00943898 
53.4 0.00938972 
53.5 0.00934083 
53.6 0.0092923 
53.7 0.00924413 
53.8 0.00919631 
53.9 0.00914884 
54 0.00910172 
54.1 0.00905496 
54.2 0.00900856 
54.3 0.00896253 
54.4 0.00891686 
54.5 0.00887155 
54.6 0.00882662 
54.7 0.00878205 
54.8 0.00873784 
54.9 0.00869398 
55 0.00865047 
55.1 0.00860729 
55.2 0.00856442 
55.3 0.00852187 
55.4 0.00847961 
55.5 0.00843765 
55.6 0.00839597 
55.7 0.00835456 
55.8 0.00831344 
55.9 0.00827259 
56 0.00823203 
56.1 0.00819175 
56.2 0.00815178 
56.3 0.00811211 
56.4 0.00807276 
56.5 0.00803373 
56.6 0.00799503 
56.7 0.00795666 
56.8 0.00791863 
56.9 0.00788093 
57 0.00784355 
57.1 0.0078065 
57.2 0.00776974 
57.3 0.00773327 
57.4 0.00769707 
57.5 0.00766112 
57.6 0.00762541 
57.7 0.00758992 
57.8 0.00755463 
57.9 0.00751953 
58 0.00748462 
58.1 0.00744989 
58.2 0.00741535 
58.3 0.007381 
58.4 0.00734685 
58.5 0.00731292 
58.6 0.00727922 
58.7 0.00724576 
58.8 0.00721257 
58.9 0.00717966 
59 0.00714703 
59.1 0.00711471 
59.2 0.00708269 
59.3 0.00705098 
59.4 0.00701957 
59.5 0.00698845 
59.6 0.00695761 
59.7 0.00692704 
59.8 0.0068967 
59.9 0.00686657 
60 0.00683665 
60.1 0.00680689 
60.2 0.00677729 
60.3 0.00674781 
60.4 0.00671847 
60.5 0.00668923 
60.6 0.00666011 
60.7 0.0066311 
60.8 0.00660221 
60.9 0.00657346 
61 0.00654487 
61.1 0.00651644 
61.2 0.00648821 
61.3 0.0064602 
61.4 0.00643242 
61.5 0.0064049 
61.6 0.00637764 
61.7 0.00635066 
61.8 0.00632395 
61.9 0.00629753 
62 0.00627136 
62.1 0.00624546 
62.2 0.00621979 
62.3 0.00619433 
62.4 0.00616907 
62.5 0.00614397 
62.6 0.00611901 
62.7 0.00609416 
62.8 0.00606941 
62.9 0.00604473 
63 0.00602013 
63.1 0.00599558 
63.2 0.00597109 
63.3 0.00594667 
63.4 0.00592233 
63.5 0.00589809 
63.6 0.00587396 
63.7 0.00584997 
63.8 0.00582614 
63.9 0.0058025 
64 0.00577907 
64.1 0.00575586 
64.2 0.00573288 
64.3 0.00571016 
64.4 0.00568769 
64.5 0.00566546 
64.6 0.00564348 
64.7 0.00562172 
64.8 0.00560016 
64.9 0.00557879 
65 0.00555757 
65.1 0.00553649 
65.2 0.00551551 
65.3 0.00549461 
65.4 0.00547377 
65.5 0.00545298 
65.6 0.00543221 
65.7 0.00541148 
65.8 0.00539077 
65.9 0.00537009 
66 0.00534945 
66.1 0.00532888 
66.2 0.00530838 
66.3 0.00528799 
66.4 0.00526773 
66.5 0.00524762 
66.6 0.00522768 
66.7 0.00520793 
66.8 0.0051884 
66.9 0.00516908 
67 0.00514998 
67.1 0.00513111 
67.2 0.00511246 
67.3 0.00509401 
67.4 0.00507574 
67.5 0.00505764 
67.6 0.00503968 
67.7 0.00502184 
67.8 0.00500409 
67.9 0.0049864 
68 0.00496876 
68.1 0.00495115 
68.2 0.00493355 
68.3 0.00491595 
68.4 0.00489836 
68.5 0.00488077 
68.6 0.00486319 
68.7 0.00484565 
68.8 0.00482815 
68.9 0.00481071 
69 0.00479336 
69.1 0.00477613 
69.2 0.00475903 
69.3 0.00474209 
69.4 0.00472532 
69.5 0.00470874 
69.6 0.00469235 
69.7 0.00467616 
69.8 0.00466017 
69.9 0.00464437 
70 0.00462874 
70.1 0.00461327 
70.2 0.00459794 
70.3 0.00458272 
70.4 0.0045676 
70.5 0.00455254 
70.6 0.00453753 
70.7 0.00452255 
70.8 0.00450757 
70.9 0.0044926 
71 0.00447761 
71.1 0.00446261 
71.2 0.0044476 
71.3 0.00443259 
71.4 0.0044176 
71.5 0.00440263 
71.6 0.00438771 
71.7 0.00437286 
71.8 0.0043581 
71.9 0.00434346 
72 0.00432895 
72.1 0.00431458 
72.2 0.00430038 
72.3 0.00428634 
72.4 0.00427249 
72.5 0.0042588 
72.6 0.00424528 
72.7 0.00423192 
72.8 0.0042187 
72.9 0.0042056 
73 0.00419261 
73.1 0.0041797 
73.2 0.00416685 
73.3 0.00415404 
73.4 0.00414126 
73.5 0.00412847 
73.6 0.00411568 
73.7 0.00410287 
73.8 0.00409004 
73.9 0.0040772 
74 0.00406434 
74.1 0.00405148 
74.2 0.00403862 
74.3 0.0040258 
74.4 0.00401302 
74.5 0.0040003 
74.6 0.00398767 
74.7 0.00397514 
74.8 0.00396273 
74.9 0.00395045 
75 0.00393832 
75.1 0.00392633 
75.2 0.0039145 
75.3 0.00390282 
75.4 0.00389128 
75.5 0.00387987 
75.6 0.00386858 
75.7 0.0038574 
75.8 0.0038463 
75.9 0.00383526 
76 0.00382427 
76.1 0.00381331 
76.2 0.00380236 
76.3 0.0037914 
76.4 0.00378043 
76.5 0.00376944 
76.6 0.00375843 
76.7 0.00374739 
76.8 0.00373634 
76.9 0.00372528 
77 0.00371422 
77.1 0.00370318 
77.2 0.00369218 
77.3 0.00368123 
77.4 0.00367034 
77.5 0.00365954 
77.6 0.00364885 
77.7 0.00363826 
77.8 0.0036278 
77.9 0.00361746 
78 0.00360726 
78.1 0.00359719 
78.2 0.00358724 
78.3 0.00357741 
78.4 0.00356768 
78.5 0.00355805 
78.6 0.00354849 
78.7 0.003539 
78.8 0.00352954 
78.9 0.00352012 
79 0.0035107 
79.1 0.00350129 
79.2 0.00349186 
79.3 0.00348241 
79.4 0.00347294 
79.5 0.00346345 
79.6 0.00345393 
79.7 0.0034444 
79.8 0.00343486 
79.9 0.00342533 
80 0.00341582 
80.1 0.00340633 
80.2 0.0033969 
80.3 0.00338753 
80.4 0.00337824 
80.5 0.00336903 
80.6 0.00335993 
80.7 0.00335093 
80.8 0.00334204 
80.9 0.00333326 
81 0.0033246 
81.1 0.00331604 
81.2 0.00330758 
81.3 0.00329921 
81.4 0.00329092 
81.5 0.00328269 
81.6 0.0032745 
81.7 0.00326636 
81.8 0.00325823 
81.9 0.00325012 
82 0.003242 
82.1 0.00323387 
82.2 0.00322572 
82.3 0.00321754 
82.4 0.00320935 
82.5 0.00320113 
82.6 0.0031929 
82.7 0.00318466 
82.8 0.00317642 
82.9 0.00316819 
83 0.00315999 
83.1 0.00315182 
83.2 0.0031437 
83.3 0.00313565 
83.4 0.00312766 
83.5 0.00311976 
83.6 0.00311194 
83.7 0.00310422 
83.8 0.00309659 
83.9 0.00308906 
84 0.00308162 
84.1 0.00307427 
84.2 0.003067 
84.3 0.0030598 
84.4 0.00305266 
84.5 0.00304556 
84.6 0.00303851 
84.7 0.00303147 
84.8 0.00302445 
84.9 0.00301744 
85 0.00301042 
85.1 0.00300338 
85.2 0.00299633 
85.3 0.00298925 
85.4 0.00298216 
85.5 0.00297505 
85.6 0.00296792 
85.7 0.00296079 
85.8 0.00295366 
85.9 0.00294654 
86 0.00293944 
86.1 0.00293237 
86.2 0.00292534 
86.3 0.00291837 
86.4 0.00291145 
86.5 0.0029046 
86.6 0.00289783 
86.7 0.00289113 
86.8 0.00288452 
86.9 0.00287799 
87 0.00287153 
87.1 0.00286515 
87.2 0.00285884 
87.3 0.00285259 
87.4 0.00284639 
87.5 0.00284024 
87.6 0.00283411 
87.7 0.00282802 
87.8 0.00282193 
87.9 0.00281585 
88 0.00280977 
88.1 0.00280368 
88.2 0.00279758 
88.3 0.00279146 
88.4 0.00278532 
88.5 0.00277917 
88.6 0.002773 
88.7 0.00276682 
88.8 0.00276064 
88.9 0.00275447 
89 0.0027483 
89.1 0.00274216 
89.2 0.00273604 
89.3 0.00272996 
89.4 0.00272392 
89.5 0.00271794 
89.6 0.00271202 
89.7 0.00270616 
89.8 0.00270036 
89.9 0.00269463 
90 0.00268897 
90.1 0.00268338 
90.2 0.00267785 
90.3 0.00267237 
90.4 0.00266695 
90.5 0.00266157 
90.6 0.00265622 
90.7 0.00265091 
90.8 0.00264561 
90.9 0.00264033 
91 0.00263506 
91.1 0.00262978 
91.2 0.0026245 
91.3 0.00261921 
91.4 0.0026139 
91.5 0.00260858 
91.6 0.00260325 
91.7 0.0025979 
91.8 0.00259255 
91.9 0.00258719 
92 0.00258183 
92.1 0.00257648 
92.2 0.00257114 
92.3 0.00256583 
92.4 0.00256054 
92.5 0.00255528 
92.6 0.00255006 
92.7 0.00254489 
92.8 0.00253977 
92.9 0.0025347 
93 0.00252969 
93.1 0.00252473 
93.2 0.00251983 
93.3 0.00251499 
93.4 0.00251019 
93.5 0.00250544 
93.6 0.00250073 
93.7 0.00249606 
93.8 0.00249142 
93.9 0.0024868 
94 0.0024822 
94.1 0.00247761 
94.2 0.00247303 
94.3 0.00246844 
94.4 0.00246386 
94.5 0.00245926 
94.6 0.00245466 
94.7 0.00245004 
94.8 0.00244542 
94.9 0.00244078 
95 0.00243614 
95.1 0.00243149 
95.2 0.00242684 
95.3 0.0024222 
95.4 0.00241757 
95.5 0.00241295 
95.6 0.00240835 
95.7 0.00240378 
95.8 0.00239923 
95.9 0.00239473 
96 0.00239026 
96.1 0.00238583 
96.2 0.00238145 
96.3 0.00237711 
96.4 0.00237282 
96.5 0.00236858 
96.6 0.00236438 
96.7 0.00236022 
96.8 0.00235609 
96.9 0.002352 
97 0.00234794 
97.1 0.00234391 
97.2 0.00233989 
97.3 0.00233589 
97.4 0.0023319 
97.5 0.00232792 
97.6 0.00232393 
97.7 0.00231995 
97.8 0.00231596 
97.9 0.00231196 
98 0.00230796 
98.1 0.00230394 
98.2 0.00229992 
98.3 0.0022959 
98.4 0.00229187 
98.5 0.00228784 
98.6 0.00228381 
98.7 0.00227979 
98.8 0.00227578 
98.9 0.00227179 
99 0.00226781 
99.1 0.00226386 
99.2 0.00225993 
99.3 0.00225604 
99.4 0.00225217 
99.5 0.00224834 
99.6 0.00224455 
99.7 0.0022408 
99.8 0.00223708 
99.9 0.0022334 
100 0.00222975 
100.1 0.00222614 
100.2 0.00222256 
100.3 0.00221901 
100.4 0.00221548 
100.5 0.00221197 
100.6 0.00220847 
100.7 0.00220499 
100.8 0.00220152 
100.9 0.00219806 
101 0.00219459 
101.1 0.00219113 
101.2 0.00218767 
101.3 0.0021842 
101.4 0.00218072 
101.5 0.00217724 
101.6 0.00217376 
101.7 0.00217027 
101.8 0.00216678 
101.9 0.00216329 
102 0.0021598 
102.1 0.00215632 
102.2 0.00215284 
102.3 0.00214937 
102.4 0.00214592 
102.5 0.00214248 
102.6 0.00213906 
102.7 0.00213567 
102.8 0.0021323 
102.9 0.00212895 
103 0.00212564 
103.1 0.00212235 
103.2 0.0021191 
103.3 0.00211587 
103.4 0.00211267 
103.5 0.00210951 
103.6 0.00210636 
103.7 0.00210325 
103.8 0.00210016 
103.9 0.00209708 
104 0.00209403 
104.1 0.00209099 
104.2 0.00208796 
104.3 0.00208494 
104.4 0.00208193 
104.5 0.00207892 
104.6 0.00207591 
104.7 0.0020729 
104.8 0.0020699 
104.9 0.00206689 
105 0.00206387 
105.1 0.00206086 
105.2 0.00205784 
105.3 0.00205482 
105.4 0.0020518 
105.5 0.00204878 
105.6 0.00204576 
105.7 0.00204275 
105.8 0.00203974 
105.9 0.00203674 
106 0.00203376 
106.1 0.00203079 
106.2 0.00202783 
106.3 0.00202489 
106.4 0.00202197 
106.5 0.00201907 
106.6 0.0020162 
106.7 0.00201335 
106.8 0.00201052 
106.9 0.00200771 
107 0.00200493 
107.1 0.00200218 
107.2 0.00199944 
107.3 0.00199673 
107.4 0.00199403 
107.5 0.00199135 
107.6 0.00198869 
107.7 0.00198604 
107.8 0.00198341 
107.9 0.00198078 
108 0.00197816 
108.1 0.00197555 
108.2 0.00197294 
108.3 0.00197033 
108.4 0.00196773 
108.5 0.00196512 
108.6 0.00196252 
108.7 0.00195991 
108.8 0.0019573 
108.9 0.00195469 
109 0.00195208 
109.1 0.00194947 
109.2 0.00194687 
109.3 0.00194426 
109.4 0.00194166 
109.5 0.00193907 
109.6 0.00193648 
109.7 0.0019339 
109.8 0.00193133 
109.9 0.00192877 
110 0.00192622 
110.1 0.00192369 
110.2 0.00192118 
110.3 0.00191868 
110.4 0.0019162 
110.5 0.00191374 
110.6 0.0019113 
110.7 0.00190888 
110.8 0.00190647 
110.9 0.00190408 
111 0.00190172 
111.1 0.00189936 
111.2 0.00189703 
111.3 0.0018947 
111.4 0.0018924 
111.5 0.0018901 
111.6 0.00188781 
111.7 0.00188553 
111.8 0.00188326 
111.9 0.001881 
112 0.00187874 
112.1 0.00187648 
112.2 0.00187423 
112.3 0.00187198 
112.4 0.00186973 
112.5 0.00186748 
112.6 0.00186523 
112.7 0.00186298 
112.8 0.00186074 
112.9 0.00185849 
113 0.00185624 
113.1 0.001854 
113.2 0.00185176 
113.3 0.00184952 
113.4 0.00184729 
113.5 0.00184506 
113.6 0.00184284 
113.7 0.00184063 
113.8 0.00183843 
113.9 0.00183623 
114 0.00183405 
114.1 0.00183188 
114.2 0.00182973 
114.3 0.00182758 
114.4 0.00182546 
114.5 0.00182334 
114.6 0.00182124 
114.7 0.00181916 
114.8 0.00181709 
114.9 0.00181503 
115 0.00181299 
115.1 0.00181096 
115.2 0.00180894 
115.3 0.00180693 
115.4 0.00180494 
115.5 0.00180295 
115.6 0.00180098 
115.7 0.00179901 
115.8 0.00179705 
115.9 0.00179509 
116 0.00179315 
116.1 0.0017912 
116.2 0.00178926 
116.3 0.00178732 
116.4 0.00178538 
116.5 0.00178345 
116.6 0.00178151 
116.7 0.00177958 
116.8 0.00177765 
116.9 0.00177572 
117 0.0017738 
117.1 0.00177187 
117.2 0.00176995 
117.3 0.00176803 
117.4 0.00176611 
117.5 0.0017642 
117.6 0.00176229 
117.7 0.00176039 
117.8 0.0017585 
117.9 0.00175661 
118 0.00175473 
118.1 0.00175286 
118.2 0.001751 
118.3 0.00174914 
118.4 0.0017473 
118.5 0.00174547 
118.6 0.00174364 
118.7 0.00174183 
118.8 0.00174003 
118.9 0.00173825 
119 0.00173647 
119.1 0.0017347 
119.2 0.00173295 
119.3 0.0017312 
119.4 0.00172947 
119.5 0.00172774 
119.6 0.00172603 
119.7 0.00172432 
119.8 0.00172262 
119.9 0.00172092 
120 0.00171924 
120.1 0.00171756 
120.2 0.00171588 
120.3 0.00171421 
120.4 0.00171254 
120.5 0.00171088 
120.6 0.00170922 
120.7 0.00170756 
120.8 0.00170591 
120.9 0.00170426 
121 0.00170261 
121.1 0.00170096 
121.2 0.00169931 
121.3 0.00169767 
121.4 0.00169603 
121.5 0.00169439 
121.6 0.00169275 
121.7 0.00169112 
121.8 0.00168949 
121.9 0.00168787 
122 0.00168625 
122.1 0.00168463 
122.2 0.00168302 
122.3 0.00168142 
122.4 0.00167982 
122.5 0.00167823 
122.6 0.00167664 
122.7 0.00167506 
122.8 0.00167349 
122.9 0.00167193 
123 0.00167038 
123.1 0.00166883 
123.2 0.0016673 
123.3 0.00166577 
123.4 0.00166425 
123.5 0.00166274 
123.6 0.00166123 
123.7 0.00165974 
123.8 0.00165825 
123.9 0.00165677 
124 0.0016553 
124.1 0.00165384 
124.2 0.00165238 
124.3 0.00165093 
124.4 0.00164948 
124.5 0.00164805 
124.6 0.00164661 
124.7 0.00164518 
124.8 0.00164376 
124.9 0.00164234 
125 0.00164092 
125.1 0.00163951 
125.2 0.0016381 
125.3 0.00163669 
125.4 0.00163529 
125.5 0.00163389 
125.6 0.00163249 
125.7 0.0016311 
125.8 0.0016297 
125.9 0.00162831 
126 0.00162693 
126.1 0.00162554 
126.2 0.00162416 
126.3 0.00162278 
126.4 0.0016214 
126.5 0.00162003 
126.6 0.00161866 
126.7 0.0016173 
126.8 0.00161594 
126.9 0.00161458 
127 0.00161323 
127.1 0.00161188 
127.2 0.00161054 
127.3 0.0016092 
127.4 0.00160787 
127.5 0.00160655 
127.6 0.00160523 
127.7 0.00160391 
127.8 0.00160261 
127.9 0.00160131 
128 0.00160001 
128.1 0.00159872 
128.2 0.00159744 
128.3 0.00159617 
128.4 0.0015949 
128.5 0.00159364 
128.6 0.00159238 
128.7 0.00159113 
128.8 0.00158989 
128.9 0.00158865 
129 0.00158742 
129.1 0.00158619 
129.2 0.00158497 
129.3 0.00158375 
129.4 0.00158254 
129.5 0.00158134 
129.6 0.00158013 
129.7 0.00157893 
129.8 0.00157774 
129.9 0.00157655 
130 0.00157536 
130.1 0.00157417 
130.2 0.00157299 
130.3 0.00157181 
130.4 0.00157064 
130.5 0.00156947 
130.6 0.0015683 
130.7 0.00156713 
130.8 0.00156597 
130.9 0.0015648 
131 0.00156365 
131.1 0.00156249 
131.2 0.00156134 
131.3 0.00156019 
131.4 0.00155904 
131.5 0.00155789 
131.6 0.00155675 
131.7 0.00155562 
131.8 0.00155448 
131.9 0.00155335 
132 0.00155222 
132.1 0.0015511 
132.2 0.00154998 
132.3 0.00154886 
132.4 0.00154775 
132.5 0.00154665 
132.6 0.00154554 
132.7 0.00154444 
132.8 0.00154335 
132.9 0.00154226 
133 0.00154118 
133.1 0.0015401 
133.2 0.00153902 
133.3 0.00153795 
133.4 0.00153689 
133.5 0.00153583 
133.6 0.00153478 
133.7 0.00153372 
133.8 0.00153268 
133.9 0.00153164 
134 0.0015306 
134.1 0.00152957 
134.2 0.00152855 
134.3 0.00152752 
134.4 0.0015265 
134.5 0.00152549 
134.6 0.00152448 
134.7 0.00152348 
134.8 0.00152247 
134.9 0.00152148 
135 0.00152048 
135.1 0.00151949 
135.2 0.0015185 
135.3 0.00151752 
135.4 0.00151654 
135.5 0.00151556 
135.6 0.00151459 
135.7 0.00151361 
135.8 0.00151265 
135.9 0.00151168 
136 0.00151072 
136.1 0.00150976 
136.2 0.0015088 
136.3 0.00150784 
136.4 0.00150689 
136.5 0.00150594 
136.6 0.00150499 
136.7 0.00150405 
136.8 0.00150311 
136.9 0.00150217 
137 0.00150123 
137.1 0.0015003 
137.2 0.00149937 
137.3 0.00149844 
137.4 0.00149752 
137.5 0.0014966 
137.6 0.00149568 
137.7 0.00149476 
137.8 0.00149385 
137.9 0.00149294 
138 0.00149204 
138.1 0.00149114 
138.2 0.00149024 
138.3 0.00148934 
138.4 0.00148845 
138.5 0.00148756 
138.6 0.00148668 
138.7 0.0014858 
138.8 0.00148492 
138.9 0.00148404 
139 0.00148317 
139.1 0.00148231 
139.2 0.00148145 
139.3 0.00148059 
139.4 0.00147973 
139.5 0.00147888 
139.6 0.00147803 
139.7 0.00147719 
139.8 0.00147635 
139.9 0.00147551 
140 0.00147468 
140.1 0.00147385 
140.2 0.00147302 
140.3 0.0014722 
140.4 0.00147138 
140.5 0.00147056 
140.6 0.00146975 
140.7 0.00146894 
140.8 0.00146813 
140.9 0.00146733 
141 0.00146653 
141.1 0.00146573 
141.2 0.00146493 
141.3 0.00146414 
141.4 0.00146335 
141.5 0.00146257 
141.6 0.00146179 
141.7 0.00146101 
141.8 0.00146023 
141.9 0.00145945 
142 0.00145868 
142.1 0.00145791 
142.2 0.00145715 
142.3 0.00145638 
142.4 0.00145562 
142.5 0.00145486 
142.6 0.0014541 
142.7 0.00145335 
142.8 0.0014526 
142.9 0.00145185 
143 0.0014511 
143.1 0.00145036 
143.2 0.00144962 
143.3 0.00144888 
143.4 0.00144814 
143.5 0.00144741 
143.6 0.00144668 
143.7 0.00144595 
143.8 0.00144522 
143.9 0.0014445 
144 0.00144378 
144.1 0.00144306 
144.2 0.00144234 
144.3 0.00144163 
144.4 0.00144092 
144.5 0.00144021 
144.6 0.0014395 
144.7 0.0014388 
144.8 0.0014381 
144.9 0.00143741 
145 0.00143671 
145.1 0.00143602 
145.2 0.00143533 
145.3 0.00143465 
145.4 0.00143396 
145.5 0.00143328 
145.6 0.00143261 
145.7 0.00143193 
145.8 0.00143126 
145.9 0.00143059 
146 0.00142993 
146.1 0.00142926 
146.2 0.0014286 
146.3 0.00142795 
146.4 0.00142729 
146.5 0.00142664 
146.6 0.00142599 
146.7 0.00142534 
146.8 0.0014247 
146.9 0.00142406 
147 0.00142342 
147.1 0.00142279 
147.2 0.00142215 
147.3 0.00142152 
147.4 0.0014209 
147.5 0.00142027 
147.6 0.00141965 
147.7 0.00141903 
147.8 0.00141842 
147.9 0.0014178 
148 0.00141719 
148.1 0.00141658 
148.2 0.00141597 
148.3 0.00141537 
148.4 0.00141477 
148.5 0.00141417 
148.6 0.00141357 
148.7 0.00141298 
148.8 0.00141239 
148.9 0.0014118 
149 0.00141121 
149.1 0.00141063 
149.2 0.00141004 
149.3 0.00140947 
149.4 0.00140889 
149.5 0.00140831 
149.6 0.00140774 
149.7 0.00140717 
149.8 0.0014066 
149.9 0.00140603 
150 0.00140547 
150.1 0.00140491 
150.2 0.00140435 
150.3 0.00140379 
150.4 0.00140324 
150.5 0.00140268 
150.6 0.00140213 
150.7 0.00140158 
150.8 0.00140104 
150.9 0.00140049 
151 0.00139995 
151.1 0.00139941 
151.2 0.00139888 
151.3 0.00139834 
151.4 0.00139781 
151.5 0.00139728 
151.6 0.00139675 
151.7 0.00139622 
151.8 0.0013957 
151.9 0.00139518 
152 0.00139466 
152.1 0.00139414 
152.2 0.00139363 
152.3 0.00139311 
152.4 0.0013926 
152.5 0.00139209 
152.6 0.00139159 
152.7 0.00139108 
152.8 0.00139058 
152.9 0.00139008 
153 0.00138959 
153.1 0.00138909 
153.2 0.0013886 
153.3 0.00138811 
153.4 0.00138762 
153.5 0.00138714 
153.6 0.00138665 
153.7 0.00138617 
153.8 0.00138569 
153.9 0.00138521 
154 0.00138474 
154.1 0.00138427 
154.2 0.0013838 
154.3 0.00138333 
154.4 0.00138286 
154.5 0.0013824 
154.6 0.00138194 
154.7 0.00138148 
154.8 0.00138102 
154.9 0.00138057 
155 0.00138011 
155.1 0.00137966 
155.2 0.00137922 
155.3 0.00137877 
155.4 0.00137833 
155.5 0.00137788 
155.6 0.00137745 
155.7 0.00137701 
155.8 0.00137657 
155.9 0.00137614 
156 0.00137571 
156.1 0.00137528 
156.2 0.00137485 
156.3 0.00137443 
156.4 0.00137401 
156.5 0.00137359 
156.6 0.00137317 
156.7 0.00137275 
156.8 0.00137234 
156.9 0.00137193 
157 0.00137152 
157.1 0.00137111 
157.2 0.0013707 
157.3 0.0013703 
157.4 0.0013699 
157.5 0.0013695 
157.6 0.0013691 
157.7 0.0013687 
157.8 0.00136831 
157.9 0.00136792 
158 0.00136753 
158.1 0.00136714 
158.2 0.00136676 
158.3 0.00136637 
158.4 0.00136599 
158.5 0.00136561 
158.6 0.00136523 
158.7 0.00136486 
158.8 0.00136448 
158.9 0.00136411 
159 0.00136374 
159.1 0.00136338 
159.2 0.00136301 
159.3 0.00136265 
159.4 0.00136228 
159.5 0.00136192 
159.6 0.00136157 
159.7 0.00136121 
159.8 0.00136086 
159.9 0.0013605 
160 0.00136015 
160.1 0.00135981 
160.2 0.00135946 
160.3 0.00135911 
160.4 0.00135877 
160.5 0.00135843 
160.6 0.00135809 
160.7 0.00135776 
160.8 0.00135742 
160.9 0.00135709 
161 0.00135676 
161.1 0.00135643 
161.2 0.0013561 
161.3 0.00135577 
161.4 0.00135545 
161.5 0.00135513 
161.6 0.00135481 
161.7 0.00135449 
161.8 0.00135417 
161.9 0.00135386 
162 0.00135355 
162.1 0.00135324 
162.2 0.00135293 
162.3 0.00135262 
162.4 0.00135232 
162.5 0.00135201 
162.6 0.00135171 
162.7 0.00135141 
162.8 0.00135112 
162.9 0.00135082 
163 0.00135053 
163.1 0.00135024 
163.2 0.00134995 
163.3 0.00134966 
163.4 0.00134937 
163.5 0.00134909 
163.6 0.0013488 
163.7 0.00134852 
163.8 0.00134825 
163.9 0.00134797 
164 0.00134769 
164.1 0.00134742 
164.2 0.00134715 
164.3 0.00134688 
164.4 0.00134661 
164.5 0.00134634 
164.6 0.00134608 
164.7 0.00134582 
164.8 0.00134556 
164.9 0.0013453 
165 0.00134504 
165.1 0.00134479 
165.2 0.00134453 
165.3 0.00134428 
165.4 0.00134403 
165.5 0.00134378 
165.6 0.00134354 
165.7 0.00134329 
165.8 0.00134305 
165.9 0.00134281 
166 0.00134257 
166.1 0.00134234 
166.2 0.0013421 
166.3 0.00134187 
166.4 0.00134164 
166.5 0.00134141 
166.6 0.00134118 
166.7 0.00134095 
166.8 0.00134073 
166.9 0.0013405 
167 0.00134028 
167.1 0.00134006 
167.2 0.00133985 
167.3 0.00133963 
167.4 0.00133942 
167.5 0.00133921 
167.6 0.001339 
167.7 0.00133879 
167.8 0.00133858 
167.9 0.00133838 
168 0.00133817 
168.1 0.00133797 
168.2 0.00133777 
168.3 0.00133757 
168.4 0.00133738 
168.5 0.00133718 
168.6 0.00133699 
168.7 0.0013368 
168.8 0.00133661 
168.9 0.00133642 
169 0.00133624 
169.1 0.00133605 
169.2 0.00133587 
169.3 0.00133569 
169.4 0.00133551 
169.5 0.00133533 
169.6 0.00133516 
169.7 0.00133498 
169.8 0.00133481 
169.9 0.00133464 
170 0.00133447 
170.1 0.00133431 
170.2 0.00133414 
170.3 0.00133398 
170.4 0.00133382 
170.5 0.00133366 
170.6 0.0013335 
170.7 0.00133334 
170.8 0.00133319 
170.9 0.00133304 
171 0.00133289 
171.1 0.00133274 
171.2 0.00133259 
171.3 0.00133244 
171.4 0.0013323 
171.5 0.00133215 
171.6 0.00133201 
171.7 0.00133187 
171.8 0.00133174 
171.9 0.0013316 
172 0.00133147 
172.1 0.00133133 
172.2 0.0013312 
172.3 0.00133107 
172.4 0.00133095 
172.5 0.00133082 
172.6 0.0013307 
172.7 0.00133058 
172.8 0.00133045 
172.9 0.00133034 
173 0.00133022 
173.1 0.0013301 
173.2 0.00132999 
173.3 0.00132988 
173.4 0.00132977 
173.5 0.00132966 
173.6 0.00132955 
173.7 0.00132944 
173.8 0.00132934 
173.9 0.00132924 
174 0.00132914 
174.1 0.00132904 
174.2 0.00132894 
174.3 0.00132885 
174.4 0.00132875 
174.5 0.00132866 
174.6 0.00132857 
174.7 0.00132848 
174.8 0.0013284 
174.9 0.00132831 
175 0.00132823 
175.1 0.00132814 
175.2 0.00132806 
175.3 0.00132798 
175.4 0.00132791 
175.5 0.00132783 
175.6 0.00132776 
175.7 0.00132769 
175.8 0.00132762 
175.9 0.00132755 
176 0.00132748 
176.1 0.00132742 
176.2 0.00132735 
176.3 0.00132729 
176.4 0.00132723 
176.5 0.00132717 
176.6 0.00132711 
176.7 0.00132706 
176.8 0.001327 
176.9 0.00132695 
177 0.0013269 
177.1 0.00132685 
177.2 0.00132681 
177.3 0.00132676 
177.4 0.00132672 
177.5 0.00132667 
177.6 0.00132663 
177.7 0.00132659 
177.8 0.00132656 
177.9 0.00132652 
178 0.00132649 
178.1 0.00132646 
178.2 0.00132643 
178.3 0.0013264 
178.4 0.00132637 
178.5 0.00132634 
178.6 0.00132632 
178.7 0.0013263 
178.8 0.00132628 
178.9 0.00132626 
179 0.00132624 
179.1 0.00132622 
179.2 0.00132621 
179.3 0.0013262 
179.4 0.00132619 
179.5 0.00132618 
179.6 0.00132617 
179.7 0.00132617 
179.8 0.00132616 
