0.1 22.3606 
0.2 22.3485 
0.3 22.3283 
0.4 22.3 
0.5 22.2636 
0.6 22.2191 
0.7 22.1665 
0.8 22.1056 
0.9 22.0366 
1 21.9594 
1.1 21.8739 
1.2 21.7802 
1.3 21.6783 
1.4 21.5681 
1.5 21.4497 
1.6 21.3232 
1.7 21.1885 
1.8 21.0457 
1.9 20.8949 
2 20.7363 
2.1 20.5699 
2.2 20.3958 
2.3 20.2143 
2.4 20.0255 
2.5 19.8297 
2.6 19.627 
2.7 19.4178 
2.8 19.2022 
2.9 18.9807 
3 18.7535 
3.1 18.5209 
3.2 18.2833 
3.3 18.0411 
3.4 17.7947 
3.5 17.5444 
3.6 17.2906 
3.7 17.0338 
3.8 16.7743 
3.9 16.5125 
4 16.2489 
4.1 15.9838 
4.2 15.7176 
4.3 15.4508 
4.4 15.1836 
4.5 14.9165 
4.6 14.6497 
4.7 14.3837 
4.8 14.1187 
4.9 13.8551 
5 13.593 
5.1 13.3328 
5.2 13.0746 
5.3 12.8188 
5.4 12.5655 
5.5 12.3149 
5.6 12.0671 
5.7 11.8223 
5.8 11.5806 
5.9 11.3422 
6 11.107 
6.1 10.8752 
6.2 10.6469 
6.3 10.422 
6.4 10.2007 
6.5 9.98296 
6.6 9.76876 
6.7 9.55815 
6.8 9.35111 
6.9 9.14765 
7 8.94774 
7.1 8.75138 
7.2 8.55855 
7.3 8.36922 
7.4 8.18337 
7.5 8.00096 
7.6 7.82198 
7.7 7.6464 
7.8 7.47418 
7.9 7.30529 
8 7.1397 
8.1 6.97739 
8.2 6.81832 
8.3 6.66246 
8.4 6.50979 
8.5 6.36026 
8.6 6.21385 
8.7 6.07054 
8.8 5.93028 
8.9 5.79304 
9 5.6588 
9.1 5.52751 
9.2 5.39915 
9.3 5.27368 
9.4 5.15106 
9.5 5.03124 
9.6 4.9142 
9.7 4.7999 
9.8 4.68828 
9.9 4.5793 
10 4.47293 
10.1 4.36911 
10.2 4.26779 
10.3 4.16894 
10.4 4.0725 
10.5 3.97841 
10.6 3.88664 
10.7 3.79713 
10.8 3.70982 
10.9 3.62468 
11 3.54165 
11.1 3.46067 
11.2 3.3817 
11.3 3.3047 
11.4 3.22961 
11.5 3.15638 
11.6 3.08497 
11.7 3.01533 
11.8 2.94742 
11.9 2.8812 
12 2.81663 
12.1 2.75365 
12.2 2.69224 
12.3 2.63236 
12.4 2.57396 
12.5 2.51701 
12.6 2.46148 
12.7 2.40734 
12.8 2.35454 
12.9 2.30306 
13 2.25286 
13.1 2.20392 
13.2 2.15621 
13.3 2.10969 
13.4 2.06434 
13.5 2.02013 
13.6 1.97703 
13.7 1.93501 
13.8 1.89405 
13.9 1.85413 
14 1.81521 
14.1 1.77727 
14.2 1.74028 
14.3 1.70422 
14.4 1.66907 
14.5 1.6348 
14.6 1.60139 
14.7 1.56882 
14.8 1.53706 
14.9 1.50608 
15 1.47588 
15.1 1.44642 
15.2 1.41769 
15.3 1.38966 
15.4 1.36233 
15.5 1.33566 
15.6 1.30964 
15.7 1.28426 
15.8 1.25949 
15.9 1.23532 
16 1.21174 
16.1 1.18872 
16.2 1.16626 
16.3 1.14434 
16.4 1.12295 
16.5 1.10207 
16.6 1.0817 
16.7 1.06181 
16.8 1.04241 
16.9 1.02347 
17 1.00499 
17.1 0.986957 
17.2 0.969358 
17.3 0.952186 
17.4 0.935429 
17.5 0.919077 
17.6 0.903122 
17.7 0.887554 
17.8 0.872363 
17.9 0.857539 
18 0.843074 
18.1 0.828957 
18.2 0.81518 
18.3 0.801734 
18.4 0.78861 
18.5 0.775798 
18.6 0.763289 
18.7 0.751076 
18.8 0.739149 
18.9 0.7275 
19 0.71612 
19.1 0.705002 
19.2 0.694137 
19.3 0.683518 
19.4 0.673138 
19.5 0.66299 
19.6 0.653066 
19.7 0.64336 
19.8 0.633867 
19.9 0.624579 
20 0.615491 
20.1 0.606599 
20.2 0.597896 
20.3 0.589379 
20.4 0.581042 
20.5 0.572881 
20.6 0.564893 
20.7 0.557074 
20.8 0.54942 
20.9 0.541928 
21 0.534594 
21.1 0.527415 
21.2 0.520389 
21.3 0.513512 
21.4 0.506783 
21.5 0.500196 
21.6 0.493751 
21.7 0.487445 
21.8 0.481274 
21.9 0.475236 
22 0.469327 
22.1 0.463546 
22.2 0.457889 
22.3 0.452353 
22.4 0.446935 
22.5 0.441633 
22.6 0.436442 
22.7 0.431361 
22.8 0.426385 
22.9 0.421512 
23 0.416739 
23.1 0.412061 
23.2 0.407477 
23.3 0.402983 
23.4 0.398577 
23.5 0.394254 
23.6 0.390013 
23.7 0.38585 
23.8 0.381763 
23.9 0.377749 
24 0.373807 
24.1 0.369932 
24.2 0.366125 
24.3 0.362381 
24.4 0.358701 
24.5 0.355081 
24.6 0.35152 
24.7 0.348017 
24.8 0.344571 
24.9 0.34118 
25 0.337843 
25.1 0.33456 
25.2 0.331328 
25.3 0.328148 
25.4 0.325019 
25.5 0.32194 
25.6 0.31891 
25.7 0.315929 
25.8 0.312995 
25.9 0.31011 
26 0.307271 
26.1 0.304478 
26.2 0.30173 
26.3 0.299027 
26.4 0.296368 
26.5 0.293752 
26.6 0.291179 
26.7 0.288647 
26.8 0.286155 
26.9 0.283703 
27 0.28129 
27.1 0.278914 
27.2 0.276574 
27.3 0.27427 
27.4 0.272 
27.5 0.269762 
27.6 0.267557 
27.7 0.265383 
27.8 0.263238 
27.9 0.261122 
28 0.259033 
28.1 0.25697 
28.2 0.254934 
28.3 0.252921 
28.4 0.250932 
28.5 0.248966 
28.6 0.247023 
28.7 0.2451 
28.8 0.243198 
28.9 0.241316 
29 0.239454 
29.1 0.23761 
29.2 0.235786 
29.3 0.233979 
29.4 0.232191 
29.5 0.230421 
29.6 0.228668 
29.7 0.226932 
29.8 0.225214 
29.9 0.223512 
30 0.221828 
30.1 0.220161 
30.2 0.21851 
30.3 0.216876 
30.4 0.215259 
30.5 0.213658 
30.6 0.212073 
30.7 0.210504 
30.8 0.208952 
30.9 0.207415 
31 0.205894 
31.1 0.204389 
31.2 0.202898 
31.3 0.201422 
31.4 0.199961 
31.5 0.198514 
31.6 0.197081 
31.7 0.195661 
31.8 0.194254 
31.9 0.192861 
32 0.191479 
32.1 0.19011 
32.2 0.188752 
32.3 0.187406 
32.4 0.18607 
32.5 0.184745 
32.6 0.18343 
32.7 0.182125 
32.8 0.18083 
32.9 0.179544 
33 0.178267 
33.1 0.176998 
33.2 0.175739 
33.3 0.174487 
33.4 0.173244 
33.5 0.17201 
33.6 0.170783 
33.7 0.169564 
33.8 0.168353 
33.9 0.16715 
34 0.165954 
34.1 0.164766 
34.2 0.163586 
34.3 0.162413 
34.4 0.161248 
34.5 0.160091 
34.6 0.158942 
34.7 0.1578 
34.8 0.156665 
34.9 0.155538 
35 0.154419 
35.1 0.153307 
35.2 0.152203 
35.3 0.151106 
35.4 0.150016 
35.5 0.148934 
35.6 0.147859 
35.7 0.146791 
35.8 0.14573 
35.9 0.144677 
36 0.14363 
36.1 0.142589 
36.2 0.141556 
36.3 0.140529 
36.4 0.139508 
36.5 0.138494 
36.6 0.137486 
36.7 0.136484 
36.8 0.135488 
36.9 0.134498 
37 0.133514 
37.1 0.132536 
37.2 0.131563 
37.3 0.130596 
37.4 0.129635 
37.5 0.12868 
37.6 0.12773 
37.7 0.126785 
37.8 0.125846 
37.9 0.124913 
38 0.123985 
38.1 0.123063 
38.2 0.122146 
38.3 0.121235 
38.4 0.12033 
38.5 0.11943 
38.6 0.118535 
38.7 0.117646 
38.8 0.116763 
38.9 0.115885 
39 0.115013 
39.1 0.114147 
39.2 0.113286 
39.3 0.11243 
39.4 0.11158 
39.5 0.110736 
39.6 0.109897 
39.7 0.109064 
39.8 0.108235 
39.9 0.107413 
40 0.106595 
40.1 0.105783 
40.2 0.104976 
40.3 0.104174 
40.4 0.103377 
40.5 0.102585 
40.6 0.101798 
40.7 0.101016 
40.8 0.10024 
40.9 0.0994676 
41 0.0987005 
41.1 0.0979384 
41.2 0.0971811 
41.3 0.0964287 
41.4 0.0956811 
41.5 0.0949385 
41.6 0.0942007 
41.7 0.0934679 
41.8 0.09274 
41.9 0.0920171 
42 0.0912992 
42.1 0.0905864 
42.2 0.0898787 
42.3 0.0891762 
42.4 0.0884789 
42.5 0.0877868 
42.6 0.0871 
42.7 0.0864185 
42.8 0.0857424 
42.9 0.0850717 
43 0.0844064 
43.1 0.0837465 
43.2 0.0830922 
43.3 0.0824433 
43.4 0.0817999 
43.5 0.081162 
43.6 0.0805295 
43.7 0.0799026 
43.8 0.079281 
43.9 0.0786649 
44 0.0780541 
44.1 0.0774487 
44.2 0.0768486 
44.3 0.0762537 
44.4 0.075664 
44.5 0.0750795 
44.6 0.0745001 
44.7 0.0739258 
44.8 0.0733564 
44.9 0.0727921 
45 0.0722326 
45.1 0.071678 
45.2 0.0711283 
45.3 0.0705833 
45.4 0.0700432 
45.5 0.0695078 
45.6 0.0689772 
45.7 0.0684513 
45.8 0.0679302 
45.9 0.0674139 
46 0.0669023 
46.1 0.0663956 
46.2 0.0658937 
46.3 0.0653966 
46.4 0.0649044 
46.5 0.0644172 
46.6 0.063935 
46.7 0.0634578 
46.8 0.0629856 
46.9 0.0625186 
47 0.0620568 
47.1 0.0616001 
47.2 0.0611488 
47.3 0.0607027 
47.4 0.060262 
47.5 0.0598266 
47.6 0.0593966 
47.7 0.0589721 
47.8 0.058553 
47.9 0.0581393 
48 0.057731 
48.1 0.0573282 
48.2 0.0569308 
48.3 0.0565389 
48.4 0.0561523 
48.5 0.055771 
48.6 0.0553951 
48.7 0.0550245 
48.8 0.0546591 
48.9 0.0542989 
49 0.0539438 
49.1 0.0535938 
49.2 0.0532488 
49.3 0.0529088 
49.4 0.0525738 
49.5 0.0522436 
49.6 0.0519182 
49.7 0.0515976 
49.8 0.0512817 
49.9 0.0509705 
50 0.050664 
50.1 0.050362 
50.2 0.0500647 
50.3 0.0497718 
50.4 0.0494836 
50.5 0.0491998 
50.6 0.0489206 
50.7 0.0486459 
50.8 0.0483757 
50.9 0.04811 
51 0.0478488 
51.1 0.0475922 
51.2 0.0473402 
51.3 0.0470927 
51.4 0.0468498 
51.5 0.0466115 
51.6 0.0463779 
51.7 0.0461489 
51.8 0.0459245 
51.9 0.0457049 
52 0.04549 
52.1 0.0452797 
52.2 0.0450742 
52.3 0.0448735 
52.4 0.0446775 
52.5 0.0444862 
52.6 0.0442996 
52.7 0.0441177 
52.8 0.0439405 
52.9 0.043768 
53 0.0436001 
53.1 0.0434369 
53.2 0.0432782 
53.3 0.0431241 
53.4 0.0429744 
53.5 0.0428292 
53.6 0.0426884 
53.7 0.0425519 
53.8 0.0424197 
53.9 0.0422917 
54 0.0421679 
54.1 0.0420482 
54.2 0.0419326 
54.3 0.041821 
54.4 0.0417133 
54.5 0.0416096 
54.6 0.0415096 
54.7 0.0414135 
54.8 0.0413211 
54.9 0.0412323 
55 0.0411473 
55.1 0.0410658 
55.2 0.040988 
55.3 0.0409136 
55.4 0.0408428 
55.5 0.0407755 
55.6 0.0407116 
55.7 0.0406512 
55.8 0.0405942 
55.9 0.0405405 
56 0.0404903 
56.1 0.0404434 
56.2 0.0403999 
56.3 0.0403597 
56.4 0.0403229 
56.5 0.0402893 
56.6 0.0402591 
56.7 0.0402321 
56.8 0.0402084 
56.9 0.040188 
57 0.0401707 
57.1 0.0401567 
57.2 0.0401458 
57.3 0.0401381 
57.4 0.0401335 
57.5 0.040132 
57.6 0.0401336 
57.7 0.0401381 
57.8 0.0401456 
57.9 0.0401561 
58 0.0401694 
58.1 0.0401856 
58.2 0.0402046 
58.3 0.0402263 
58.4 0.0402507 
58.5 0.0402777 
58.6 0.0403072 
58.7 0.0403393 
58.8 0.0403739 
58.9 0.0404108 
59 0.0404501 
59.1 0.0404917 
59.2 0.0405355 
59.3 0.0405815 
59.4 0.0406296 
59.5 0.0406798 
59.6 0.0407319 
59.7 0.0407861 
59.8 0.0408421 
59.9 0.0409 
60 0.0409597 
60.1 0.0410212 
60.2 0.0410844 
60.3 0.0411493 
60.4 0.0412158 
60.5 0.0412839 
60.6 0.0413536 
60.7 0.0414247 
60.8 0.0414974 
60.9 0.0415715 
61 0.0416469 
61.1 0.0417238 
61.2 0.041802 
61.3 0.0418814 
61.4 0.0419621 
61.5 0.042044 
61.6 0.0421271 
61.7 0.0422113 
61.8 0.0422966 
61.9 0.042383 
62 0.0424704 
62.1 0.0425587 
62.2 0.042648 
62.3 0.0427381 
62.4 0.0428291 
62.5 0.0429208 
62.6 0.0430133 
62.7 0.0431065 
62.8 0.0432003 
62.9 0.0432947 
63 0.0433897 
63.1 0.0434851 
63.2 0.043581 
63.3 0.0436772 
63.4 0.0437738 
63.5 0.0438707 
63.6 0.0439678 
63.7 0.0440651 
63.8 0.0441625 
63.9 0.04426 
64 0.0443576 
64.1 0.0444551 
64.2 0.0445525 
64.3 0.0446498 
64.4 0.044747 
64.5 0.044844 
64.6 0.0449407 
64.7 0.0450371 
64.8 0.0451332 
64.9 0.0452289 
65 0.0453242 
65.1 0.045419 
65.2 0.0455133 
65.3 0.0456071 
65.4 0.0457003 
65.5 0.0457928 
65.6 0.0458847 
65.7 0.0459759 
65.8 0.0460664 
65.9 0.0461561 
66 0.0462449 
66.1 0.0463329 
66.2 0.04642 
66.3 0.0465062 
66.4 0.0465914 
66.5 0.0466756 
66.6 0.0467587 
66.7 0.0468407 
66.8 0.0469216 
66.9 0.0470013 
67 0.0470798 
67.1 0.047157 
67.2 0.0472329 
67.3 0.0473074 
67.4 0.0473805 
67.5 0.0474522 
67.6 0.0475225 
67.7 0.0475912 
67.8 0.0476583 
67.9 0.0477238 
68 0.0477877 
68.1 0.0478499 
68.2 0.0479104 
68.3 0.0479691 
68.4 0.048026 
68.5 0.0480811 
68.6 0.0481343 
68.7 0.0481856 
68.8 0.0482349 
68.9 0.0482823 
69 0.0483276 
69.1 0.048371 
69.2 0.0484122 
69.3 0.0484514 
69.4 0.0484884 
69.5 0.0485233 
69.6 0.0485561 
69.7 0.0485866 
69.8 0.0486149 
69.9 0.048641 
70 0.0486649 
70.1 0.0486864 
70.2 0.0487057 
70.3 0.0487226 
70.4 0.0487373 
70.5 0.0487495 
70.6 0.0487594 
70.7 0.0487669 
70.8 0.048772 
70.9 0.0487746 
71 0.0487748 
71.1 0.0487725 
71.2 0.0487678 
71.3 0.0487605 
71.4 0.0487507 
71.5 0.0487384 
71.6 0.0487235 
71.7 0.048706 
71.8 0.0486859 
71.9 0.0486632 
72 0.0486378 
72.1 0.0486097 
72.2 0.048579 
72.3 0.0485455 
72.4 0.0485093 
72.5 0.0484704 
72.6 0.0484286 
72.7 0.0483841 
72.8 0.0483367 
72.9 0.0482865 
73 0.0482335 
73.1 0.0481776 
73.2 0.0481188 
73.3 0.0480571 
73.4 0.0479925 
73.5 0.0479249 
73.6 0.0478544 
73.7 0.047781 
73.8 0.0477046 
73.9 0.0476253 
74 0.047543 
74.1 0.0474577 
74.2 0.0473694 
74.3 0.0472782 
74.4 0.047184 
74.5 0.0470868 
74.6 0.0469866 
74.7 0.0468835 
74.8 0.0467775 
74.9 0.0466684 
75 0.0465565 
75.1 0.0464416 
75.2 0.0463238 
75.3 0.046203 
75.4 0.0460794 
75.5 0.0459529 
75.6 0.0458235 
75.7 0.0456912 
75.8 0.0455561 
75.9 0.0454181 
76 0.0452774 
76.1 0.0451338 
76.2 0.0449874 
76.3 0.0448382 
76.4 0.0446863 
76.5 0.0445316 
76.6 0.0443741 
76.7 0.044214 
76.8 0.0440511 
76.9 0.0438855 
77 0.0437172 
77.1 0.0435462 
77.2 0.0433726 
77.3 0.0431963 
77.4 0.0430173 
77.5 0.0428357 
77.6 0.0426515 
77.7 0.0424647 
77.8 0.0422753 
77.9 0.0420833 
78 0.0418887 
78.1 0.0416916 
78.2 0.0414919 
78.3 0.0412897 
78.4 0.041085 
78.5 0.0408777 
78.6 0.040668 
78.7 0.0404559 
78.8 0.0402413 
78.9 0.0400242 
79 0.0398048 
79.1 0.039583 
79.2 0.0393589 
79.3 0.0391324 
79.4 0.0389036 
79.5 0.0386725 
79.6 0.0384392 
79.7 0.0382037 
79.8 0.037966 
79.9 0.0377262 
80 0.0374842 
80.1 0.0372402 
80.2 0.0369941 
80.3 0.036746 
80.4 0.036496 
80.5 0.036244 
80.6 0.0359901 
80.7 0.0357344 
80.8 0.0354769 
80.9 0.0352176 
81 0.0349565 
81.1 0.0346938 
81.2 0.0344295 
81.3 0.0341635 
81.4 0.033896 
81.5 0.033627 
81.6 0.0333566 
81.7 0.0330847 
81.8 0.0328114 
81.9 0.0325368 
82 0.0322609 
82.1 0.0319837 
82.2 0.0317053 
82.3 0.0314258 
82.4 0.0311451 
82.5 0.0308634 
82.6 0.0305806 
82.7 0.0302968 
82.8 0.0300121 
82.9 0.0297264 
83 0.0294399 
83.1 0.0291525 
83.2 0.0288643 
83.3 0.0285754 
83.4 0.0282857 
83.5 0.0279954 
83.6 0.0277045 
83.7 0.0274129 
83.8 0.0271209 
83.9 0.0268283 
84 0.0265352 
84.1 0.0262418 
84.2 0.0259479 
84.3 0.0256537 
84.4 0.0253592 
84.5 0.0250645 
84.6 0.0247696 
84.7 0.0244745 
84.8 0.0241793 
84.9 0.0238841 
85 0.0235888 
85.1 0.0232936 
85.2 0.0229985 
85.3 0.0227035 
85.4 0.0224087 
85.5 0.0221141 
85.6 0.0218198 
85.7 0.0215258 
85.8 0.0212323 
85.9 0.0209391 
86 0.0206465 
86.1 0.0203544 
86.2 0.020063 
86.3 0.0197721 
86.4 0.019482 
86.5 0.0191927 
86.6 0.0189042 
86.7 0.0186166 
86.8 0.0183298 
86.9 0.0180441 
87 0.0177594 
87.1 0.0174759 
87.2 0.0171934 
87.3 0.0169122 
87.4 0.0166322 
87.5 0.0163535 
87.6 0.0160762 
87.7 0.0158003 
87.8 0.0155259 
87.9 0.015253 
88 0.0149817 
88.1 0.014712 
88.2 0.014444 
88.3 0.0141777 
88.4 0.0139131 
88.5 0.0136504 
88.6 0.0133896 
88.7 0.0131307 
88.8 0.0128737 
88.9 0.0126188 
89 0.012366 
89.1 0.0121152 
89.2 0.0118666 
89.3 0.0116203 
89.4 0.0113761 
89.5 0.0111343 
89.6 0.0108948 
89.7 0.0106578 
89.8 0.0104231 
89.9 0.0101909 
90 0.00996129 
90.1 0.00973421 
90.2 0.00950975 
90.3 0.00928796 
90.4 0.00906886 
90.5 0.00885251 
90.6 0.00863896 
90.7 0.00842825 
90.8 0.00822041 
90.9 0.0080155 
91 0.00781356 
91.1 0.00761463 
91.2 0.00741876 
91.3 0.00722598 
91.4 0.00703635 
91.5 0.0068499 
91.6 0.00666668 
91.7 0.00648673 
91.8 0.00631009 
91.9 0.0061368 
92 0.00596691 
92.1 0.00580046 
92.2 0.00563748 
92.3 0.00547803 
92.4 0.00532213 
92.5 0.00516982 
92.6 0.00502116 
92.7 0.00487617 
92.8 0.00473489 
92.9 0.00459736 
93 0.00446362 
93.1 0.00433371 
93.2 0.00420766 
93.3 0.0040855 
93.4 0.00396727 
93.5 0.003853 
93.6 0.00374273 
93.7 0.00363649 
93.8 0.00353431 
93.9 0.00343622 
94 0.00334225 
94.1 0.00325244 
94.2 0.00316681 
94.3 0.00308539 
94.4 0.0030082 
94.5 0.00293528 
94.6 0.00286664 
94.7 0.00280233 
94.8 0.00274235 
94.9 0.00268674 
95 0.00263551 
95.1 0.0025887 
95.2 0.00254631 
95.3 0.00250839 
95.4 0.00247493 
95.5 0.00244597 
95.6 0.00242153 
95.7 0.00240162 
95.8 0.00238625 
95.9 0.00237546 
96 0.00236926 
96.1 0.00236765 
96.2 0.00237066 
96.3 0.00237831 
96.4 0.0023906 
96.5 0.00240755 
96.6 0.00242918 
96.7 0.00245549 
96.8 0.00248651 
96.9 0.00252223 
97 0.00256267 
97.1 0.00260785 
97.2 0.00265776 
97.3 0.00271242 
97.4 0.00277184 
97.5 0.00283602 
97.6 0.00290497 
97.7 0.0029787 
97.8 0.00305721 
97.9 0.00314051 
98 0.00322859 
98.1 0.00332147 
98.2 0.00341914 
98.3 0.00352161 
98.4 0.00362887 
98.5 0.00374093 
98.6 0.00385779 
98.7 0.00397944 
98.8 0.00410587 
98.9 0.0042371 
99 0.00437311 
99.1 0.00451389 
99.2 0.00465945 
99.3 0.00480977 
99.4 0.00496484 
99.5 0.00512466 
99.6 0.00528922 
99.7 0.00545851 
99.8 0.00563252 
99.9 0.00581123 
100 0.00599463 
100.1 0.00618271 
100.2 0.00637545 
100.3 0.00657283 
100.4 0.00677485 
100.5 0.00698149 
100.6 0.00719272 
100.7 0.00740853 
100.8 0.00762889 
100.9 0.0078538 
101 0.00808322 
101.1 0.00831713 
101.2 0.00855552 
101.3 0.00879836 
101.4 0.00904562 
101.5 0.00929729 
101.6 0.00955333 
101.7 0.00981372 
101.8 0.0100784 
101.9 0.0103474 
102 0.0106207 
102.1 0.0108982 
102.2 0.0111799 
102.3 0.0114658 
102.4 0.0117559 
102.5 0.0120501 
102.6 0.0123483 
102.7 0.0126506 
102.8 0.0129569 
102.9 0.0132672 
103 0.0135815 
103.1 0.0138996 
103.2 0.0142217 
103.3 0.0145476 
103.4 0.0148773 
103.5 0.0152107 
103.6 0.0155479 
103.7 0.0158888 
103.8 0.0162333 
103.9 0.0165814 
104 0.0169331 
104.1 0.0172883 
104.2 0.017647 
104.3 0.0180091 
104.4 0.0183747 
104.5 0.0187435 
104.6 0.0191157 
104.7 0.0194912 
104.8 0.0198698 
104.9 0.0202516 
105 0.0206365 
105.1 0.0210245 
105.2 0.0214155 
105.3 0.0218095 
105.4 0.0222064 
105.5 0.0226061 
105.6 0.0230087 
105.7 0.023414 
105.8 0.023822 
105.9 0.0242327 
106 0.024646 
106.1 0.0250618 
106.2 0.0254801 
106.3 0.0259008 
106.4 0.0263239 
106.5 0.0267493 
106.6 0.0271769 
106.7 0.0276068 
106.8 0.0280388 
106.9 0.0284728 
107 0.0289089 
107.1 0.0293469 
107.2 0.0297868 
107.3 0.0302286 
107.4 0.0306721 
107.5 0.0311173 
107.6 0.0315641 
107.7 0.0320126 
107.8 0.0324625 
107.9 0.0329139 
108 0.0333667 
108.1 0.0338207 
108.2 0.0342761 
108.3 0.0347326 
108.4 0.0351903 
108.5 0.035649 
108.6 0.0361086 
108.7 0.0365693 
108.8 0.0370307 
108.9 0.037493 
109 0.037956 
109.1 0.0384196 
109.2 0.0388838 
109.3 0.0393485 
109.4 0.0398137 
109.5 0.0402792 
109.6 0.0407451 
109.7 0.0412112 
109.8 0.0416775 
109.9 0.0421439 
110 0.0426103 
110.1 0.0430767 
110.2 0.043543 
110.3 0.0440091 
110.4 0.044475 
110.5 0.0449406 
110.6 0.0454058 
110.7 0.0458705 
110.8 0.0463347 
110.9 0.0467984 
111 0.0472614 
111.1 0.0477236 
111.2 0.0481851 
111.3 0.0486457 
111.4 0.0491053 
111.5 0.0495639 
111.6 0.0500215 
111.7 0.0504779 
111.8 0.0509331 
111.9 0.051387 
112 0.0518396 
112.1 0.0522907 
112.2 0.0527403 
112.3 0.0531884 
112.4 0.0536348 
112.5 0.0540795 
112.6 0.0545224 
112.7 0.0549635 
112.8 0.0554027 
112.9 0.0558399 
113 0.056275 
113.1 0.0567079 
113.2 0.0571387 
113.3 0.0575672 
113.4 0.0579934 
113.5 0.0584172 
113.6 0.0588385 
113.7 0.0592572 
113.8 0.0596733 
113.9 0.0600868 
114 0.0604975 
114.1 0.0609053 
114.2 0.0613103 
114.3 0.0617124 
114.4 0.0621114 
114.5 0.0625073 
114.6 0.0629001 
114.7 0.0632896 
114.8 0.0636759 
114.9 0.0640588 
115 0.0644383 
115.1 0.0648143 
115.2 0.0651868 
115.3 0.0655556 
115.4 0.0659208 
115.5 0.0662822 
115.6 0.0666399 
115.7 0.0669937 
115.8 0.0673435 
115.9 0.0676894 
116 0.0680312 
116.1 0.0683689 
116.2 0.0687025 
116.3 0.0690318 
116.4 0.0693569 
116.5 0.0696776 
116.6 0.0699939 
116.7 0.0703058 
116.8 0.0706132 
116.9 0.070916 
117 0.0712142 
117.1 0.0715077 
117.2 0.0717965 
117.3 0.0720805 
117.4 0.0723597 
117.5 0.072634 
117.6 0.0729034 
117.7 0.0731678 
117.8 0.0734272 
117.9 0.0736815 
118 0.0739307 
118.1 0.0741748 
118.2 0.0744136 
118.3 0.0746471 
118.4 0.0748754 
118.5 0.0750983 
118.6 0.0753158 
118.7 0.0755279 
118.8 0.0757346 
118.9 0.0759357 
119 0.0761312 
119.1 0.0763212 
119.2 0.0765056 
119.3 0.0766842 
119.4 0.0768572 
119.5 0.0770245 
119.6 0.0771859 
119.7 0.0773416 
119.8 0.0774914 
119.9 0.0776354 
120 0.0777735 
120.1 0.0779056 
120.2 0.0780318 
120.3 0.0781519 
120.4 0.0782661 
120.5 0.0783742 
120.6 0.0784763 
120.7 0.0785722 
120.8 0.078662 
120.9 0.0787457 
121 0.0788233 
121.1 0.0788946 
121.2 0.0789597 
121.3 0.0790186 
121.4 0.0790713 
121.5 0.0791176 
121.6 0.0791577 
121.7 0.0791915 
121.8 0.079219 
121.9 0.0792402 
122 0.079255 
122.1 0.0792635 
122.2 0.0792656 
122.3 0.0792614 
122.4 0.0792507 
122.5 0.0792337 
122.6 0.0792103 
122.7 0.0791804 
122.8 0.0791442 
122.9 0.0791015 
123 0.0790525 
123.1 0.078997 
123.2 0.0789351 
123.3 0.0788668 
123.4 0.0787921 
123.5 0.0787109 
123.6 0.0786234 
123.7 0.0785294 
123.8 0.078429 
123.9 0.0783223 
124 0.0782092 
124.1 0.0780896 
124.2 0.0779638 
124.3 0.0778315 
124.4 0.077693 
124.5 0.0775481 
124.6 0.0773968 
124.7 0.0772393 
124.8 0.0770755 
124.9 0.0769055 
125 0.0767291 
125.1 0.0765466 
125.2 0.0763579 
125.3 0.076163 
125.4 0.0759619 
125.5 0.0757547 
125.6 0.0755413 
125.7 0.0753219 
125.8 0.0750965 
125.9 0.074865 
126 0.0746275 
126.1 0.0743841 
126.2 0.0741347 
126.3 0.0738794 
126.4 0.0736183 
126.5 0.0733514 
126.6 0.0730786 
126.7 0.0728001 
126.8 0.0725159 
126.9 0.072226 
127 0.0719305 
127.1 0.0716294 
127.2 0.0713227 
127.3 0.0710106 
127.4 0.070693 
127.5 0.0703699 
127.6 0.0700415 
127.7 0.0697078 
127.8 0.0693689 
127.9 0.0690247 
128 0.0686753 
128.1 0.0683209 
128.2 0.0679614 
128.3 0.0675969 
128.4 0.0672274 
128.5 0.0668531 
128.6 0.0664739 
128.7 0.0660899 
128.8 0.0657013 
128.9 0.065308 
129 0.0649101 
129.1 0.0645076 
129.2 0.0641007 
129.3 0.0636895 
129.4 0.0632738 
129.5 0.062854 
129.6 0.0624299 
129.7 0.0620017 
129.8 0.0615694 
129.9 0.0611331 
130 0.060693 
130.1 0.0602489 
130.2 0.0598011 
130.3 0.0593496 
130.4 0.0588945 
130.5 0.0584359 
130.6 0.0579737 
130.7 0.0575082 
130.8 0.0570393 
130.9 0.0565672 
131 0.056092 
131.1 0.0556137 
131.2 0.0551323 
131.3 0.0546481 
131.4 0.054161 
131.5 0.0536712 
131.6 0.0531788 
131.7 0.0526837 
131.8 0.0521862 
131.9 0.0516863 
132 0.051184 
132.1 0.0506795 
132.2 0.0501729 
132.3 0.0496643 
132.4 0.0491537 
132.5 0.0486412 
132.6 0.048127 
132.7 0.047611 
132.8 0.0470935 
132.9 0.0465745 
133 0.0460541 
133.1 0.0455324 
133.2 0.0450095 
133.3 0.0444855 
133.4 0.0439605 
133.5 0.0434346 
133.6 0.0429078 
133.7 0.0423803 
133.8 0.0418522 
133.9 0.0413236 
134 0.0407946 
134.1 0.0402653 
134.2 0.0397357 
134.3 0.0392061 
134.4 0.0386764 
134.5 0.0381468 
134.6 0.0376174 
134.7 0.0370884 
134.8 0.0365597 
134.9 0.0360315 
135 0.035504 
135.1 0.0349772 
135.2 0.0344512 
135.3 0.0339261 
135.4 0.0334021 
135.5 0.0328792 
135.6 0.0323576 
135.7 0.0318373 
135.8 0.0313185 
135.9 0.0308013 
136 0.0302857 
136.1 0.029772 
136.2 0.0292602 
136.3 0.0287503 
136.4 0.0282426 
136.5 0.0277372 
136.6 0.027234 
136.7 0.0267333 
136.8 0.0262352 
136.9 0.0257398 
137 0.0252471 
137.1 0.0247573 
137.2 0.0242705 
137.3 0.0237868 
137.4 0.0233064 
137.5 0.0228293 
137.6 0.0223556 
137.7 0.0218855 
137.8 0.021419 
137.9 0.0209563 
138 0.0204975 
138.1 0.0200427 
138.2 0.019592 
138.3 0.0191455 
138.4 0.0187033 
138.5 0.0182656 
138.6 0.0178324 
138.7 0.0174039 
138.8 0.0169801 
138.9 0.0165612 
139 0.0161473 
139.1 0.0157385 
139.2 0.0153349 
139.3 0.0149366 
139.4 0.0145437 
139.5 0.0141563 
139.6 0.0137746 
139.7 0.0133986 
139.8 0.0130284 
139.9 0.0126642 
140 0.0123061 
140.1 0.0119541 
140.2 0.0116084 
140.3 0.0112691 
140.4 0.0109362 
140.5 0.01061 
140.6 0.0102904 
140.7 0.0099776 
140.8 0.00967172 
140.9 0.00937283 
141 0.00908105 
141.1 0.00879647 
141.2 0.00851919 
141.3 0.00824931 
141.4 0.00798694 
141.5 0.00773217 
141.6 0.0074851 
141.7 0.00724583 
141.8 0.00701445 
141.9 0.00679107 
142 0.00657578 
142.1 0.00636867 
142.2 0.00616984 
142.3 0.00597939 
142.4 0.0057974 
142.5 0.00562398 
142.6 0.0054592 
142.7 0.00530317 
142.8 0.00515597 
142.9 0.0050177 
143 0.00488843 
143.1 0.00476827 
143.2 0.00465729 
143.3 0.00455559 
143.4 0.00446325 
143.5 0.00438035 
143.6 0.00430698 
143.7 0.00424322 
143.8 0.00418915 
143.9 0.00414486 
144 0.00411042 
144.1 0.00408592 
144.2 0.00407142 
144.3 0.00406702 
144.4 0.00407278 
144.5 0.00408878 
144.6 0.0041151 
144.7 0.00415181 
144.8 0.00419897 
144.9 0.00425667 
145 0.00432498 
145.1 0.00440395 
145.2 0.00449366 
145.3 0.00459418 
145.4 0.00470558 
145.5 0.00482791 
145.6 0.00496124 
145.7 0.00510564 
145.8 0.00526116 
145.9 0.00542787 
146 0.00560582 
146.1 0.00579507 
146.2 0.00599568 
146.3 0.00620771 
146.4 0.00643121 
146.5 0.00666623 
146.6 0.00691282 
146.7 0.00717104 
146.8 0.00744093 
146.9 0.00772254 
147 0.00801593 
147.1 0.00832112 
147.2 0.00863818 
147.3 0.00896714 
147.4 0.00930804 
147.5 0.00966092 
147.6 0.0100258 
147.7 0.0104028 
147.8 0.0107919 
147.9 0.0111931 
148 0.0116064 
148.1 0.012032 
148.2 0.0124698 
148.3 0.0129198 
148.4 0.0133822 
148.5 0.0138568 
148.6 0.0143438 
148.7 0.0148432 
148.8 0.0153549 
148.9 0.015879 
149 0.0164156 
149.1 0.0169646 
149.2 0.0175261 
149.3 0.0181001 
149.4 0.0186865 
149.5 0.0192855 
149.6 0.0198969 
149.7 0.0205209 
149.8 0.0211574 
149.9 0.0218065 
150 0.0224681 
150.1 0.0231423 
150.2 0.023829 
150.3 0.0245282 
150.4 0.02524 
150.5 0.0259644 
150.6 0.0267013 
150.7 0.0274507 
150.8 0.0282127 
150.9 0.0289872 
151 0.0297742 
151.1 0.0305737 
151.2 0.0313857 
151.3 0.0322102 
151.4 0.0330471 
151.5 0.0338965 
151.6 0.0347583 
151.7 0.0356325 
151.8 0.0365191 
151.9 0.037418 
152 0.0383293 
152.1 0.0392529 
152.2 0.0401887 
152.3 0.0411369 
152.4 0.0420972 
152.5 0.0430697 
152.6 0.0440544 
152.7 0.0450511 
152.8 0.04606 
152.9 0.0470809 
153 0.0481138 
153.1 0.0491586 
153.2 0.0502154 
153.3 0.051284 
153.4 0.0523645 
153.5 0.0534567 
153.6 0.0545607 
153.7 0.0556763 
153.8 0.0568036 
153.9 0.0579424 
154 0.0590927 
154.1 0.0602545 
154.2 0.0614277 
154.3 0.0626123 
154.4 0.0638081 
154.5 0.0650151 
154.6 0.0662332 
154.7 0.0674625 
154.8 0.0687028 
154.9 0.069954 
155 0.0712161 
155.1 0.072489 
155.2 0.0737726 
155.3 0.0750669 
155.4 0.0763718 
155.5 0.0776872 
155.6 0.079013 
155.7 0.0803491 
155.8 0.0816956 
155.9 0.0830522 
156 0.0844189 
156.1 0.0857956 
156.2 0.0871822 
156.3 0.0885787 
156.4 0.0899849 
156.5 0.0914008 
156.6 0.0928263 
156.7 0.0942612 
156.8 0.0957055 
156.9 0.097159 
157 0.0986218 
157.1 0.100094 
157.2 0.101574 
157.3 0.103064 
157.4 0.104563 
157.5 0.10607 
157.6 0.107585 
157.7 0.10911 
157.8 0.110642 
157.9 0.112183 
158 0.113732 
158.1 0.115289 
158.2 0.116853 
158.3 0.118426 
158.4 0.120006 
158.5 0.121594 
158.6 0.123189 
158.7 0.124792 
158.8 0.126402 
158.9 0.128019 
159 0.129643 
159.1 0.131273 
159.2 0.132911 
159.3 0.134555 
159.4 0.136205 
159.5 0.137862 
159.6 0.139525 
159.7 0.141194 
159.8 0.14287 
159.9 0.14455 
160 0.146237 
160.1 0.147929 
160.2 0.149627 
160.3 0.15133 
160.4 0.153038 
160.5 0.154751 
160.6 0.156469 
160.7 0.158191 
160.8 0.159918 
160.9 0.16165 
161 0.163386 
161.1 0.165126 
161.2 0.166871 
161.3 0.168619 
161.4 0.170371 
161.5 0.172126 
161.6 0.173885 
161.7 0.175647 
161.8 0.177413 
161.9 0.179181 
162 0.180952 
162.1 0.182726 
162.2 0.184503 
162.3 0.186282 
162.4 0.188063 
162.5 0.189847 
162.6 0.191632 
162.7 0.193419 
162.8 0.195208 
162.9 0.196998 
163 0.19879 
163.1 0.200583 
163.2 0.202377 
163.3 0.204172 
163.4 0.205967 
163.5 0.207763 
163.6 0.20956 
163.7 0.211357 
163.8 0.213153 
163.9 0.21495 
164 0.216747 
164.1 0.218543 
164.2 0.220339 
164.3 0.222134 
164.4 0.223928 
164.5 0.225722 
164.6 0.227514 
164.7 0.229304 
164.8 0.231094 
164.9 0.232881 
165 0.234667 
165.1 0.236451 
165.2 0.238233 
165.3 0.240012 
165.4 0.241789 
165.5 0.243564 
165.6 0.245335 
165.7 0.247104 
165.8 0.248869 
165.9 0.250632 
166 0.252391 
166.1 0.254146 
166.2 0.255898 
166.3 0.257646 
166.4 0.25939 
166.5 0.261129 
166.6 0.262864 
166.7 0.264595 
166.8 0.266321 
166.9 0.268042 
167 0.269758 
167.1 0.271469 
167.2 0.273175 
167.3 0.274875 
167.4 0.276569 
167.5 0.278258 
167.6 0.279941 
167.7 0.281618 
167.8 0.283288 
167.9 0.284952 
168 0.286609 
168.1 0.28826 
168.2 0.289904 
168.3 0.291541 
168.4 0.29317 
168.5 0.294792 
168.6 0.296407 
168.7 0.298014 
168.8 0.299613 
168.9 0.301205 
169 0.302788 
169.1 0.304363 
169.2 0.305929 
169.3 0.307487 
169.4 0.309036 
169.5 0.310577 
169.6 0.312108 
169.7 0.313631 
169.8 0.315144 
169.9 0.316647 
170 0.318141 
170.1 0.319625 
170.2 0.3211 
170.3 0.322564 
170.4 0.324018 
170.5 0.325462 
170.6 0.326896 
170.7 0.328319 
170.8 0.329731 
170.9 0.331133 
171 0.332523 
171.1 0.333903 
171.2 0.335271 
171.3 0.336628 
171.4 0.337973 
171.5 0.339307 
171.6 0.340629 
171.7 0.341939 
171.8 0.343237 
171.9 0.344523 
172 0.345797 
172.1 0.347058 
172.2 0.348307 
172.3 0.349543 
172.4 0.350767 
172.5 0.351977 
172.6 0.353175 
172.7 0.354359 
172.8 0.35553 
172.9 0.356688 
173 0.357833 
173.1 0.358964 
173.2 0.360081 
173.3 0.361185 
173.4 0.362274 
173.5 0.36335 
173.6 0.364412 
173.7 0.365459 
173.8 0.366492 
173.9 0.367511 
174 0.368515 
174.1 0.369504 
174.2 0.370479 
174.3 0.371439 
174.4 0.372385 
174.5 0.373315 
174.6 0.37423 
174.7 0.37513 
174.8 0.376015 
174.9 0.376884 
175 0.377738 
175.1 0.378577 
175.2 0.379399 
175.3 0.380207 
175.4 0.380998 
175.5 0.381774 
175.6 0.382533 
175.7 0.383277 
175.8 0.384005 
175.9 0.384717 
176 0.385412 
176.1 0.386091 
176.2 0.386754 
176.3 0.3874 
176.4 0.38803 
176.5 0.388644 
176.6 0.38924 
176.7 0.389821 
176.8 0.390384 
176.9 0.390931 
177 0.391461 
177.1 0.391974 
177.2 0.39247 
177.3 0.392949 
177.4 0.393411 
177.5 0.393856 
177.6 0.394284 
177.7 0.394695 
177.8 0.395089 
177.9 0.395465 
178 0.395825 
178.1 0.396167 
178.2 0.396491 
178.3 0.396798 
178.4 0.397088 
178.5 0.397361 
178.6 0.397616 
178.7 0.397853 
178.8 0.398073 
178.9 0.398276 
179 0.39846 
179.1 0.398628 
179.2 0.398778 
179.3 0.39891 
179.4 0.399024 
179.5 0.399121 
179.6 0.399201 
179.7 0.399263 
179.8 0.399307 
