0.1 12.1683 
0.2 12.1629 
0.3 12.1537 
0.4 12.1408 
0.5 12.1243 
0.6 12.1039 
0.7 12.0798 
0.8 12.0518 
0.9 12.0199 
1 11.984 
1.1 11.9441 
1.2 11.9001 
1.3 11.852 
1.4 11.7998 
1.5 11.7432 
1.6 11.6825 
1.7 11.6174 
1.8 11.548 
1.9 11.4742 
2 11.3961 
2.1 11.3137 
2.2 11.2271 
2.3 11.1362 
2.4 11.0411 
2.5 10.9419 
2.6 10.8387 
2.7 10.7316 
2.8 10.6208 
2.9 10.5063 
3 10.3885 
3.1 10.2673 
3.2 10.1431 
3.3 10.016 
3.4 9.88618 
3.5 9.75397 
3.6 9.61954 
3.7 9.48315 
3.8 9.34502 
3.9 9.2054 
4 9.06454 
4.1 8.92268 
4.2 8.78007 
4.3 8.63693 
4.4 8.49351 
4.5 8.35002 
4.6 8.20668 
4.7 8.0637 
4.8 7.92127 
4.9 7.77958 
5 7.6388 
5.1 7.49908 
5.2 7.36057 
5.3 7.22341 
5.4 7.08772 
5.5 6.95359 
5.6 6.82113 
5.7 6.69042 
5.8 6.56152 
5.9 6.43449 
6 6.30938 
6.1 6.18623 
6.2 6.06505 
6.3 5.94588 
6.4 5.82871 
6.5 5.71355 
6.6 5.6004 
6.7 5.48925 
6.8 5.38009 
6.9 5.27289 
7 5.16764 
7.1 5.06432 
7.2 4.9629 
7.3 4.86335 
7.4 4.76565 
7.5 4.66978 
7.6 4.57569 
7.7 4.48338 
7.8 4.3928 
7.9 4.30395 
8 4.21678 
8.1 4.13129 
8.2 4.04744 
8.3 3.96522 
8.4 3.88461 
8.5 3.80559 
8.6 3.72814 
8.7 3.65224 
8.8 3.57788 
8.9 3.50504 
9 3.4337 
9.1 3.36385 
9.2 3.29548 
9.3 3.22857 
9.4 3.16309 
9.5 3.09904 
9.6 3.0364 
9.7 2.97514 
9.8 2.91525 
9.9 2.85671 
10 2.7995 
10.1 2.74359 
10.2 2.68897 
10.3 2.6356 
10.4 2.58347 
10.5 2.53255 
10.6 2.48282 
10.7 2.43424 
10.8 2.3868 
10.9 2.34046 
11 2.2952 
11.1 2.25099 
11.2 2.2078 
11.3 2.1656 
11.4 2.12438 
11.5 2.0841 
11.6 2.04473 
11.7 2.00625 
11.8 1.96864 
11.9 1.93187 
12 1.89591 
12.1 1.86075 
12.2 1.82636 
12.3 1.79272 
12.4 1.75981 
12.5 1.72762 
12.6 1.69611 
12.7 1.66528 
12.8 1.6351 
12.9 1.60556 
13 1.57665 
13.1 1.54835 
13.2 1.52065 
13.3 1.49352 
13.4 1.46697 
13.5 1.44097 
13.6 1.41552 
13.7 1.3906 
13.8 1.36619 
13.9 1.3423 
14 1.31891 
14.1 1.296 
14.2 1.27357 
14.3 1.25161 
14.4 1.2301 
14.5 1.20904 
14.6 1.18842 
14.7 1.16822 
14.8 1.14844 
14.9 1.12906 
15 1.11008 
15.1 1.09149 
15.2 1.07327 
15.3 1.05542 
15.4 1.03793 
15.5 1.0208 
15.6 1.004 
15.7 0.987537 
15.8 0.971398 
15.9 0.955575 
16 0.940061 
16.1 0.924848 
16.2 0.909928 
16.3 0.895295 
16.4 0.880942 
16.5 0.866861 
16.6 0.853047 
16.7 0.839493 
16.8 0.826194 
16.9 0.813145 
17 0.800339 
17.1 0.787771 
17.2 0.775437 
17.3 0.763332 
17.4 0.751451 
17.5 0.739789 
17.6 0.728343 
17.7 0.717108 
17.8 0.70608 
17.9 0.695254 
18 0.684628 
18.1 0.674197 
18.2 0.663957 
18.3 0.653904 
18.4 0.644035 
18.5 0.634346 
18.6 0.624833 
18.7 0.615492 
18.8 0.606321 
18.9 0.597315 
19 0.588471 
19.1 0.579786 
19.2 0.571255 
19.3 0.562876 
19.4 0.554645 
19.5 0.546559 
19.6 0.538615 
19.7 0.53081 
19.8 0.52314 
19.9 0.515603 
20 0.508197 
20.1 0.500917 
20.2 0.493763 
20.3 0.48673 
20.4 0.479817 
20.5 0.473022 
20.6 0.466343 
20.7 0.459777 
20.8 0.453322 
20.9 0.446977 
21 0.440739 
21.1 0.434608 
21.2 0.428581 
21.3 0.422656 
21.4 0.416833 
21.5 0.41111 
21.6 0.405485 
21.7 0.399956 
21.8 0.394524 
21.9 0.389185 
22 0.383938 
22.1 0.378783 
22.2 0.373718 
22.3 0.36874 
22.4 0.36385 
22.5 0.359045 
22.6 0.354323 
22.7 0.349683 
22.8 0.345124 
22.9 0.340644 
23 0.336242 
23.1 0.331915 
23.2 0.327662 
23.3 0.323482 
23.4 0.319372 
23.5 0.315332 
23.6 0.311359 
23.7 0.307453 
23.8 0.303611 
23.9 0.299832 
24 0.296115 
24.1 0.292458 
24.2 0.28886 
24.3 0.285319 
24.4 0.281835 
24.5 0.278406 
24.6 0.275032 
24.7 0.27171 
24.8 0.268441 
24.9 0.265224 
25 0.262056 
25.1 0.258939 
25.2 0.255871 
25.3 0.252852 
25.4 0.24988 
25.5 0.246956 
25.6 0.244079 
25.7 0.241248 
25.8 0.238463 
25.9 0.235723 
26 0.233028 
26.1 0.230378 
26.2 0.227772 
26.3 0.22521 
26.4 0.22269 
26.5 0.220213 
26.6 0.217778 
26.7 0.215384 
26.8 0.213031 
26.9 0.210718 
27 0.208444 
27.1 0.206209 
27.2 0.204012 
27.3 0.201852 
27.4 0.199729 
27.5 0.197641 
27.6 0.195587 
27.7 0.193568 
27.8 0.191581 
27.9 0.189626 
28 0.187703 
28.1 0.18581 
28.2 0.183947 
28.3 0.182112 
28.4 0.180305 
28.5 0.178526 
28.6 0.176773 
28.7 0.175046 
28.8 0.173344 
28.9 0.171667 
29 0.170014 
29.1 0.168384 
29.2 0.166777 
29.3 0.165194 
29.4 0.163632 
29.5 0.162093 
29.6 0.160575 
29.7 0.159079 
29.8 0.157604 
29.9 0.15615 
30 0.154717 
30.1 0.153305 
30.2 0.151913 
30.3 0.150542 
30.4 0.149191 
30.5 0.147861 
30.6 0.146551 
30.7 0.14526 
30.8 0.14399 
30.9 0.142739 
31 0.141508 
31.1 0.140296 
31.2 0.139104 
31.3 0.13793 
31.4 0.136774 
31.5 0.135637 
31.6 0.134518 
31.7 0.133417 
31.8 0.132332 
31.9 0.131265 
32 0.130214 
32.1 0.129178 
32.2 0.128158 
32.3 0.127154 
32.4 0.126164 
32.5 0.125188 
32.6 0.124225 
32.7 0.123276 
32.8 0.12234 
32.9 0.121416 
33 0.120505 
33.1 0.119604 
33.2 0.118715 
33.3 0.117837 
33.4 0.11697 
33.5 0.116113 
33.6 0.115266 
33.7 0.114429 
33.8 0.113601 
33.9 0.112783 
34 0.111975 
34.1 0.111175 
34.2 0.110385 
34.3 0.109604 
34.4 0.108832 
34.5 0.108069 
34.6 0.107315 
34.7 0.10657 
34.8 0.105833 
34.9 0.105106 
35 0.104388 
35.1 0.103679 
35.2 0.102979 
35.3 0.102287 
35.4 0.101605 
35.5 0.100931 
35.6 0.100267 
35.7 0.099611 
35.8 0.0989638 
35.9 0.0983253 
36 0.0976953 
36.1 0.0970736 
36.2 0.0964602 
36.3 0.0958548 
36.4 0.0952573 
36.5 0.0946675 
36.6 0.0940852 
36.7 0.0935101 
36.8 0.0929421 
36.9 0.0923809 
37 0.0918264 
37.1 0.0912782 
37.2 0.0907361 
37.3 0.0901999 
37.4 0.0896695 
37.5 0.0891445 
37.6 0.0886248 
37.7 0.0881102 
37.8 0.0876004 
37.9 0.0870955 
38 0.0865951 
38.1 0.0860992 
38.2 0.0856076 
38.3 0.0851203 
38.4 0.0846371 
38.5 0.084158 
38.6 0.083683 
38.7 0.0832119 
38.8 0.0827449 
38.9 0.0822818 
39 0.0818226 
39.1 0.0813674 
39.2 0.0809162 
39.3 0.080469 
39.4 0.0800259 
39.5 0.0795868 
39.6 0.0791518 
39.7 0.0787209 
39.8 0.0782941 
39.9 0.0778715 
40 0.0774531 
40.1 0.0770389 
40.2 0.0766288 
40.3 0.0762229 
40.4 0.0758212 
40.5 0.0754236 
40.6 0.0750301 
40.7 0.0746407 
40.8 0.0742552 
40.9 0.0738736 
41 0.0734959 
41.1 0.073122 
41.2 0.0727517 
41.3 0.0723851 
41.4 0.0720219 
41.5 0.071662 
41.6 0.0713054 
41.7 0.070952 
41.8 0.0706016 
41.9 0.0702542 
42 0.0699096 
42.1 0.0695677 
42.2 0.0692284 
42.3 0.0688917 
42.4 0.0685574 
42.5 0.0682255 
42.6 0.0678958 
42.7 0.0675684 
42.8 0.0672431 
42.9 0.06692 
43 0.0665989 
43.1 0.0662799 
43.2 0.0659629 
43.3 0.0656478 
43.4 0.0653348 
43.5 0.0650238 
43.6 0.0647148 
43.7 0.0644078 
43.8 0.0641027 
43.9 0.0637998 
44 0.0634988 
44.1 0.0632 
44.2 0.0629032 
44.3 0.0626085 
44.4 0.062316 
44.5 0.0620256 
44.6 0.0617374 
44.7 0.0614514 
44.8 0.0611676 
44.9 0.0608859 
45 0.0606065 
45.1 0.0603292 
45.2 0.0600541 
45.3 0.0597812 
45.4 0.0595104 
45.5 0.0592418 
45.6 0.0589753 
45.7 0.0587108 
45.8 0.0584483 
45.9 0.0581878 
46 0.0579293 
46.1 0.0576727 
46.2 0.0574179 
46.3 0.057165 
46.4 0.0569138 
46.5 0.0566643 
46.6 0.0564164 
46.7 0.0561702 
46.8 0.0559255 
46.9 0.0556824 
47 0.0554408 
47.1 0.0552006 
47.2 0.0549618 
47.3 0.0547244 
47.4 0.0544883 
47.5 0.0542536 
47.6 0.0540201 
47.7 0.053788 
47.8 0.0535571 
47.9 0.0533275 
48 0.0530992 
48.1 0.0528721 
48.2 0.0526463 
48.3 0.0524217 
48.4 0.0521983 
48.5 0.0519763 
48.6 0.0517555 
48.7 0.051536 
48.8 0.0513177 
48.9 0.0511008 
49 0.0508851 
49.1 0.0506708 
49.2 0.0504577 
49.3 0.050246 
49.4 0.0500356 
49.5 0.0498265 
49.6 0.0496187 
49.7 0.0494122 
49.8 0.049207 
49.9 0.0490032 
50 0.0488006 
50.1 0.0485993 
50.2 0.0483993 
50.3 0.0482006 
50.4 0.0480031 
50.5 0.0478068 
50.6 0.0476117 
50.7 0.0474178 
50.8 0.0472251 
50.9 0.0470336 
51 0.0468432 
51.1 0.0466539 
51.2 0.0464657 
51.3 0.0462785 
51.4 0.0460925 
51.5 0.0459074 
51.6 0.0457234 
51.7 0.0455404 
51.8 0.0453584 
51.9 0.0451774 
52 0.0449974 
52.1 0.0448183 
52.2 0.0446402 
52.3 0.0444631 
52.4 0.0442868 
52.5 0.0441116 
52.6 0.0439372 
52.7 0.0437638 
52.8 0.0435913 
52.9 0.0434198 
53 0.0432492 
53.1 0.0430795 
53.2 0.0429107 
53.3 0.0427429 
53.4 0.0425759 
53.5 0.0424099 
53.6 0.0422449 
53.7 0.0420807 
53.8 0.0419175 
53.9 0.0417551 
54 0.0415937 
54.1 0.0414332 
54.2 0.0412736 
54.3 0.0411149 
54.4 0.040957 
54.5 0.0408 
54.6 0.0406439 
54.7 0.0404886 
54.8 0.0403342 
54.9 0.0401806 
55 0.0400279 
55.1 0.0398759 
55.2 0.0397247 
55.3 0.0395744 
55.4 0.0394248 
55.5 0.0392759 
55.6 0.0391279 
55.7 0.0389805 
55.8 0.038834 
55.9 0.0386881 
56 0.038543 
56.1 0.0383986 
56.2 0.0382549 
56.3 0.0381119 
56.4 0.0379697 
56.5 0.0378281 
56.6 0.0376873 
56.7 0.0375472 
56.8 0.0374077 
56.9 0.037269 
57 0.037131 
57.1 0.0369937 
57.2 0.0368571 
57.3 0.0367212 
57.4 0.0365861 
57.5 0.0364516 
57.6 0.0363179 
57.7 0.0361849 
57.8 0.0360526 
57.9 0.0359211 
58 0.0357902 
58.1 0.0356601 
58.2 0.0355307 
58.3 0.035402 
58.4 0.035274 
58.5 0.0351468 
58.6 0.0350202 
58.7 0.0348943 
58.8 0.034769 
58.9 0.0346445 
59 0.0345206 
59.1 0.0343974 
59.2 0.0342748 
59.3 0.0341528 
59.4 0.0340314 
59.5 0.0339107 
59.6 0.0337905 
59.7 0.0336709 
59.8 0.0335519 
59.9 0.0334334 
60 0.0333154 
60.1 0.033198 
60.2 0.0330811 
60.3 0.0329648 
60.4 0.0328489 
60.5 0.0327335 
60.6 0.0326186 
60.7 0.0325042 
60.8 0.0323903 
60.9 0.0322769 
61 0.0321639 
61.1 0.0320514 
61.2 0.0319394 
61.3 0.0318279 
61.4 0.0317168 
61.5 0.0316063 
61.6 0.0314962 
61.7 0.0313867 
61.8 0.0312776 
61.9 0.0311691 
62 0.031061 
62.1 0.0309535 
62.2 0.0308465 
62.3 0.03074 
62.4 0.0306341 
62.5 0.0305287 
62.6 0.0304239 
62.7 0.0303196 
62.8 0.0302159 
62.9 0.0301127 
63 0.0300101 
63.1 0.029908 
63.2 0.0298065 
63.3 0.0297055 
63.4 0.029605 
63.5 0.0295051 
63.6 0.0294058 
63.7 0.0293069 
63.8 0.0292086 
63.9 0.0291108 
64 0.0290135 
64.1 0.0289166 
64.2 0.0288203 
64.3 0.0287243 
64.4 0.0286289 
64.5 0.0285339 
64.6 0.0284393 
64.7 0.0283451 
64.8 0.0282513 
64.9 0.0281579 
65 0.0280649 
65.1 0.0279722 
65.2 0.0278799 
65.3 0.027788 
65.4 0.0276964 
65.5 0.0276051 
65.6 0.0275141 
65.7 0.0274235 
65.8 0.0273332 
65.9 0.0272432 
66 0.0271535 
66.1 0.0270642 
66.2 0.0269751 
66.3 0.0268864 
66.4 0.026798 
66.5 0.0267099 
66.6 0.0266222 
66.7 0.0265348 
66.8 0.0264477 
66.9 0.026361 
67 0.0262746 
67.1 0.0261886 
67.2 0.026103 
67.3 0.0260177 
67.4 0.0259329 
67.5 0.0258484 
67.6 0.0257643 
67.7 0.0256806 
67.8 0.0255974 
67.9 0.0255145 
68 0.0254321 
68.1 0.02535 
68.2 0.0252684 
68.3 0.0251872 
68.4 0.0251065 
68.5 0.0250261 
68.6 0.0249462 
68.7 0.0248666 
68.8 0.0247875 
68.9 0.0247088 
69 0.0246304 
69.1 0.0245525 
69.2 0.0244749 
69.3 0.0243976 
69.4 0.0243208 
69.5 0.0242443 
69.6 0.0241681 
69.7 0.0240922 
69.8 0.0240167 
69.9 0.0239414 
70 0.0238665 
70.1 0.0237918 
70.2 0.0237174 
70.3 0.0236433 
70.4 0.0235694 
70.5 0.0234958 
70.6 0.0234224 
70.7 0.0233493 
70.8 0.0232763 
70.9 0.0232037 
71 0.0231312 
71.1 0.023059 
71.2 0.0229869 
71.3 0.0229151 
71.4 0.0228436 
71.5 0.0227722 
71.6 0.0227011 
71.7 0.0226302 
71.8 0.0225595 
71.9 0.0224891 
72 0.0224189 
72.1 0.0223489 
72.2 0.0222792 
72.3 0.0222098 
72.4 0.0221406 
72.5 0.0220717 
72.6 0.0220031 
72.7 0.0219347 
72.8 0.0218667 
72.9 0.0217989 
73 0.0217315 
73.1 0.0216643 
73.2 0.0215975 
73.3 0.0215309 
73.4 0.0214647 
73.5 0.0213988 
73.6 0.0213333 
73.7 0.021268 
73.8 0.0212031 
73.9 0.0211385 
74 0.0210742 
74.1 0.0210102 
74.2 0.0209466 
74.3 0.0208832 
74.4 0.0208202 
74.5 0.0207574 
74.6 0.020695 
74.7 0.0206328 
74.8 0.0205709 
74.9 0.0205092 
75 0.0204479 
75.1 0.0203868 
75.2 0.0203259 
75.3 0.0202653 
75.4 0.0202049 
75.5 0.0201447 
75.6 0.0200848 
75.7 0.0200251 
75.8 0.0199656 
75.9 0.0199062 
76 0.0198471 
76.1 0.0197882 
76.2 0.0197294 
76.3 0.0196709 
76.4 0.0196125 
76.5 0.0195543 
76.6 0.0194963 
76.7 0.0194384 
76.8 0.0193808 
76.9 0.0193233 
77 0.019266 
77.1 0.0192088 
77.2 0.0191519 
77.3 0.0190951 
77.4 0.0190386 
77.5 0.0189822 
77.6 0.018926 
77.7 0.0188701 
77.8 0.0188143 
77.9 0.0187588 
78 0.0187035 
78.1 0.0186484 
78.2 0.0185935 
78.3 0.0185388 
78.4 0.0184844 
78.5 0.0184303 
78.6 0.0183764 
78.7 0.0183227 
78.8 0.0182693 
78.9 0.0182162 
79 0.0181633 
79.1 0.0181106 
79.2 0.0180583 
79.3 0.0180062 
79.4 0.0179543 
79.5 0.0179027 
79.6 0.0178514 
79.7 0.0178003 
79.8 0.0177495 
79.9 0.017699 
80 0.0176487 
80.1 0.0175986 
80.2 0.0175488 
80.3 0.0174993 
80.4 0.0174499 
80.5 0.0174009 
80.6 0.017352 
80.7 0.0173034 
80.8 0.0172549 
80.9 0.0172067 
81 0.0171587 
81.1 0.017111 
81.2 0.0170634 
81.3 0.017016 
81.4 0.0169688 
81.5 0.0169218 
81.6 0.016875 
81.7 0.0168283 
81.8 0.0167819 
81.9 0.0167356 
82 0.0166895 
82.1 0.0166436 
82.2 0.0165978 
82.3 0.0165522 
82.4 0.0165068 
82.5 0.0164616 
82.6 0.0164166 
82.7 0.0163717 
82.8 0.016327 
82.9 0.0162824 
83 0.0162381 
83.1 0.0161939 
83.2 0.01615 
83.3 0.0161062 
83.4 0.0160626 
83.5 0.0160192 
83.6 0.015976 
83.7 0.015933 
83.8 0.0158902 
83.9 0.0158477 
84 0.0158053 
84.1 0.0157631 
84.2 0.0157212 
84.3 0.0156795 
84.4 0.015638 
84.5 0.0155968 
84.6 0.0155557 
84.7 0.0155149 
84.8 0.0154744 
84.9 0.015434 
85 0.0153939 
85.1 0.0153541 
85.2 0.0153145 
85.3 0.0152751 
85.4 0.0152359 
85.5 0.015197 
85.6 0.0151584 
85.7 0.0151199 
85.8 0.0150817 
85.9 0.0150437 
86 0.015006 
86.1 0.0149685 
86.2 0.0149312 
86.3 0.0148941 
86.4 0.0148573 
86.5 0.0148207 
86.6 0.0147843 
86.7 0.0147481 
86.8 0.0147121 
86.9 0.0146763 
87 0.0146408 
87.1 0.0146054 
87.2 0.0145703 
87.3 0.0145354 
87.4 0.0145006 
87.5 0.0144661 
87.6 0.0144317 
87.7 0.0143976 
87.8 0.0143636 
87.9 0.0143298 
88 0.0142963 
88.1 0.0142629 
88.2 0.0142297 
88.3 0.0141967 
88.4 0.0141639 
88.5 0.0141313 
88.6 0.0140989 
88.7 0.0140667 
88.8 0.0140346 
88.9 0.0140028 
89 0.0139712 
89.1 0.0139398 
89.2 0.0139086 
89.3 0.0138776 
89.4 0.0138467 
89.5 0.0138161 
89.6 0.0137858 
89.7 0.0137556 
89.8 0.0137256 
89.9 0.0136959 
90 0.0136664 
90.1 0.0136371 
90.2 0.013608 
90.3 0.0135791 
90.4 0.0135505 
90.5 0.0135221 
90.6 0.0134939 
90.7 0.013466 
90.8 0.0134383 
90.9 0.0134108 
91 0.0133835 
91.1 0.0133565 
91.2 0.0133297 
91.3 0.0133032 
91.4 0.0132769 
91.5 0.0132508 
91.6 0.013225 
91.7 0.0131994 
91.8 0.013174 
91.9 0.0131489 
92 0.013124 
92.1 0.0130994 
92.2 0.0130749 
92.3 0.0130508 
92.4 0.0130268 
92.5 0.0130031 
92.6 0.0129796 
92.7 0.0129563 
92.8 0.0129333 
92.9 0.0129105 
93 0.0128879 
93.1 0.0128655 
93.2 0.0128434 
93.3 0.0128215 
93.4 0.0127998 
93.5 0.0127783 
93.6 0.0127571 
93.7 0.0127361 
93.8 0.0127153 
93.9 0.0126947 
94 0.0126744 
94.1 0.0126542 
94.2 0.0126343 
94.3 0.0126146 
94.4 0.0125952 
94.5 0.0125759 
94.6 0.0125569 
94.7 0.0125381 
94.8 0.0125195 
94.9 0.0125012 
95 0.0124831 
95.1 0.0124652 
95.2 0.0124475 
95.3 0.0124301 
95.4 0.0124128 
95.5 0.0123959 
95.6 0.0123791 
95.7 0.0123626 
95.8 0.0123463 
95.9 0.0123302 
96 0.0123144 
96.1 0.0122988 
96.2 0.0122835 
96.3 0.0122684 
96.4 0.0122535 
96.5 0.0122388 
96.6 0.0122244 
96.7 0.0122103 
96.8 0.0121964 
96.9 0.0121827 
97 0.0121693 
97.1 0.0121561 
97.2 0.0121431 
97.3 0.0121305 
97.4 0.012118 
97.5 0.0121058 
97.6 0.0120938 
97.7 0.0120821 
97.8 0.0120707 
97.9 0.0120594 
98 0.0120485 
98.1 0.0120378 
98.2 0.0120273 
98.3 0.012017 
98.4 0.0120071 
98.5 0.0119973 
98.6 0.0119878 
98.7 0.0119786 
98.8 0.0119696 
98.9 0.0119609 
99 0.0119523 
99.1 0.0119441 
99.2 0.0119361 
99.3 0.0119283 
99.4 0.0119208 
99.5 0.0119135 
99.6 0.0119065 
99.7 0.0118997 
99.8 0.0118932 
99.9 0.0118869 
100 0.0118809 
100.1 0.0118751 
100.2 0.0118695 
100.3 0.0118642 
100.4 0.0118591 
100.5 0.0118543 
100.6 0.0118498 
100.7 0.0118454 
100.8 0.0118414 
100.9 0.0118376 
101 0.011834 
101.1 0.0118307 
101.2 0.0118276 
101.3 0.0118248 
101.4 0.0118222 
101.5 0.0118199 
101.6 0.0118178 
101.7 0.011816 
101.8 0.0118144 
101.9 0.0118131 
102 0.011812 
102.1 0.0118112 
102.2 0.0118106 
102.3 0.0118103 
102.4 0.0118103 
102.5 0.0118105 
102.6 0.0118109 
102.7 0.0118116 
102.8 0.0118126 
102.9 0.0118138 
103 0.0118153 
103.1 0.011817 
103.2 0.011819 
103.3 0.0118213 
103.4 0.0118238 
103.5 0.0118265 
103.6 0.0118295 
103.7 0.0118328 
103.8 0.0118364 
103.9 0.0118401 
104 0.0118442 
104.1 0.0118485 
104.2 0.0118531 
104.3 0.0118579 
104.4 0.011863 
104.5 0.0118683 
104.6 0.0118739 
104.7 0.0118797 
104.8 0.0118858 
104.9 0.0118922 
105 0.0118988 
105.1 0.0119057 
105.2 0.0119128 
105.3 0.0119202 
105.4 0.0119279 
105.5 0.0119358 
105.6 0.0119439 
105.7 0.0119523 
105.8 0.011961 
105.9 0.0119699 
106 0.0119791 
106.1 0.0119886 
106.2 0.0119983 
106.3 0.0120082 
106.4 0.0120185 
106.5 0.0120289 
106.6 0.0120397 
106.7 0.0120506 
106.8 0.0120619 
106.9 0.0120734 
107 0.0120852 
107.1 0.0120972 
107.2 0.0121095 
107.3 0.012122 
107.4 0.0121348 
107.5 0.0121479 
107.6 0.0121612 
107.7 0.0121747 
107.8 0.0121886 
107.9 0.0122027 
108 0.012217 
108.1 0.0122317 
108.2 0.0122465 
108.3 0.0122617 
108.4 0.0122771 
108.5 0.0122927 
108.6 0.0123087 
108.7 0.0123249 
108.8 0.0123413 
108.9 0.012358 
109 0.012375 
109.1 0.0123922 
109.2 0.0124097 
109.3 0.0124275 
109.4 0.0124455 
109.5 0.0124638 
109.6 0.0124823 
109.7 0.0125011 
109.8 0.0125202 
109.9 0.0125395 
110 0.0125591 
110.1 0.012579 
110.2 0.0125991 
110.3 0.0126195 
110.4 0.0126401 
110.5 0.012661 
110.6 0.0126822 
110.7 0.0127036 
110.8 0.0127253 
110.9 0.0127472 
111 0.0127694 
111.1 0.0127918 
111.2 0.0128145 
111.3 0.0128375 
111.4 0.0128607 
111.5 0.0128842 
111.6 0.012908 
111.7 0.0129319 
111.8 0.0129562 
111.9 0.0129807 
112 0.0130054 
112.1 0.0130305 
112.2 0.0130557 
112.3 0.0130812 
112.4 0.013107 
112.5 0.013133 
112.6 0.0131593 
112.7 0.0131858 
112.8 0.0132126 
112.9 0.0132396 
113 0.0132669 
113.1 0.0132945 
113.2 0.0133222 
113.3 0.0133503 
113.4 0.0133786 
113.5 0.0134071 
113.6 0.0134359 
113.7 0.0134649 
113.8 0.0134942 
113.9 0.0135237 
114 0.0135535 
114.1 0.0135835 
114.2 0.0136138 
114.3 0.0136443 
114.4 0.0136751 
114.5 0.0137061 
114.6 0.0137374 
114.7 0.0137689 
114.8 0.0138007 
114.9 0.0138327 
115 0.013865 
115.1 0.0138975 
115.2 0.0139303 
115.3 0.0139633 
115.4 0.0139966 
115.5 0.0140301 
115.6 0.0140639 
115.7 0.0140979 
115.8 0.0141321 
115.9 0.0141666 
116 0.0142014 
116.1 0.0142364 
116.2 0.0142716 
116.3 0.0143071 
116.4 0.0143429 
116.5 0.0143789 
116.6 0.0144151 
116.7 0.0144516 
116.8 0.0144883 
116.9 0.0145253 
117 0.0145625 
117.1 0.0146 
117.2 0.0146377 
117.3 0.0146757 
117.4 0.0147139 
117.5 0.0147523 
117.6 0.014791 
117.7 0.0148299 
117.8 0.0148691 
117.9 0.0149085 
118 0.0149481 
118.1 0.014988 
118.2 0.0150281 
118.3 0.0150685 
118.4 0.0151091 
118.5 0.0151499 
118.6 0.015191 
118.7 0.0152323 
118.8 0.0152739 
118.9 0.0153156 
119 0.0153577 
119.1 0.0153999 
119.2 0.0154424 
119.3 0.0154851 
119.4 0.015528 
119.5 0.0155712 
119.6 0.0156146 
119.7 0.0156582 
119.8 0.0157021 
119.9 0.0157461 
120 0.0157904 
120.1 0.015835 
120.2 0.0158797 
120.3 0.0159247 
120.4 0.0159699 
120.5 0.0160153 
120.6 0.0160609 
120.7 0.0161068 
120.8 0.0161529 
120.9 0.0161992 
121 0.0162457 
121.1 0.0162924 
121.2 0.0163394 
121.3 0.0163866 
121.4 0.016434 
121.5 0.0164816 
121.6 0.0165294 
121.7 0.0165774 
121.8 0.0166256 
121.9 0.0166741 
122 0.0167228 
122.1 0.0167716 
122.2 0.0168207 
122.3 0.01687 
122.4 0.0169195 
122.5 0.0169693 
122.6 0.0170192 
122.7 0.0170693 
122.8 0.0171197 
122.9 0.0171702 
123 0.017221 
123.1 0.017272 
123.2 0.0173231 
123.3 0.0173745 
123.4 0.0174261 
123.5 0.0174779 
123.6 0.0175299 
123.7 0.0175821 
123.8 0.0176345 
123.9 0.0176871 
124 0.0177399 
124.1 0.0177929 
124.2 0.0178461 
124.3 0.0178995 
124.4 0.0179531 
124.5 0.0180069 
124.6 0.0180609 
124.7 0.018115 
124.8 0.0181694 
124.9 0.018224 
125 0.0182788 
125.1 0.0183338 
125.2 0.018389 
125.3 0.0184443 
125.4 0.0184999 
125.5 0.0185556 
125.6 0.0186116 
125.7 0.0186677 
125.8 0.018724 
125.9 0.0187805 
126 0.0188372 
126.1 0.0188941 
126.2 0.0189512 
126.3 0.0190085 
126.4 0.0190659 
126.5 0.0191235 
126.6 0.0191813 
126.7 0.0192393 
126.8 0.0192975 
126.9 0.0193558 
127 0.0194144 
127.1 0.0194731 
127.2 0.019532 
127.3 0.019591 
127.4 0.0196503 
127.5 0.0197097 
127.6 0.0197693 
127.7 0.019829 
127.8 0.019889 
127.9 0.0199491 
128 0.0200093 
128.1 0.0200698 
128.2 0.0201304 
128.3 0.0201911 
128.4 0.020252 
128.5 0.0203131 
128.6 0.0203744 
128.7 0.0204358 
128.8 0.0204974 
128.9 0.0205591 
129 0.020621 
129.1 0.0206831 
129.2 0.0207453 
129.3 0.0208077 
129.4 0.0208702 
129.5 0.0209328 
129.6 0.0209957 
129.7 0.0210586 
129.8 0.0211218 
129.9 0.021185 
130 0.0212484 
130.1 0.021312 
130.2 0.0213757 
130.3 0.0214396 
130.4 0.0215036 
130.5 0.0215677 
130.6 0.021632 
130.7 0.0216964 
130.8 0.021761 
130.9 0.0218257 
131 0.0218905 
131.1 0.0219555 
131.2 0.0220206 
131.3 0.0220858 
131.4 0.0221512 
131.5 0.0222167 
131.6 0.0222823 
131.7 0.0223481 
131.8 0.022414 
131.9 0.02248 
132 0.0225461 
132.1 0.0226124 
132.2 0.0226788 
132.3 0.0227453 
132.4 0.022812 
132.5 0.0228787 
132.6 0.0229456 
132.7 0.0230126 
132.8 0.0230798 
132.9 0.023147 
133 0.0232144 
133.1 0.0232819 
133.2 0.0233495 
133.3 0.0234172 
133.4 0.023485 
133.5 0.0235529 
133.6 0.023621 
133.7 0.0236891 
133.8 0.0237574 
133.9 0.0238258 
134 0.0238942 
134.1 0.0239628 
134.2 0.0240315 
134.3 0.0241003 
134.4 0.0241692 
134.5 0.0242382 
134.6 0.0243073 
134.7 0.0243765 
134.8 0.0244458 
134.9 0.0245152 
135 0.0245847 
135.1 0.0246543 
135.2 0.024724 
135.3 0.0247937 
135.4 0.0248636 
135.5 0.0249336 
135.6 0.0250036 
135.7 0.0250738 
135.8 0.025144 
135.9 0.0252143 
136 0.0252847 
136.1 0.0253552 
136.2 0.0254258 
136.3 0.0254964 
136.4 0.0255671 
136.5 0.0256379 
136.6 0.0257088 
136.7 0.0257798 
136.8 0.0258508 
136.9 0.025922 
137 0.0259932 
137.1 0.0260644 
137.2 0.0261357 
137.3 0.0262072 
137.4 0.0262786 
137.5 0.0263502 
137.6 0.0264218 
137.7 0.0264934 
137.8 0.0265652 
137.9 0.026637 
138 0.0267088 
138.1 0.0267808 
138.2 0.0268528 
138.3 0.0269248 
138.4 0.0269969 
138.5 0.027069 
138.6 0.0271412 
138.7 0.0272135 
138.8 0.0272858 
138.9 0.0273582 
139 0.0274306 
139.1 0.027503 
139.2 0.0275755 
139.3 0.0276481 
139.4 0.0277207 
139.5 0.0277933 
139.6 0.027866 
139.7 0.0279387 
139.8 0.0280114 
139.9 0.0280842 
140 0.028157 
140.1 0.0282299 
140.2 0.0283028 
140.3 0.0283757 
140.4 0.0284487 
140.5 0.0285217 
140.6 0.0285947 
140.7 0.0286677 
140.8 0.0287408 
140.9 0.0288139 
141 0.028887 
141.1 0.0289601 
141.2 0.0290333 
141.3 0.0291065 
141.4 0.0291796 
141.5 0.0292529 
141.6 0.0293261 
141.7 0.0293993 
141.8 0.0294726 
141.9 0.0295458 
142 0.0296191 
142.1 0.0296924 
142.2 0.0297657 
142.3 0.029839 
142.4 0.0299123 
142.5 0.0299856 
142.6 0.0300589 
142.7 0.0301322 
142.8 0.0302055 
142.9 0.0302789 
143 0.0303522 
143.1 0.0304255 
143.2 0.0304988 
143.3 0.0305721 
143.4 0.0306454 
143.5 0.0307186 
143.6 0.0307919 
143.7 0.0308652 
143.8 0.0309384 
143.9 0.0310117 
144 0.0310849 
144.1 0.0311581 
144.2 0.0312313 
144.3 0.0313044 
144.4 0.0313776 
144.5 0.0314507 
144.6 0.0315238 
144.7 0.0315969 
144.8 0.0316699 
144.9 0.031743 
145 0.031816 
145.1 0.031889 
145.2 0.0319619 
145.3 0.0320348 
145.4 0.0321077 
145.5 0.0321805 
145.6 0.0322534 
145.7 0.0323261 
145.8 0.0323989 
145.9 0.0324716 
146 0.0325442 
146.1 0.0326169 
146.2 0.0326894 
146.3 0.032762 
146.4 0.0328345 
146.5 0.0329069 
146.6 0.0329793 
146.7 0.0330517 
146.8 0.033124 
146.9 0.0331962 
147 0.0332684 
147.1 0.0333406 
147.2 0.0334127 
147.3 0.0334847 
147.4 0.0335567 
147.5 0.0336286 
147.6 0.0337005 
147.7 0.0337723 
147.8 0.033844 
147.9 0.0339157 
148 0.0339873 
148.1 0.0340588 
148.2 0.0341303 
148.3 0.0342017 
148.4 0.0342731 
148.5 0.0343443 
148.6 0.0344155 
148.7 0.0344866 
148.8 0.0345577 
148.9 0.0346287 
149 0.0346996 
149.1 0.0347704 
149.2 0.0348411 
149.3 0.0349118 
149.4 0.0349823 
149.5 0.0350528 
149.6 0.0351232 
149.7 0.0351936 
149.8 0.0352638 
149.9 0.0353339 
150 0.035404 
150.1 0.035474 
150.2 0.0355438 
150.3 0.0356136 
150.4 0.0356833 
150.5 0.0357529 
150.6 0.0358224 
150.7 0.0358918 
150.8 0.0359611 
150.9 0.0360303 
151 0.0360994 
151.1 0.0361684 
151.2 0.0362373 
151.3 0.036306 
151.4 0.0363747 
151.5 0.0364433 
151.6 0.0365117 
151.7 0.0365801 
151.8 0.0366483 
151.9 0.0367164 
152 0.0367845 
152.1 0.0368523 
152.2 0.0369201 
152.3 0.0369878 
152.4 0.0370553 
152.5 0.0371227 
152.6 0.03719 
152.7 0.0372572 
152.8 0.0373243 
152.9 0.0373912 
153 0.037458 
153.1 0.0375247 
153.2 0.0375912 
153.3 0.0376576 
153.4 0.0377239 
153.5 0.03779 
153.6 0.0378561 
153.7 0.0379219 
153.8 0.0379877 
153.9 0.0380533 
154 0.0381188 
154.1 0.0381841 
154.2 0.0382493 
154.3 0.0383143 
154.4 0.0383792 
154.5 0.038444 
154.6 0.0385086 
154.7 0.0385731 
154.8 0.0386374 
154.9 0.0387016 
155 0.0387656 
155.1 0.0388295 
155.2 0.0388932 
155.3 0.0389568 
155.4 0.0390202 
155.5 0.0390834 
155.6 0.0391465 
155.7 0.0392095 
155.8 0.0392723 
155.9 0.0393349 
156 0.0393974 
156.1 0.0394597 
156.2 0.0395218 
156.3 0.0395838 
156.4 0.0396456 
156.5 0.0397072 
156.6 0.0397687 
156.7 0.03983 
156.8 0.0398911 
156.9 0.0399521 
157 0.0400128 
157.1 0.0400735 
157.2 0.0401339 
157.3 0.0401942 
157.4 0.0402542 
157.5 0.0403142 
157.6 0.0403739 
157.7 0.0404334 
157.8 0.0404928 
157.9 0.040552 
158 0.040611 
158.1 0.0406698 
158.2 0.0407284 
158.3 0.0407869 
158.4 0.0408451 
158.5 0.0409032 
158.6 0.0409611 
158.7 0.0410188 
158.8 0.0410763 
158.9 0.0411336 
159 0.0411907 
159.1 0.0412476 
159.2 0.0413043 
159.3 0.0413609 
159.4 0.0414172 
159.5 0.0414733 
159.6 0.0415292 
159.7 0.041585 
159.8 0.0416405 
159.9 0.0416958 
160 0.0417509 
160.1 0.0418058 
160.2 0.0418605 
160.3 0.041915 
160.4 0.0419693 
160.5 0.0420234 
160.6 0.0420773 
160.7 0.042131 
160.8 0.0421844 
160.9 0.0422376 
161 0.0422907 
161.1 0.0423435 
161.2 0.0423961 
161.3 0.0424485 
161.4 0.0425006 
161.5 0.0425526 
161.6 0.0426043 
161.7 0.0426558 
161.8 0.0427071 
161.9 0.0427581 
162 0.0428089 
162.1 0.0428596 
162.2 0.0429099 
162.3 0.0429601 
162.4 0.04301 
162.5 0.0430597 
162.6 0.0431092 
162.7 0.0431585 
162.8 0.0432075 
162.9 0.0432563 
163 0.0433048 
163.1 0.0433531 
163.2 0.0434012 
163.3 0.0434491 
163.4 0.0434967 
163.5 0.0435441 
163.6 0.0435912 
163.7 0.0436381 
163.8 0.0436848 
163.9 0.0437312 
164 0.0437774 
164.1 0.0438233 
164.2 0.043869 
164.3 0.0439145 
164.4 0.0439597 
164.5 0.0440047 
164.6 0.0440494 
164.7 0.0440939 
164.8 0.0441381 
164.9 0.0441821 
165 0.0442258 
165.1 0.0442693 
165.2 0.0443125 
165.3 0.0443555 
165.4 0.0443982 
165.5 0.0444407 
165.6 0.0444829 
165.7 0.0445249 
165.8 0.0445666 
165.9 0.0446081 
166 0.0446493 
166.1 0.0446902 
166.2 0.0447309 
166.3 0.0447713 
166.4 0.0448115 
166.5 0.0448514 
166.6 0.044891 
166.7 0.0449304 
166.8 0.0449695 
166.9 0.0450084 
167 0.045047 
167.1 0.0450853 
167.2 0.0451234 
167.3 0.0451612 
167.4 0.0451987 
167.5 0.0452359 
167.6 0.0452729 
167.7 0.0453097 
167.8 0.0453461 
167.9 0.0453823 
168 0.0454182 
168.1 0.0454539 
168.2 0.0454892 
168.3 0.0455243 
168.4 0.0455591 
168.5 0.0455937 
168.6 0.045628 
168.7 0.045662 
168.8 0.0456957 
168.9 0.0457291 
169 0.0457623 
169.1 0.0457952 
169.2 0.0458278 
169.3 0.0458601 
169.4 0.0458922 
169.5 0.045924 
169.6 0.0459555 
169.7 0.0459867 
169.8 0.0460176 
169.9 0.0460483 
170 0.0460786 
170.1 0.0461087 
170.2 0.0461385 
170.3 0.046168 
170.4 0.0461972 
170.5 0.0462262 
170.6 0.0462548 
170.7 0.0462832 
170.8 0.0463113 
170.9 0.0463391 
171 0.0463666 
171.1 0.0463938 
171.2 0.0464207 
171.3 0.0464474 
171.4 0.0464737 
171.5 0.0464998 
171.6 0.0465255 
171.7 0.046551 
171.8 0.0465762 
171.9 0.0466011 
172 0.0466257 
172.1 0.04665 
172.2 0.046674 
172.3 0.0466977 
172.4 0.0467211 
172.5 0.0467443 
172.6 0.0467671 
172.7 0.0467896 
172.8 0.0468118 
172.9 0.0468338 
173 0.0468554 
173.1 0.0468768 
173.2 0.0468978 
173.3 0.0469186 
173.4 0.046939 
173.5 0.0469592 
173.6 0.046979 
173.7 0.0469986 
173.8 0.0470178 
173.9 0.0470367 
174 0.0470554 
174.1 0.0470737 
174.2 0.0470918 
174.3 0.0471095 
174.4 0.047127 
174.5 0.0471441 
174.6 0.0471609 
174.7 0.0471775 
174.8 0.0471937 
174.9 0.0472096 
175 0.0472252 
175.1 0.0472405 
175.2 0.0472555 
175.3 0.0472702 
175.4 0.0472846 
175.5 0.0472987 
175.6 0.0473125 
175.7 0.047326 
175.8 0.0473392 
175.9 0.047352 
176 0.0473646 
176.1 0.0473768 
176.2 0.0473888 
176.3 0.0474004 
176.4 0.0474118 
176.5 0.0474228 
176.6 0.0474335 
176.7 0.0474439 
176.8 0.047454 
176.9 0.0474638 
177 0.0474733 
177.1 0.0474824 
177.2 0.0474913 
177.3 0.0474998 
177.4 0.0475081 
177.5 0.047516 
177.6 0.0475236 
177.7 0.047531 
177.8 0.047538 
177.9 0.0475446 
178 0.047551 
178.1 0.0475571 
178.2 0.0475629 
178.3 0.0475683 
178.4 0.0475734 
178.5 0.0475783 
178.6 0.0475828 
178.7 0.047587 
178.8 0.0475909 
178.9 0.0475945 
179 0.0475977 
179.1 0.0476007 
179.2 0.0476034 
179.3 0.0476057 
179.4 0.0476077 
179.5 0.0476094 
179.6 0.0476108 
179.7 0.0476119 
179.8 0.0476127 
