0.1 28.1275 
0.2 28.1451 
0.3 28.1718 
0.4 28.2035 
0.5 28.2348 
0.6 28.2594 
0.7 28.2699 
0.8 28.2587 
0.9 28.2179 
1 28.14 
1.1 28.0182 
1.2 27.8469 
1.3 27.6214 
1.4 27.3391 
1.5 26.9987 
1.6 26.601 
1.7 26.1481 
1.8 25.6441 
1.9 25.0942 
2 24.5045 
2.1 23.882 
2.2 23.234 
2.3 22.5678 
2.4 21.8906 
2.5 21.2089 
2.6 20.5284 
2.7 19.8541 
2.8 19.19 
2.9 18.5391 
3 17.9035 
3.1 17.2846 
3.2 16.6828 
3.3 16.0982 
3.4 15.5302 
3.5 14.9781 
3.6 14.441 
3.7 13.9179 
3.8 13.4078 
3.9 12.9102 
4 12.4244 
4.1 11.9501 
4.2 11.4873 
4.3 11.0361 
4.4 10.5968 
4.5 10.17 
4.6 9.75611 
4.7 9.3557 
4.8 8.96927 
4.9 8.59725 
5 8.23991 
5.1 7.89741 
5.2 7.56972 
5.3 7.25666 
5.4 6.9579 
5.5 6.67297 
5.6 6.40132 
5.7 6.14228 
5.8 5.89519 
5.9 5.65933 
6 5.43402 
6.1 5.2186 
6.2 5.01249 
6.3 4.81513 
6.4 4.62608 
6.5 4.44494 
6.6 4.27138 
6.7 4.10513 
6.8 3.94597 
6.9 3.7937 
7 3.64815 
7.1 3.50914 
7.2 3.37651 
7.3 3.25005 
7.4 3.12957 
7.5 3.01484 
7.6 2.9056 
7.7 2.80161 
7.8 2.70258 
7.9 2.60822 
8 2.51826 
8.1 2.43242 
8.2 2.35043 
8.3 2.27204 
8.4 2.19703 
8.5 2.12518 
8.6 2.05631 
8.7 1.99026 
8.8 1.92689 
8.9 1.86609 
9 1.80773 
9.1 1.75173 
9.2 1.698 
9.3 1.64645 
9.4 1.597 
9.5 1.54957 
9.6 1.50408 
9.7 1.46044 
9.8 1.41856 
9.9 1.37836 
10 1.33974 
10.1 1.30262 
10.2 1.26691 
10.3 1.23255 
10.4 1.19944 
10.5 1.16752 
10.6 1.13674 
10.7 1.10703 
10.8 1.07835 
10.9 1.05065 
11 1.02389 
11.1 0.998041 
11.2 0.973064 
11.3 0.948928 
11.4 0.925601 
11.5 0.903051 
11.6 0.881247 
11.7 0.860156 
11.8 0.839745 
11.9 0.819982 
12 0.800834 
12.1 0.78227 
12.2 0.764262 
12.3 0.746783 
12.4 0.729809 
12.5 0.713319 
12.6 0.697296 
12.7 0.681724 
12.8 0.666592 
12.9 0.651888 
13 0.637603 
13.1 0.623728 
13.2 0.610255 
13.3 0.597174 
13.4 0.584475 
13.5 0.572146 
13.6 0.560173 
13.7 0.548542 
13.8 0.537236 
13.9 0.52624 
14 0.515534 
14.1 0.505104 
14.2 0.494932 
14.3 0.485004 
14.4 0.475309 
14.5 0.465834 
14.6 0.456573 
14.7 0.44752 
14.8 0.438671 
14.9 0.430027 
15 0.421586 
15.1 0.413349 
15.2 0.405319 
15.3 0.397495 
15.4 0.389877 
15.5 0.382465 
15.6 0.375254 
15.7 0.36824 
15.8 0.361416 
15.9 0.354773 
16 0.348302 
16.1 0.341991 
16.2 0.33583 
16.3 0.329808 
16.4 0.323914 
16.5 0.318139 
16.6 0.312475 
16.7 0.306918 
16.8 0.301463 
16.9 0.296108 
17 0.290855 
17.1 0.285704 
17.2 0.280659 
17.3 0.275723 
17.4 0.270899 
17.5 0.266191 
17.6 0.261601 
17.7 0.25713 
17.8 0.252777 
17.9 0.248541 
18 0.244418 
18.1 0.240402 
18.2 0.236488 
18.3 0.232668 
18.4 0.228934 
18.5 0.225277 
18.6 0.221692 
18.7 0.218171 
18.8 0.214709 
18.9 0.211301 
19 0.207946 
19.1 0.204642 
19.2 0.201391 
19.3 0.198193 
19.4 0.195052 
19.5 0.191972 
19.6 0.188956 
19.7 0.186007 
19.8 0.183128 
19.9 0.180322 
20 0.177588 
20.1 0.174927 
20.2 0.172337 
20.3 0.169815 
20.4 0.167356 
20.5 0.164956 
20.6 0.162609 
20.7 0.160309 
20.8 0.158052 
20.9 0.155831 
21 0.153643 
21.1 0.151485 
21.2 0.149354 
21.3 0.14725 
21.4 0.145173 
21.5 0.143124 
21.6 0.141106 
21.7 0.139121 
21.8 0.137173 
21.9 0.135264 
22 0.133397 
22.1 0.131575 
22.2 0.129798 
22.3 0.128068 
22.4 0.126383 
22.5 0.124742 
22.6 0.123142 
22.7 0.121581 
22.8 0.120054 
22.9 0.118558 
23 0.117088 
23.1 0.115641 
23.2 0.114213 
23.3 0.112801 
23.4 0.111405 
23.5 0.110022 
23.6 0.108653 
23.7 0.107299 
23.8 0.10596 
23.9 0.10464 
24 0.10334 
24.1 0.102062 
24.2 0.10081 
24.3 0.0995852 
24.4 0.0983887 
24.5 0.0972217 
24.6 0.0960844 
24.7 0.094976 
24.8 0.0938954 
24.9 0.0928405 
25 0.0918089 
25.1 0.0907979 
25.2 0.0898047 
25.3 0.0888262 
25.4 0.0878601 
25.5 0.086904 
25.6 0.0859564 
25.7 0.0850161 
25.8 0.0840828 
25.9 0.0831567 
26 0.0822386 
26.1 0.0813298 
26.2 0.080432 
26.3 0.0795469 
26.4 0.0786765 
26.5 0.0778224 
26.6 0.076986 
26.7 0.0761683 
26.8 0.07537 
26.9 0.0745909 
27 0.0738307 
27.1 0.0730881 
27.2 0.0723619 
27.3 0.0716501 
27.4 0.070951 
27.5 0.0702623 
27.6 0.0695822 
27.7 0.068909 
27.8 0.0682411 
27.9 0.0675776 
28 0.0669178 
28.1 0.0662616 
28.2 0.0656093 
28.3 0.0649617 
28.4 0.0643197 
28.5 0.0636845 
28.6 0.0630577 
28.7 0.0624403 
28.8 0.0618338 
28.9 0.061239 
29 0.0606567 
29.1 0.0600872 
29.2 0.0595304 
29.3 0.058986 
29.4 0.0584532 
29.5 0.0579309 
29.6 0.057418 
29.7 0.056913 
29.8 0.0564145 
29.9 0.0559212 
30 0.055432 
30.1 0.0549459 
30.2 0.0544621 
30.3 0.0539805 
30.4 0.0535009 
30.5 0.0530236 
30.6 0.0525491 
30.7 0.0520782 
30.8 0.0516119 
30.9 0.0511509 
31 0.0506964 
31.1 0.050249 
31.2 0.0498096 
31.3 0.0493785 
31.4 0.048956 
31.5 0.0485421 
31.6 0.0481365 
31.7 0.0477386 
31.8 0.0473478 
31.9 0.0469631 
32 0.0465838 
32.1 0.0462087 
32.2 0.0458371 
32.3 0.0454682 
32.4 0.0451013 
32.5 0.0447359 
32.6 0.044372 
32.7 0.0440094 
32.8 0.0436483 
32.9 0.0432892 
33 0.0429325 
33.1 0.0425788 
33.2 0.0422288 
33.3 0.0418832 
33.4 0.0415424 
33.5 0.041207 
33.6 0.0408773 
33.7 0.0405534 
33.8 0.0402353 
33.9 0.0399228 
34 0.0396157 
34.1 0.0393134 
34.2 0.0390154 
34.3 0.0387211 
34.4 0.0384299 
34.5 0.0381411 
34.6 0.0378544 
34.7 0.0375692 
34.8 0.0372852 
34.9 0.0370024 
35 0.0367207 
35.1 0.0364402 
35.2 0.0361612 
35.3 0.0358839 
35.4 0.0356087 
35.5 0.0353362 
35.6 0.0350666 
35.7 0.0348004 
35.8 0.0345378 
35.9 0.0342791 
36 0.0340243 
36.1 0.0337736 
36.2 0.0335267 
36.3 0.0332836 
36.4 0.0330438 
36.5 0.0328071 
36.6 0.0325731 
36.7 0.0323415 
36.8 0.0321118 
36.9 0.0318837 
37 0.0316569 
37.1 0.0314314 
37.2 0.0312068 
37.3 0.0309834 
37.4 0.0307609 
37.5 0.0305397 
37.6 0.0303199 
37.7 0.0301017 
37.8 0.0298854 
37.9 0.0296712 
38 0.0294593 
38.1 0.0292499 
38.2 0.0290431 
38.3 0.0288391 
38.4 0.0286378 
38.5 0.0284392 
38.6 0.0282431 
38.7 0.0280495 
38.8 0.0278582 
38.9 0.0276688 
39 0.0274813 
39.1 0.0272953 
39.2 0.0271108 
39.3 0.0269275 
39.4 0.0267453 
39.5 0.0265641 
39.6 0.026384 
39.7 0.0262049 
39.8 0.0260269 
39.9 0.02585 
40 0.0256745 
40.1 0.0255004 
40.2 0.0253278 
40.3 0.0251569 
40.4 0.0249878 
40.5 0.0248204 
40.6 0.024655 
40.7 0.0244914 
40.8 0.0243296 
40.9 0.0241697 
41 0.0240114 
41.1 0.0238548 
41.2 0.0236997 
41.3 0.023546 
41.4 0.0233935 
41.5 0.0232423 
41.6 0.0230922 
41.7 0.0229431 
41.8 0.0227951 
41.9 0.0226481 
42 0.0225021 
42.1 0.0223571 
42.2 0.0222132 
42.3 0.0220705 
42.4 0.0219288 
42.5 0.0217884 
42.6 0.0216493 
42.7 0.0215114 
42.8 0.0213748 
42.9 0.0212395 
43 0.0211054 
43.1 0.0209727 
43.2 0.0208411 
43.3 0.0207107 
43.4 0.0205815 
43.5 0.0204534 
43.6 0.0203263 
43.7 0.0202002 
43.8 0.0200751 
43.9 0.019951 
44 0.0198278 
44.1 0.0197056 
44.2 0.0195844 
44.3 0.0194641 
44.4 0.0193448 
44.5 0.0192266 
44.6 0.0191093 
44.7 0.0189931 
44.8 0.0188779 
44.9 0.0187637 
45 0.0186505 
45.1 0.0185382 
45.2 0.018427 
45.3 0.0183166 
45.4 0.018207 
45.5 0.0180983 
45.6 0.0179904 
45.7 0.0178832 
45.8 0.0177768 
45.9 0.0176712 
46 0.0175662 
46.1 0.0174621 
46.2 0.0173587 
46.3 0.017256 
46.4 0.0171543 
46.5 0.0170534 
46.6 0.0169534 
46.7 0.0168543 
46.8 0.0167562 
46.9 0.016659 
47 0.0165628 
47.1 0.0164675 
47.2 0.0163731 
47.3 0.0162795 
47.4 0.0161868 
47.5 0.0160948 
47.6 0.0160035 
47.7 0.0159128 
47.8 0.0158227 
47.9 0.0157331 
48 0.015644 
48.1 0.0155554 
48.2 0.0154673 
48.3 0.0153796 
48.4 0.0152925 
48.5 0.0152059 
48.6 0.0151199 
48.7 0.0150346 
48.8 0.0149499 
48.9 0.0148661 
49 0.014783 
49.1 0.0147009 
49.2 0.0146196 
49.3 0.0145391 
49.4 0.0144596 
49.5 0.0143809 
49.6 0.014303 
49.7 0.0142258 
49.8 0.0141494 
49.9 0.0140735 
50 0.0139981 
50.1 0.0139232 
50.2 0.0138487 
50.3 0.0137746 
50.4 0.0137007 
50.5 0.0136271 
50.6 0.0135538 
50.7 0.0134807 
50.8 0.013408 
50.9 0.0133357 
51 0.0132638 
51.1 0.0131925 
51.2 0.0131217 
51.3 0.0130515 
51.4 0.0129821 
51.5 0.0129134 
51.6 0.0128456 
51.7 0.0127785 
51.8 0.0127123 
51.9 0.0126468 
52 0.012582 
52.1 0.0125179 
52.2 0.0124545 
52.3 0.0123915 
52.4 0.012329 
52.5 0.0122668 
52.6 0.012205 
52.7 0.0121433 
52.8 0.0120818 
52.9 0.0120205 
53 0.0119593 
53.1 0.0118983 
53.2 0.0118374 
53.3 0.0117768 
53.4 0.0117165 
53.5 0.0116565 
53.6 0.0115969 
53.7 0.0115379 
53.8 0.0114795 
53.9 0.0114217 
54 0.0113646 
54.1 0.0113082 
54.2 0.0112526 
54.3 0.0111976 
54.4 0.0111433 
54.5 0.0110897 
54.6 0.0110366 
54.7 0.0109841 
54.8 0.0109319 
54.9 0.0108801 
55 0.0108285 
55.1 0.0107771 
55.2 0.0107258 
55.3 0.0106745 
55.4 0.0106234 
55.5 0.0105723 
55.6 0.0105212 
55.7 0.0104703 
55.8 0.0104195 
55.9 0.0103689 
56 0.0103186 
56.1 0.0102687 
56.2 0.0102192 
56.3 0.0101702 
56.4 0.0101218 
56.5 0.010074 
56.6 0.0100268 
56.7 0.00998029 
56.8 0.0099344 
56.9 0.0098891 
57 0.00984436 
57.1 0.0098001 
57.2 0.00975626 
57.3 0.00971277 
57.4 0.00966953 
57.5 0.00962648 
57.6 0.00958355 
57.7 0.00954068 
57.8 0.00949783 
57.9 0.00945498 
58 0.00941213 
58.1 0.00936928 
58.2 0.00932647 
58.3 0.00928375 
58.4 0.00924117 
58.5 0.0091988 
58.6 0.00915672 
58.7 0.00911499 
58.8 0.00907368 
58.9 0.00903285 
59 0.00899254 
59.1 0.00895277 
59.2 0.00891357 
59.3 0.00887492 
59.4 0.00883681 
59.5 0.00879919 
59.6 0.00876201 
59.7 0.0087252 
59.8 0.00868871 
59.9 0.00865245 
60 0.00861635 
60.1 0.00858035 
60.2 0.00854439 
60.3 0.00850843 
60.4 0.00847245 
60.5 0.00843643 
60.6 0.00840038 
60.7 0.00836432 
60.8 0.00832828 
60.9 0.00829232 
61 0.00825649 
61.1 0.00822085 
61.2 0.00818548 
61.3 0.00815043 
61.4 0.00811575 
61.5 0.00808151 
61.6 0.00804772 
61.7 0.00801442 
61.8 0.0079816 
61.9 0.00794925 
62 0.00791735 
62.1 0.00788586 
62.2 0.00785473 
62.3 0.00782389 
62.4 0.00779329 
62.5 0.00776287 
62.6 0.00773255 
62.7 0.00770229 
62.8 0.00767204 
62.9 0.00764176 
63 0.00761144 
63.1 0.00758106 
63.2 0.00755064 
63.3 0.00752019 
63.4 0.00748976 
63.5 0.00745938 
63.6 0.00742911 
63.7 0.00739901 
63.8 0.00736913 
63.9 0.00733952 
64 0.00731024 
64.1 0.00728132 
64.2 0.00725279 
64.3 0.00722468 
64.4 0.00719698 
64.5 0.00716968 
64.6 0.00714277 
64.7 0.0071162 
64.8 0.00708994 
64.9 0.00706393 
65 0.00703812 
65.1 0.00701245 
65.2 0.00698687 
65.3 0.00696134 
65.4 0.0069358 
65.5 0.00691024 
65.6 0.00688462 
65.7 0.00685895 
65.8 0.00683323 
65.9 0.00680748 
66 0.00678171 
66.1 0.00675598 
66.2 0.00673032 
66.3 0.00670478 
66.4 0.00667941 
66.5 0.00665426 
66.6 0.00662937 
66.7 0.00660478 
66.8 0.00658052 
66.9 0.00655659 
67 0.00653302 
67.1 0.0065098 
67.2 0.0064869 
67.3 0.00646431 
67.4 0.00644199 
67.5 0.00641991 
67.6 0.00639801 
67.7 0.00637624 
67.8 0.00635457 
67.9 0.00633295 
68 0.00631135 
68.1 0.00628972 
68.2 0.00626805 
68.3 0.00624634 
68.4 0.00622457 
68.5 0.00620275 
68.6 0.00618091 
68.7 0.00615907 
68.8 0.00613727 
68.9 0.00611554 
69 0.00609392 
69.1 0.00607246 
69.2 0.00605119 
69.3 0.00603014 
69.4 0.00600936 
69.5 0.00598885 
69.6 0.00596863 
69.7 0.0059487 
69.8 0.00592907 
69.9 0.0059097 
70 0.00589059 
70.1 0.00587169 
70.2 0.00585299 
70.3 0.00583443 
70.4 0.00581598 
70.5 0.00579761 
70.6 0.00577927 
70.7 0.00576094 
70.8 0.00574259 
70.9 0.0057242 
71 0.00570577 
71.1 0.00568729 
71.2 0.00566878 
71.3 0.00565024 
71.4 0.0056317 
71.5 0.00561319 
71.6 0.00559474 
71.7 0.00557637 
71.8 0.00555813 
71.9 0.00554005 
72 0.00552215 
72.1 0.00550446 
72.2 0.005487 
72.3 0.00546978 
72.4 0.0054528 
72.5 0.00543606 
72.6 0.00541955 
72.7 0.00540326 
72.8 0.00538715 
72.9 0.00537121 
73 0.0053554 
73.1 0.00533969 
73.2 0.00532406 
73.3 0.00530846 
73.4 0.00529288 
73.5 0.0052773 
73.6 0.00526169 
73.7 0.00524604 
73.8 0.00523036 
73.9 0.00521465 
74 0.00519891 
74.1 0.00518316 
74.2 0.00516742 
74.3 0.00515172 
74.4 0.00513608 
74.5 0.00512052 
74.6 0.00510508 
74.7 0.00508978 
74.8 0.00507464 
74.9 0.00505967 
75 0.0050449 
75.1 0.00503033 
75.2 0.00501595 
75.3 0.00500177 
75.4 0.00498778 
75.5 0.00497396 
75.6 0.00496029 
75.7 0.00494674 
75.8 0.00493331 
75.9 0.00491995 
76 0.00490665 
76.1 0.00489338 
76.2 0.00488012 
76.3 0.00486686 
76.4 0.00485358 
76.5 0.00484028 
76.6 0.00482695 
76.7 0.00481359 
76.8 0.00480022 
76.9 0.00478685 
77 0.00477348 
77.1 0.00476015 
77.2 0.00474686 
77.3 0.00473364 
77.4 0.00472052 
77.5 0.00470751 
77.6 0.00469463 
77.7 0.00468189 
77.8 0.00466931 
77.9 0.00465689 
78 0.00464463 
78.1 0.00463252 
78.2 0.00462058 
78.3 0.00460877 
78.4 0.00459709 
78.5 0.00458553 
78.6 0.00457406 
78.7 0.00456266 
78.8 0.00455132 
78.9 0.00454001 
79 0.00452872 
79.1 0.00451744 
79.2 0.00450615 
79.3 0.00449484 
79.4 0.00448352 
79.5 0.00447219 
79.6 0.00446084 
79.7 0.00444948 
79.8 0.00443813 
79.9 0.0044268 
80 0.0044155 
80.1 0.00440425 
80.2 0.00439307 
80.3 0.00438197 
80.4 0.00437096 
80.5 0.00436006 
80.6 0.00434928 
80.7 0.00433863 
80.8 0.0043281 
80.9 0.00431771 
81 0.00430745 
81.1 0.0042973 
81.2 0.00428727 
81.3 0.00427734 
81.4 0.00426751 
81.5 0.00425774 
81.6 0.00424804 
81.7 0.00423838 
81.8 0.00422876 
81.9 0.00421915 
82 0.00420955 
82.1 0.00419995 
82.2 0.00419035 
82.3 0.00418074 
82.4 0.00417112 
82.5 0.00416149 
82.6 0.00415186 
82.7 0.00414224 
82.8 0.00413264 
82.9 0.00412306 
83 0.00411352 
83.1 0.00410404 
83.2 0.00409461 
83.3 0.00408527 
83.4 0.004076 
83.5 0.00406683 
83.6 0.00405776 
83.7 0.00404879 
83.8 0.00403993 
83.9 0.00403116 
84 0.0040225 
84.1 0.00401393 
84.2 0.00400545 
84.3 0.00399704 
84.4 0.00398871 
84.5 0.00398043 
84.6 0.00397219 
84.7 0.00396399 
84.8 0.00395581 
84.9 0.00394765 
85 0.0039395 
85.1 0.00393136 
85.2 0.00392321 
85.3 0.00391506 
85.4 0.00390691 
85.5 0.00389876 
85.6 0.00389062 
85.7 0.00388248 
85.8 0.00387437 
85.9 0.00386628 
86 0.00385823 
86.1 0.00385022 
86.2 0.00384227 
86.3 0.00383437 
86.4 0.00382655 
86.5 0.00381879 
86.6 0.00381112 
86.7 0.00380352 
86.8 0.00379601 
86.9 0.00378857 
87 0.00378122 
87.1 0.00377394 
87.2 0.00376673 
87.3 0.00375959 
87.4 0.0037525 
87.5 0.00374546 
87.6 0.00373846 
87.7 0.00373149 
87.8 0.00372455 
87.9 0.00371763 
88 0.00371072 
88.1 0.00370382 
88.2 0.00369693 
88.3 0.00369004 
88.4 0.00368315 
88.5 0.00367627 
88.6 0.0036694 
88.7 0.00366254 
88.8 0.00365569 
88.9 0.00364887 
89 0.00364207 
89.1 0.0036353 
89.2 0.00362858 
89.3 0.0036219 
89.4 0.00361526 
89.5 0.00360869 
89.6 0.00360217 
89.7 0.00359572 
89.8 0.00358932 
89.9 0.00358299 
90 0.00357673 
90.1 0.00357052 
90.2 0.00356437 
90.3 0.00355828 
90.4 0.00355224 
90.5 0.00354624 
90.6 0.00354028 
90.7 0.00353436 
90.8 0.00352847 
90.9 0.0035226 
91 0.00351675 
91.1 0.00351091 
91.2 0.00350509 
91.3 0.00349927 
91.4 0.00349347 
91.5 0.00348767 
91.6 0.00348189 
91.7 0.00347611 
91.8 0.00347035 
91.9 0.0034646 
92 0.00345887 
92.1 0.00345316 
92.2 0.00344748 
92.3 0.00344183 
92.4 0.00343621 
92.5 0.00343063 
92.6 0.0034251 
92.7 0.0034196 
92.8 0.00341416 
92.9 0.00340876 
93 0.00340341 
93.1 0.00339811 
93.2 0.00339286 
93.3 0.00338765 
93.4 0.00338249 
93.5 0.00337737 
93.6 0.00337229 
93.7 0.00336725 
93.8 0.00336223 
93.9 0.00335725 
94 0.00335229 
94.1 0.00334735 
94.2 0.00334243 
94.3 0.00333752 
94.4 0.00333263 
94.5 0.00332776 
94.6 0.00332289 
94.7 0.00331804 
94.8 0.0033132 
94.9 0.00330837 
95 0.00330355 
95.1 0.00329875 
95.2 0.00329397 
95.3 0.0032892 
95.4 0.00328446 
95.5 0.00327975 
95.6 0.00327506 
95.7 0.0032704 
95.8 0.00326577 
95.9 0.00326118 
96 0.00325662 
96.1 0.0032521 
96.2 0.00324762 
96.3 0.00324317 
96.4 0.00323876 
96.5 0.00323438 
96.6 0.00323004 
96.7 0.00322574 
96.8 0.00322146 
96.9 0.00321721 
97 0.003213 
97.1 0.0032088 
97.2 0.00320464 
97.3 0.00320049 
97.4 0.00319636 
97.5 0.00319225 
97.6 0.00318816 
97.7 0.00318408 
97.8 0.00318001 
97.9 0.00317596 
98 0.00317192 
98.1 0.0031679 
98.2 0.00316389 
98.3 0.00315989 
98.4 0.00315591 
98.5 0.00315195 
98.6 0.003148 
98.7 0.00314407 
98.8 0.00314017 
98.9 0.00313628 
99 0.00313242 
99.1 0.00312859 
99.2 0.00312478 
99.3 0.00312099 
99.4 0.00311724 
99.5 0.00311351 
99.6 0.00310981 
99.7 0.00310614 
99.8 0.00310249 
99.9 0.00309887 
100 0.00309528 
100.1 0.00309171 
100.2 0.00308817 
100.3 0.00308465 
100.4 0.00308115 
100.5 0.00307767 
100.6 0.00307421 
100.7 0.00307077 
100.8 0.00306735 
100.9 0.00306394 
101 0.00306055 
101.1 0.00305717 
101.2 0.00305381 
101.3 0.00305046 
101.4 0.00304713 
101.5 0.00304381 
101.6 0.00304051 
101.7 0.00303722 
101.8 0.00303394 
101.9 0.00303069 
102 0.00302744 
102.1 0.00302422 
102.2 0.00302101 
102.3 0.00301782 
102.4 0.00301465 
102.5 0.0030115 
102.6 0.00300837 
102.7 0.00300526 
102.8 0.00300217 
102.9 0.0029991 
103 0.00299605 
103.1 0.00299303 
103.2 0.00299002 
103.3 0.00298703 
103.4 0.00298406 
103.5 0.00298111 
103.6 0.00297818 
103.7 0.00297527 
103.8 0.00297238 
103.9 0.0029695 
104 0.00296664 
104.1 0.0029638 
104.2 0.00296097 
104.3 0.00295816 
104.4 0.00295536 
104.5 0.00295258 
104.6 0.00294981 
104.7 0.00294706 
104.8 0.00294432 
104.9 0.00294159 
105 0.00293888 
105.1 0.00293618 
105.2 0.0029335 
105.3 0.00293083 
105.4 0.00292818 
105.5 0.00292554 
105.6 0.00292292 
105.7 0.00292031 
105.8 0.00291772 
105.9 0.00291514 
106 0.00291258 
106.1 0.00291004 
106.2 0.00290751 
106.3 0.002905 
106.4 0.0029025 
106.5 0.00290002 
106.6 0.00289755 
106.7 0.0028951 
106.8 0.00289266 
106.9 0.00289024 
107 0.00288784 
107.1 0.00288544 
107.2 0.00288306 
107.3 0.0028807 
107.4 0.00287835 
107.5 0.00287601 
107.6 0.00287368 
107.7 0.00287137 
107.8 0.00286907 
107.9 0.00286679 
108 0.00286452 
108.1 0.00286226 
108.2 0.00286001 
108.3 0.00285778 
108.4 0.00285556 
108.5 0.00285336 
108.6 0.00285116 
108.7 0.00284899 
108.8 0.00284682 
108.9 0.00284467 
109 0.00284253 
109.1 0.00284041 
109.2 0.0028383 
109.3 0.00283621 
109.4 0.00283412 
109.5 0.00283205 
109.6 0.00283 
109.7 0.00282796 
109.8 0.00282593 
109.9 0.00282391 
110 0.00282191 
110.1 0.00281992 
110.2 0.00281794 
110.3 0.00281597 
110.4 0.00281401 
110.5 0.00281206 
110.6 0.00281013 
110.7 0.0028082 
110.8 0.00280629 
110.9 0.00280439 
111 0.00280249 
111.1 0.00280061 
111.2 0.00279874 
111.3 0.00279687 
111.4 0.00279502 
111.5 0.00279318 
111.6 0.00279135 
111.7 0.00278953 
111.8 0.00278772 
111.9 0.00278592 
112 0.00278413 
112.1 0.00278236 
112.2 0.00278059 
112.3 0.00277884 
112.4 0.0027771 
112.5 0.00277538 
112.6 0.00277366 
112.7 0.00277196 
112.8 0.00277027 
112.9 0.0027686 
113 0.00276693 
113.1 0.00276528 
113.2 0.00276364 
113.3 0.00276201 
113.4 0.0027604 
113.5 0.00275879 
113.6 0.0027572 
113.7 0.00275562 
113.8 0.00275405 
113.9 0.00275248 
114 0.00275093 
114.1 0.00274939 
114.2 0.00274785 
114.3 0.00274633 
114.4 0.00274481 
114.5 0.0027433 
114.6 0.00274179 
114.7 0.0027403 
114.8 0.00273881 
114.9 0.00273733 
115 0.00273586 
115.1 0.0027344 
115.2 0.00273294 
115.3 0.00273149 
115.4 0.00273005 
115.5 0.00272861 
115.6 0.00272719 
115.7 0.00272577 
115.8 0.00272437 
115.9 0.00272297 
116 0.00272158 
116.1 0.0027202 
116.2 0.00271883 
116.3 0.00271747 
116.4 0.00271613 
116.5 0.00271479 
116.6 0.00271346 
116.7 0.00271215 
116.8 0.00271085 
116.9 0.00270955 
117 0.00270827 
117.1 0.002707 
117.2 0.00270574 
117.3 0.00270449 
117.4 0.00270325 
117.5 0.00270202 
117.6 0.0027008 
117.7 0.00269959 
117.8 0.00269839 
117.9 0.0026972 
118 0.00269601 
118.1 0.00269484 
118.2 0.00269367 
118.3 0.0026925 
118.4 0.00269135 
118.5 0.0026902 
118.6 0.00268905 
118.7 0.00268791 
118.8 0.00268678 
118.9 0.00268565 
119 0.00268453 
119.1 0.00268341 
119.2 0.0026823 
119.3 0.0026812 
119.4 0.0026801 
119.5 0.002679 
119.6 0.00267792 
119.7 0.00267683 
119.8 0.00267576 
119.9 0.00267469 
120 0.00267363 
120.1 0.00267257 
120.2 0.00267152 
120.3 0.00267048 
120.4 0.00266945 
120.5 0.00266843 
120.6 0.00266742 
120.7 0.00266641 
120.8 0.00266541 
120.9 0.00266443 
121 0.00266345 
121.1 0.00266248 
121.2 0.00266152 
121.3 0.00266057 
121.4 0.00265963 
121.5 0.0026587 
121.6 0.00265778 
121.7 0.00265686 
121.8 0.00265596 
121.9 0.00265506 
122 0.00265417 
122.1 0.00265329 
122.2 0.00265241 
122.3 0.00265155 
122.4 0.00265068 
122.5 0.00264983 
122.6 0.00264898 
122.7 0.00264813 
122.8 0.00264729 
122.9 0.00264646 
123 0.00264563 
123.1 0.00264481 
123.2 0.00264398 
123.3 0.00264317 
123.4 0.00264235 
123.5 0.00264154 
123.6 0.00264074 
123.7 0.00263994 
123.8 0.00263914 
123.9 0.00263835 
124 0.00263756 
124.1 0.00263677 
124.2 0.00263599 
124.3 0.00263522 
124.4 0.00263445 
124.5 0.00263368 
124.6 0.00263292 
124.7 0.00263217 
124.8 0.00263142 
124.9 0.00263068 
125 0.00262994 
125.1 0.00262921 
125.2 0.00262849 
125.3 0.00262778 
125.4 0.00262707 
125.5 0.00262637 
125.6 0.00262568 
125.7 0.00262499 
125.8 0.00262432 
125.9 0.00262365 
126 0.00262298 
126.1 0.00262233 
126.2 0.00262168 
126.3 0.00262104 
126.4 0.00262041 
126.5 0.00261978 
126.6 0.00261916 
126.7 0.00261855 
126.8 0.00261794 
126.9 0.00261734 
127 0.00261674 
127.1 0.00261615 
127.2 0.00261556 
127.3 0.00261498 
127.4 0.0026144 
127.5 0.00261383 
127.6 0.00261326 
127.7 0.00261269 
127.8 0.00261213 
127.9 0.00261157 
128 0.00261101 
128.1 0.00261045 
128.2 0.0026099 
128.3 0.00260936 
128.4 0.00260881 
128.5 0.00260827 
128.6 0.00260773 
128.7 0.00260719 
128.8 0.00260666 
128.9 0.00260613 
129 0.0026056 
129.1 0.00260507 
129.2 0.00260455 
129.3 0.00260404 
129.4 0.00260352 
129.5 0.00260302 
129.6 0.00260251 
129.7 0.00260201 
129.8 0.00260152 
129.9 0.00260103 
130 0.00260054 
130.1 0.00260006 
130.2 0.00259958 
130.3 0.00259912 
130.4 0.00259865 
130.5 0.00259819 
130.6 0.00259774 
130.7 0.00259729 
130.8 0.00259685 
130.9 0.00259642 
131 0.00259599 
131.1 0.00259556 
131.2 0.00259514 
131.3 0.00259473 
131.4 0.00259432 
131.5 0.00259392 
131.6 0.00259352 
131.7 0.00259313 
131.8 0.00259274 
131.9 0.00259236 
132 0.00259198 
132.1 0.00259161 
132.2 0.00259124 
132.3 0.00259087 
132.4 0.00259051 
132.5 0.00259015 
132.6 0.00258979 
132.7 0.00258943 
132.8 0.00258908 
132.9 0.00258874 
133 0.00258839 
133.1 0.00258805 
133.2 0.00258771 
133.3 0.00258737 
133.4 0.00258703 
133.5 0.0025867 
133.6 0.00258636 
133.7 0.00258603 
133.8 0.00258571 
133.9 0.00258538 
134 0.00258506 
134.1 0.00258473 
134.2 0.00258441 
134.3 0.0025841 
134.4 0.00258378 
134.5 0.00258347 
134.6 0.00258316 
134.7 0.00258285 
134.8 0.00258255 
134.9 0.00258225 
135 0.00258195 
135.1 0.00258165 
135.2 0.00258136 
135.3 0.00258107 
135.4 0.00258079 
135.5 0.0025805 
135.6 0.00258023 
135.7 0.00257995 
135.8 0.00257968 
135.9 0.00257942 
136 0.00257915 
136.1 0.00257889 
136.2 0.00257864 
136.3 0.00257839 
136.4 0.00257814 
136.5 0.0025779 
136.6 0.00257766 
136.7 0.00257743 
136.8 0.0025772 
136.9 0.00257697 
137 0.00257675 
137.1 0.00257653 
137.2 0.00257631 
137.3 0.0025761 
137.4 0.00257589 
137.5 0.00257569 
137.6 0.00257549 
137.7 0.00257529 
137.8 0.00257509 
137.9 0.0025749 
138 0.00257471 
138.1 0.00257452 
138.2 0.00257433 
138.3 0.00257415 
138.4 0.00257397 
138.5 0.00257379 
138.6 0.00257362 
138.7 0.00257344 
138.8 0.00257327 
138.9 0.0025731 
139 0.00257293 
139.1 0.00257276 
139.2 0.00257259 
139.3 0.00257243 
139.4 0.00257227 
139.5 0.0025721 
139.6 0.00257194 
139.7 0.00257178 
139.8 0.00257163 
139.9 0.00257147 
140 0.00257132 
140.1 0.00257116 
140.2 0.00257101 
140.3 0.00257086 
140.4 0.00257071 
140.5 0.00257057 
140.6 0.00257042 
140.7 0.00257028 
140.8 0.00257014 
140.9 0.00257 
141 0.00256986 
141.1 0.00256972 
141.2 0.00256959 
141.3 0.00256946 
141.4 0.00256933 
141.5 0.0025692 
141.6 0.00256908 
141.7 0.00256895 
141.8 0.00256883 
141.9 0.00256871 
142 0.0025686 
142.1 0.00256849 
142.2 0.00256838 
142.3 0.00256827 
142.4 0.00256816 
142.5 0.00256806 
142.6 0.00256796 
142.7 0.00256786 
142.8 0.00256776 
142.9 0.00256767 
143 0.00256758 
143.1 0.00256749 
143.2 0.00256741 
143.3 0.00256732 
143.4 0.00256724 
143.5 0.00256716 
143.6 0.00256709 
143.7 0.00256701 
143.8 0.00256694 
143.9 0.00256687 
144 0.0025668 
144.1 0.00256674 
144.2 0.00256667 
144.3 0.00256661 
144.4 0.00256655 
144.5 0.00256649 
144.6 0.00256644 
144.7 0.00256638 
144.8 0.00256633 
144.9 0.00256627 
145 0.00256622 
145.1 0.00256617 
145.2 0.00256613 
145.3 0.00256608 
145.4 0.00256603 
145.5 0.00256599 
145.6 0.00256594 
145.7 0.0025659 
145.8 0.00256586 
145.9 0.00256582 
146 0.00256578 
146.1 0.00256574 
146.2 0.0025657 
146.3 0.00256567 
146.4 0.00256563 
146.5 0.0025656 
146.6 0.00256556 
146.7 0.00256553 
146.8 0.0025655 
146.9 0.00256547 
147 0.00256544 
147.1 0.00256541 
147.2 0.00256538 
147.3 0.00256535 
147.4 0.00256532 
147.5 0.0025653 
147.6 0.00256527 
147.7 0.00256525 
147.8 0.00256523 
147.9 0.0025652 
148 0.00256518 
148.1 0.00256516 
148.2 0.00256514 
148.3 0.00256513 
148.4 0.00256511 
148.5 0.00256509 
148.6 0.00256508 
148.7 0.00256507 
148.8 0.00256505 
148.9 0.00256504 
149 0.00256503 
149.1 0.00256502 
149.2 0.00256502 
149.3 0.00256501 
149.4 0.00256501 
149.5 0.002565 
149.6 0.002565 
149.7 0.002565 
149.8 0.002565 
149.9 0.002565 
150 0.002565 
150.1 0.00256501 
150.2 0.00256501 
150.3 0.00256502 
150.4 0.00256503 
150.5 0.00256504 
150.6 0.00256505 
150.7 0.00256506 
150.8 0.00256507 
150.9 0.00256508 
151 0.0025651 
151.1 0.00256511 
151.2 0.00256513 
151.3 0.00256515 
151.4 0.00256517 
151.5 0.00256519 
151.6 0.00256521 
151.7 0.00256523 
151.8 0.00256525 
151.9 0.00256527 
152 0.0025653 
152.1 0.00256532 
152.2 0.00256535 
152.3 0.00256538 
152.4 0.00256541 
152.5 0.00256543 
152.6 0.00256546 
152.7 0.00256549 
152.8 0.00256552 
152.9 0.00256555 
153 0.00256559 
153.1 0.00256562 
153.2 0.00256565 
153.3 0.00256569 
153.4 0.00256572 
153.5 0.00256575 
153.6 0.00256579 
153.7 0.00256582 
153.8 0.00256586 
153.9 0.0025659 
154 0.00256593 
154.1 0.00256597 
154.2 0.00256601 
154.3 0.00256605 
154.4 0.00256609 
154.5 0.00256613 
154.6 0.00256617 
154.7 0.0025662 
154.8 0.00256624 
154.9 0.00256629 
155 0.00256633 
155.1 0.00256637 
155.2 0.00256641 
155.3 0.00256645 
155.4 0.00256649 
155.5 0.00256653 
155.6 0.00256658 
155.7 0.00256662 
155.8 0.00256666 
155.9 0.00256671 
156 0.00256675 
156.1 0.00256679 
156.2 0.00256684 
156.3 0.00256688 
156.4 0.00256693 
156.5 0.00256697 
156.6 0.00256702 
156.7 0.00256707 
156.8 0.00256711 
156.9 0.00256716 
157 0.00256721 
157.1 0.00256725 
157.2 0.0025673 
157.3 0.00256735 
157.4 0.0025674 
157.5 0.00256744 
157.6 0.00256749 
157.7 0.00256754 
157.8 0.00256759 
157.9 0.00256764 
158 0.00256769 
158.1 0.00256774 
158.2 0.00256779 
158.3 0.00256784 
158.4 0.00256789 
158.5 0.00256794 
158.6 0.00256799 
158.7 0.00256805 
158.8 0.0025681 
158.9 0.00256815 
159 0.0025682 
159.1 0.00256825 
159.2 0.00256831 
159.3 0.00256836 
159.4 0.00256841 
159.5 0.00256847 
159.6 0.00256852 
159.7 0.00256858 
159.8 0.00256863 
159.9 0.00256868 
160 0.00256874 
160.1 0.00256879 
160.2 0.00256885 
160.3 0.0025689 
160.4 0.00256896 
160.5 0.00256902 
160.6 0.00256907 
160.7 0.00256913 
160.8 0.00256918 
160.9 0.00256924 
161 0.0025693 
161.1 0.00256935 
161.2 0.00256941 
161.3 0.00256947 
161.4 0.00256952 
161.5 0.00256958 
161.6 0.00256964 
161.7 0.00256969 
161.8 0.00256975 
161.9 0.00256981 
162 0.00256986 
162.1 0.00256992 
162.2 0.00256998 
162.3 0.00257004 
162.4 0.00257009 
162.5 0.00257015 
162.6 0.00257021 
162.7 0.00257027 
162.8 0.00257032 
162.9 0.00257038 
163 0.00257044 
163.1 0.00257049 
163.2 0.00257055 
163.3 0.00257061 
163.4 0.00257067 
163.5 0.00257072 
163.6 0.00257078 
163.7 0.00257084 
163.8 0.00257089 
163.9 0.00257095 
164 0.00257101 
164.1 0.00257106 
164.2 0.00257112 
164.3 0.00257118 
164.4 0.00257123 
164.5 0.00257129 
164.6 0.00257134 
164.7 0.0025714 
164.8 0.00257145 
164.9 0.00257151 
165 0.00257156 
165.1 0.00257162 
165.2 0.00257167 
165.3 0.00257173 
165.4 0.00257178 
165.5 0.00257184 
165.6 0.00257189 
165.7 0.00257195 
165.8 0.002572 
165.9 0.00257205 
166 0.00257211 
166.1 0.00257216 
166.2 0.00257221 
166.3 0.00257227 
166.4 0.00257232 
166.5 0.00257237 
166.6 0.00257242 
166.7 0.00257247 
166.8 0.00257253 
166.9 0.00257258 
167 0.00257263 
167.1 0.00257268 
167.2 0.00257273 
167.3 0.00257278 
167.4 0.00257283 
167.5 0.00257288 
167.6 0.00257293 
167.7 0.00257298 
167.8 0.00257303 
167.9 0.00257308 
168 0.00257313 
168.1 0.00257317 
168.2 0.00257322 
168.3 0.00257327 
168.4 0.00257332 
168.5 0.00257336 
168.6 0.00257341 
168.7 0.00257346 
168.8 0.0025735 
168.9 0.00257355 
169 0.00257359 
169.1 0.00257364 
169.2 0.00257368 
169.3 0.00257373 
169.4 0.00257377 
169.5 0.00257382 
169.6 0.00257386 
169.7 0.0025739 
169.8 0.00257395 
169.9 0.00257399 
170 0.00257403 
170.1 0.00257407 
170.2 0.00257412 
170.3 0.00257416 
170.4 0.0025742 
170.5 0.00257424 
170.6 0.00257428 
170.7 0.00257432 
170.8 0.00257436 
170.9 0.0025744 
171 0.00257444 
171.1 0.00257448 
171.2 0.00257451 
171.3 0.00257455 
171.4 0.00257459 
171.5 0.00257463 
171.6 0.00257466 
171.7 0.0025747 
171.8 0.00257474 
171.9 0.00257477 
172 0.00257481 
172.1 0.00257484 
172.2 0.00257488 
172.3 0.00257491 
172.4 0.00257495 
172.5 0.00257498 
172.6 0.00257501 
172.7 0.00257504 
172.8 0.00257508 
172.9 0.00257511 
173 0.00257514 
173.1 0.00257517 
173.2 0.0025752 
173.3 0.00257523 
173.4 0.00257526 
173.5 0.00257529 
173.6 0.00257532 
173.7 0.00257535 
173.8 0.00257538 
173.9 0.00257541 
174 0.00257543 
174.1 0.00257546 
174.2 0.00257549 
174.3 0.00257551 
174.4 0.00257554 
174.5 0.00257556 
174.6 0.00257559 
174.7 0.00257561 
174.8 0.00257564 
174.9 0.00257566 
175 0.00257568 
175.1 0.00257571 
175.2 0.00257573 
175.3 0.00257575 
175.4 0.00257577 
175.5 0.00257579 
175.6 0.00257581 
175.7 0.00257583 
175.8 0.00257585 
175.9 0.00257587 
176 0.00257589 
176.1 0.00257591 
176.2 0.00257593 
176.3 0.00257594 
176.4 0.00257596 
176.5 0.00257598 
176.6 0.00257599 
176.7 0.00257601 
176.8 0.00257602 
176.9 0.00257604 
177 0.00257605 
177.1 0.00257607 
177.2 0.00257608 
177.3 0.00257609 
177.4 0.00257611 
177.5 0.00257612 
177.6 0.00257613 
177.7 0.00257614 
177.8 0.00257615 
177.9 0.00257616 
178 0.00257617 
178.1 0.00257618 
178.2 0.00257619 
178.3 0.0025762 
178.4 0.0025762 
178.5 0.00257621 
178.6 0.00257622 
178.7 0.00257622 
178.8 0.00257623 
178.9 0.00257624 
179 0.00257624 
179.1 0.00257625 
179.2 0.00257625 
179.3 0.00257625 
179.4 0.00257626 
179.5 0.00257626 
179.6 0.00257626 
179.7 0.00257626 
179.8 0.00257626 
