0.1 142.169 
0.2 141.895 
0.3 141.439 
0.4 140.805 
0.5 139.995 
0.6 139.013 
0.7 137.863 
0.8 136.552 
0.9 135.085 
1 133.469 
1.1 131.712 
1.2 129.822 
1.3 127.806 
1.4 125.674 
1.5 123.435 
1.6 121.098 
1.7 118.674 
1.8 116.17 
1.9 113.598 
2 110.966 
2.1 108.285 
2.2 105.563 
2.3 102.811 
2.4 100.036 
2.5 97.2478 
2.6 94.4541 
2.7 91.6631 
2.8 88.882 
2.9 86.1178 
3 83.3772 
3.1 80.6661 
3.2 77.99 
3.3 75.3541 
3.4 72.7628 
3.5 70.2202 
3.6 67.73 
3.7 65.2951 
3.8 62.9182 
3.9 60.6017 
4 58.3471 
4.1 56.1559 
4.2 54.0292 
4.3 51.9676 
4.4 49.9715 
4.5 48.0408 
4.6 46.1754 
4.7 44.3748 
4.8 42.6384 
4.9 40.9651 
5 39.3541 
5.1 37.8041 
5.2 36.3138 
5.3 34.8817 
5.4 33.5064 
5.5 32.1863 
5.6 30.9196 
5.7 29.7049 
5.8 28.5403 
5.9 27.4242 
6 26.3548 
6.1 25.3305 
6.2 24.3496 
6.3 23.4104 
6.4 22.5113 
6.5 21.6506 
6.6 20.827 
6.7 20.0388 
6.8 19.2845 
6.9 18.5628 
7 17.8722 
7.1 17.2114 
7.2 16.5792 
7.3 15.9743 
7.4 15.3954 
7.5 14.8416 
7.6 14.3116 
7.7 13.8044 
7.8 13.319 
7.9 12.8544 
8 12.4097 
8.1 11.984 
8.2 11.5764 
8.3 11.1861 
8.4 10.8124 
8.5 10.4544 
8.6 10.1115 
8.7 9.78289 
8.8 9.46801 
8.9 9.16619 
9 8.87683 
9.1 8.59935 
9.2 8.33319 
9.3 8.07784 
9.4 7.83278 
9.5 7.59753 
9.6 7.37163 
9.7 7.15465 
9.8 6.94617 
9.9 6.7458 
10 6.55315 
10.1 6.36786 
10.2 6.1896 
10.3 6.01804 
10.4 5.85287 
10.5 5.69379 
10.6 5.54054 
10.7 5.39285 
10.8 5.25047 
10.9 5.11316 
11 4.9807 
11.1 4.85287 
11.2 4.72947 
11.3 4.61031 
11.4 4.49521 
11.5 4.384 
11.6 4.27651 
11.7 4.17259 
11.8 4.07208 
11.9 3.97485 
12 3.88077 
12.1 3.7897 
12.2 3.70152 
12.3 3.61612 
12.4 3.53338 
12.5 3.45321 
12.6 3.37549 
12.7 3.30014 
12.8 3.22705 
12.9 3.15614 
13 3.08733 
13.1 3.02053 
13.2 2.95567 
13.3 2.89267 
13.4 2.83146 
13.5 2.77197 
13.6 2.71415 
13.7 2.65791 
13.8 2.60322 
13.9 2.55 
14 2.49821 
14.1 2.4478 
14.2 2.39871 
14.3 2.35089 
14.4 2.30432 
14.5 2.25893 
14.6 2.21469 
14.7 2.17157 
14.8 2.12953 
14.9 2.08852 
15 2.04853 
15.1 2.00951 
15.2 1.97144 
15.3 1.93429 
15.4 1.89804 
15.5 1.86264 
15.6 1.82809 
15.7 1.79435 
15.8 1.76141 
15.9 1.72924 
16 1.69782 
16.1 1.66713 
16.2 1.63715 
16.3 1.60786 
16.4 1.57924 
16.5 1.55127 
16.6 1.52395 
16.7 1.49724 
16.8 1.47113 
16.9 1.44561 
17 1.42065 
17.1 1.39626 
17.2 1.3724 
17.3 1.34907 
17.4 1.32624 
17.5 1.30392 
17.6 1.28207 
17.7 1.2607 
17.8 1.23978 
17.9 1.21931 
18 1.19927 
18.1 1.17965 
18.2 1.16044 
18.3 1.14163 
18.4 1.12321 
18.5 1.10516 
18.6 1.08749 
18.7 1.07017 
18.8 1.0532 
18.9 1.03658 
19 1.02029 
19.1 1.00432 
19.2 0.988678 
19.3 0.973343 
19.4 0.958312 
19.5 0.943579 
19.6 0.929137 
19.7 0.91498 
19.8 0.901102 
19.9 0.887497 
20 0.87416 
20.1 0.861085 
20.2 0.848267 
20.3 0.835701 
20.4 0.823381 
20.5 0.811302 
20.6 0.79946 
20.7 0.78785 
20.8 0.776466 
20.9 0.765305 
21 0.754361 
21.1 0.74363 
21.2 0.733108 
21.3 0.722789 
21.4 0.712669 
21.5 0.702745 
21.6 0.693011 
21.7 0.683463 
21.8 0.674097 
21.9 0.664909 
22 0.655895 
22.1 0.64705 
22.2 0.638371 
22.3 0.629854 
22.4 0.621496 
22.5 0.613291 
22.6 0.605238 
22.7 0.597333 
22.8 0.589571 
22.9 0.581951 
23 0.574469 
23.1 0.567121 
23.2 0.559905 
23.3 0.552819 
23.4 0.545859 
23.5 0.539023 
23.6 0.532308 
23.7 0.525712 
23.8 0.519232 
23.9 0.512867 
24 0.506614 
24.1 0.500471 
24.2 0.494436 
24.3 0.488506 
24.4 0.48268 
24.5 0.476956 
24.6 0.471332 
24.7 0.465807 
24.8 0.460377 
24.9 0.455042 
25 0.449799 
25.1 0.444648 
25.2 0.439585 
25.3 0.43461 
25.4 0.429721 
25.5 0.424915 
25.6 0.420192 
25.7 0.415549 
25.8 0.410985 
25.9 0.406498 
26 0.402087 
26.1 0.39775 
26.2 0.393486 
26.3 0.389292 
26.4 0.385168 
26.5 0.381112 
26.6 0.377122 
26.7 0.373197 
26.8 0.369335 
26.9 0.365536 
27 0.361798 
27.1 0.35812 
27.2 0.354499 
27.3 0.350936 
27.4 0.347429 
27.5 0.343977 
27.6 0.340579 
27.7 0.337233 
27.8 0.333939 
27.9 0.330696 
28 0.327502 
28.1 0.324357 
28.2 0.32126 
28.3 0.318209 
28.4 0.315205 
28.5 0.312246 
28.6 0.309331 
28.7 0.30646 
28.8 0.303631 
28.9 0.300845 
29 0.298099 
29.1 0.295394 
29.2 0.292729 
29.3 0.290103 
29.4 0.287515 
29.5 0.284964 
29.6 0.282451 
29.7 0.279973 
29.8 0.277531 
29.9 0.275124 
30 0.27275 
30.1 0.270411 
30.2 0.268103 
30.3 0.265828 
30.4 0.263585 
30.5 0.261372 
30.6 0.25919 
30.7 0.257037 
30.8 0.254914 
30.9 0.252819 
31 0.250752 
31.1 0.248713 
31.2 0.2467 
31.3 0.244714 
31.4 0.242754 
31.5 0.24082 
31.6 0.23891 
31.7 0.237025 
31.8 0.235164 
31.9 0.233327 
32 0.231513 
32.1 0.229723 
32.2 0.227954 
32.3 0.226208 
32.4 0.224483 
32.5 0.22278 
32.6 0.221098 
32.7 0.219437 
32.8 0.217796 
32.9 0.216175 
33 0.214573 
33.1 0.212991 
33.2 0.211428 
33.3 0.209883 
33.4 0.208357 
33.5 0.206849 
33.6 0.205359 
33.7 0.203886 
33.8 0.20243 
33.9 0.200991 
34 0.199568 
34.1 0.198161 
34.2 0.196771 
34.3 0.195396 
34.4 0.194036 
34.5 0.192692 
34.6 0.191362 
34.7 0.190047 
34.8 0.188746 
34.9 0.18746 
35 0.186187 
35.1 0.184927 
35.2 0.183682 
35.3 0.182449 
35.4 0.181229 
35.5 0.180023 
35.6 0.178828 
35.7 0.177647 
35.8 0.176477 
35.9 0.17532 
36 0.174174 
36.1 0.17304 
36.2 0.171918 
36.3 0.170807 
36.4 0.169708 
36.5 0.16862 
36.6 0.167542 
36.7 0.166476 
36.8 0.16542 
36.9 0.164375 
37 0.163341 
37.1 0.162316 
37.2 0.161302 
37.3 0.160298 
37.4 0.159304 
37.5 0.158319 
37.6 0.157344 
37.7 0.156379 
37.8 0.155423 
37.9 0.154475 
38 0.153537 
38.1 0.152608 
38.2 0.151688 
38.3 0.150776 
38.4 0.149872 
38.5 0.148977 
38.6 0.14809 
38.7 0.14721 
38.8 0.146339 
38.9 0.145476 
39 0.14462 
39.1 0.143772 
39.2 0.142931 
39.3 0.142097 
39.4 0.141271 
39.5 0.140451 
39.6 0.139639 
39.7 0.138834 
39.8 0.138035 
39.9 0.137243 
40 0.136458 
40.1 0.13568 
40.2 0.134908 
40.3 0.134143 
40.4 0.133384 
40.5 0.132631 
40.6 0.131885 
40.7 0.131145 
40.8 0.130411 
40.9 0.129683 
41 0.128962 
41.1 0.128246 
41.2 0.127537 
41.3 0.126833 
41.4 0.126136 
41.5 0.125444 
41.6 0.124757 
41.7 0.124077 
41.8 0.123402 
41.9 0.122733 
42 0.122069 
42.1 0.12141 
42.2 0.120757 
42.3 0.120109 
42.4 0.119466 
42.5 0.118829 
42.6 0.118196 
42.7 0.117568 
42.8 0.116945 
42.9 0.116327 
43 0.115713 
43.1 0.115104 
43.2 0.1145 
43.3 0.1139 
43.4 0.113304 
43.5 0.112713 
43.6 0.112126 
43.7 0.111543 
43.8 0.110965 
43.9 0.11039 
44 0.10982 
44.1 0.109253 
44.2 0.10869 
44.3 0.108132 
44.4 0.107577 
44.5 0.107026 
44.6 0.106479 
44.7 0.105935 
44.8 0.105396 
44.9 0.10486 
45 0.104327 
45.1 0.103799 
45.2 0.103274 
45.3 0.102752 
45.4 0.102235 
45.5 0.10172 
45.6 0.10121 
45.7 0.100703 
45.8 0.100199 
45.9 0.099699 
46 0.0992024 
46.1 0.0987091 
46.2 0.0982192 
46.3 0.0977326 
46.4 0.0972493 
46.5 0.0967693 
46.6 0.0962925 
46.7 0.0958189 
46.8 0.0953484 
46.9 0.094881 
47 0.0944166 
47.1 0.0939552 
47.2 0.0934967 
47.3 0.0930412 
47.4 0.0925885 
47.5 0.0921385 
47.6 0.0916913 
47.7 0.0912469 
47.8 0.090805 
47.9 0.0903658 
48 0.0899291 
48.1 0.089495 
48.2 0.0890634 
48.3 0.0886342 
48.4 0.0882074 
48.5 0.087783 
48.6 0.087361 
48.7 0.0869413 
48.8 0.0865239 
48.9 0.0861088 
49 0.085696 
49.1 0.0852854 
49.2 0.084877 
49.3 0.0844708 
49.4 0.0840669 
49.5 0.0836651 
49.6 0.0832655 
49.7 0.0828681 
49.8 0.0824728 
49.9 0.0820797 
50 0.0816887 
50.1 0.0812998 
50.2 0.0809131 
50.3 0.0805284 
50.4 0.0801458 
50.5 0.0797653 
50.6 0.0793869 
50.7 0.0790105 
50.8 0.0786361 
50.9 0.0782637 
51 0.0778933 
51.1 0.0775248 
51.2 0.0771583 
51.3 0.0767938 
51.4 0.0764311 
51.5 0.0760702 
51.6 0.0757113 
51.7 0.0753541 
51.8 0.0749987 
51.9 0.0746451 
52 0.0742932 
52.1 0.073943 
52.2 0.0735945 
52.3 0.0732476 
52.4 0.0729024 
52.5 0.0725587 
52.6 0.0722167 
52.7 0.0718761 
52.8 0.0715372 
52.9 0.0711997 
53 0.0708637 
53.1 0.0705292 
53.2 0.0701962 
53.3 0.0698646 
53.4 0.0695344 
53.5 0.0692056 
53.6 0.0688783 
53.7 0.0685524 
53.8 0.0682278 
53.9 0.0679046 
54 0.0675828 
54.1 0.0672624 
54.2 0.0669433 
54.3 0.0666256 
54.4 0.0663093 
54.5 0.0659943 
54.6 0.0656807 
54.7 0.0653684 
54.8 0.0650575 
54.9 0.0647479 
55 0.0644396 
55.1 0.0641327 
55.2 0.0638271 
55.3 0.0635229 
55.4 0.0632199 
55.5 0.0629183 
55.6 0.0626179 
55.7 0.0623189 
55.8 0.0620211 
55.9 0.0617246 
56 0.0614294 
56.1 0.0611355 
56.2 0.0608428 
56.3 0.0605513 
56.4 0.060261 
56.5 0.059972 
56.6 0.0596842 
56.7 0.0593975 
56.8 0.0591121 
56.9 0.0588278 
57 0.0585446 
57.1 0.0582627 
57.2 0.0579818 
57.3 0.0577021 
57.4 0.0574235 
57.5 0.057146 
57.6 0.0568697 
57.7 0.0565944 
57.8 0.0563202 
57.9 0.0560471 
58 0.0557751 
58.1 0.0555042 
58.2 0.0552344 
58.3 0.0549656 
58.4 0.054698 
58.5 0.0544313 
58.6 0.0541658 
58.7 0.0539014 
58.8 0.053638 
58.9 0.0533757 
59 0.0531145 
59.1 0.0528544 
59.2 0.0525953 
59.3 0.0523373 
59.4 0.0520804 
59.5 0.0518246 
59.6 0.0515699 
59.7 0.0513163 
59.8 0.0510637 
59.9 0.0508123 
60 0.0505619 
60.1 0.0503126 
60.2 0.0500644 
60.3 0.0498173 
60.4 0.0495713 
60.5 0.0493263 
60.6 0.0490825 
60.7 0.0488397 
60.8 0.048598 
60.9 0.0483574 
61 0.0481178 
61.1 0.0478794 
61.2 0.047642 
61.3 0.0474057 
61.4 0.0471705 
61.5 0.0469363 
61.6 0.0467033 
61.7 0.0464712 
61.8 0.0462403 
61.9 0.0460105 
62 0.0457817 
62.1 0.045554 
62.2 0.0453274 
62.3 0.0451018 
62.4 0.0448774 
62.5 0.044654 
62.6 0.0444317 
62.7 0.0442105 
62.8 0.0439904 
62.9 0.0437714 
63 0.0435535 
63.1 0.0433368 
63.2 0.0431211 
63.3 0.0429066 
63.4 0.0426931 
63.5 0.0424808 
63.6 0.0422697 
63.7 0.0420596 
63.8 0.0418508 
63.9 0.041643 
64 0.0414364 
64.1 0.041231 
64.2 0.0410267 
64.3 0.0408235 
64.4 0.0406216 
64.5 0.0404207 
64.6 0.0402211 
64.7 0.0400226 
64.8 0.0398253 
64.9 0.0396291 
65 0.0394342 
65.1 0.0392404 
65.2 0.0390477 
65.3 0.0388563 
65.4 0.038666 
65.5 0.0384769 
65.6 0.0382889 
65.7 0.0381022 
65.8 0.0379166 
65.9 0.0377322 
66 0.037549 
66.1 0.037367 
66.2 0.0371862 
66.3 0.0370065 
66.4 0.0368281 
66.5 0.0366508 
66.6 0.0364748 
66.7 0.0362999 
66.8 0.0361263 
66.9 0.0359539 
67 0.0357827 
67.1 0.0356127 
67.2 0.035444 
67.3 0.0352765 
67.4 0.0351102 
67.5 0.0349452 
67.6 0.0347815 
67.7 0.034619 
67.8 0.0344578 
67.9 0.0342979 
68 0.0341393 
68.1 0.0339819 
68.2 0.0338259 
68.3 0.0336712 
68.4 0.0335178 
68.5 0.0333657 
68.6 0.0332149 
68.7 0.0330654 
68.8 0.0329173 
68.9 0.0327705 
69 0.0326251 
69.1 0.032481 
69.2 0.0323382 
69.3 0.0321968 
69.4 0.0320567 
69.5 0.031918 
69.6 0.0317806 
69.7 0.0316446 
69.8 0.0315099 
69.9 0.0313766 
70 0.0312446 
70.1 0.0311139 
70.2 0.0309847 
70.3 0.0308567 
70.4 0.0307301 
70.5 0.0306048 
70.6 0.0304809 
70.7 0.0303583 
70.8 0.030237 
70.9 0.0301171 
71 0.0299985 
71.1 0.0298812 
71.2 0.0297653 
71.3 0.0296507 
71.4 0.0295374 
71.5 0.0294255 
71.6 0.0293149 
71.7 0.0292057 
71.8 0.0290978 
71.9 0.0289912 
72 0.028886 
72.1 0.0287821 
72.2 0.0286796 
72.3 0.0285785 
72.4 0.0284787 
72.5 0.0283803 
72.6 0.0282832 
72.7 0.0281875 
72.8 0.0280932 
72.9 0.0280003 
73 0.0279088 
73.1 0.0278187 
73.2 0.02773 
73.3 0.0276427 
73.4 0.0275568 
73.5 0.0274723 
73.6 0.0273892 
73.7 0.0273076 
73.8 0.0272273 
73.9 0.0271485 
74 0.0270711 
74.1 0.0269951 
74.2 0.0269206 
74.3 0.0268474 
74.4 0.0267757 
74.5 0.0267054 
74.6 0.0266365 
74.7 0.026569 
74.8 0.026503 
74.9 0.0264383 
75 0.026375 
75.1 0.0263131 
75.2 0.0262526 
75.3 0.0261935 
75.4 0.0261358 
75.5 0.0260794 
75.6 0.0260244 
75.7 0.0259707 
75.8 0.0259184 
75.9 0.0258675 
76 0.0258178 
76.1 0.0257695 
76.2 0.0257225 
76.3 0.0256769 
76.4 0.0256325 
76.5 0.0255895 
76.6 0.0255477 
76.7 0.0255073 
76.8 0.0254681 
76.9 0.0254302 
77 0.0253936 
77.1 0.0253583 
77.2 0.0253243 
77.3 0.0252915 
77.4 0.02526 
77.5 0.0252297 
77.6 0.0252008 
77.7 0.025173 
77.8 0.0251466 
77.9 0.0251214 
78 0.0250975 
78.1 0.0250748 
78.2 0.0250534 
78.3 0.0250332 
78.4 0.0250143 
78.5 0.0249966 
78.6 0.0249802 
78.7 0.0249651 
78.8 0.0249511 
78.9 0.0249385 
79 0.024927 
79.1 0.0249168 
79.2 0.0249079 
79.3 0.0249001 
79.4 0.0248936 
79.5 0.0248883 
79.6 0.0248842 
79.7 0.0248814 
79.8 0.0248797 
79.9 0.0248792 
80 0.0248799 
80.1 0.0248818 
80.2 0.0248848 
80.3 0.024889 
80.4 0.0248943 
80.5 0.0249008 
80.6 0.0249084 
80.7 0.0249171 
80.8 0.0249269 
80.9 0.0249378 
81 0.0249497 
81.1 0.0249628 
81.2 0.0249768 
81.3 0.024992 
81.4 0.0250081 
81.5 0.0250253 
81.6 0.0250435 
81.7 0.0250626 
81.8 0.0250828 
81.9 0.0251039 
82 0.025126 
82.1 0.025149 
82.2 0.0251729 
82.3 0.0251978 
82.4 0.0252236 
82.5 0.0252503 
82.6 0.0252778 
82.7 0.0253063 
82.8 0.0253356 
82.9 0.0253658 
83 0.0253968 
83.1 0.0254287 
83.2 0.0254614 
83.3 0.0254949 
83.4 0.0255293 
83.5 0.0255644 
83.6 0.0256004 
83.7 0.0256372 
83.8 0.0256747 
83.9 0.025713 
84 0.0257521 
84.1 0.0257919 
84.2 0.0258325 
84.3 0.0258738 
84.4 0.0259159 
84.5 0.0259587 
84.6 0.0260022 
84.7 0.0260464 
84.8 0.0260912 
84.9 0.0261368 
85 0.0261831 
85.1 0.02623 
85.2 0.0262775 
85.3 0.0263258 
85.4 0.0263746 
85.5 0.026424 
85.6 0.0264741 
85.7 0.0265247 
85.8 0.0265759 
85.9 0.0266277 
86 0.02668 
86.1 0.0267329 
86.2 0.0267863 
86.3 0.0268401 
86.4 0.0268945 
86.5 0.0269494 
86.6 0.0270047 
86.7 0.0270604 
86.8 0.0271166 
86.9 0.0271732 
87 0.0272302 
87.1 0.0272875 
87.2 0.0273453 
87.3 0.0274033 
87.4 0.0274617 
87.5 0.0275205 
87.6 0.0275795 
87.7 0.0276388 
87.8 0.0276984 
87.9 0.0277583 
88 0.0278184 
88.1 0.0278787 
88.2 0.0279392 
88.3 0.028 
88.4 0.0280609 
88.5 0.028122 
88.6 0.0281832 
88.7 0.0282446 
88.8 0.0283061 
88.9 0.0283678 
89 0.0284295 
89.1 0.0284914 
89.2 0.0285533 
89.3 0.0286152 
89.4 0.0286773 
89.5 0.0287393 
89.6 0.0288014 
89.7 0.0288635 
89.8 0.0289257 
89.9 0.0289878 
90 0.0290498 
90.1 0.0291119 
90.2 0.0291739 
90.3 0.0292358 
90.4 0.0292977 
90.5 0.0293595 
90.6 0.0294211 
90.7 0.0294827 
90.8 0.0295441 
90.9 0.0296054 
91 0.0296666 
91.1 0.0297276 
91.2 0.0297884 
91.3 0.029849 
91.4 0.0299094 
91.5 0.0299695 
91.6 0.0300295 
91.7 0.0300892 
91.8 0.0301486 
91.9 0.0302077 
92 0.0302666 
92.1 0.0303251 
92.2 0.0303833 
92.3 0.0304412 
92.4 0.0304987 
92.5 0.0305559 
92.6 0.0306127 
92.7 0.030669 
92.8 0.030725 
92.9 0.0307805 
93 0.0308356 
93.1 0.0308902 
93.2 0.0309444 
93.3 0.0309981 
93.4 0.0310512 
93.5 0.0311039 
93.6 0.031156 
93.7 0.0312076 
93.8 0.0312586 
93.9 0.0313091 
94 0.031359 
94.1 0.0314083 
94.2 0.0314569 
94.3 0.031505 
94.4 0.0315524 
94.5 0.0315992 
94.6 0.0316453 
94.7 0.0316907 
94.8 0.0317355 
94.9 0.0317796 
95 0.0318229 
95.1 0.0318655 
95.2 0.0319074 
95.3 0.0319486 
95.4 0.031989 
95.5 0.0320286 
95.6 0.0320675 
95.7 0.0321055 
95.8 0.0321428 
95.9 0.0321793 
96 0.0322149 
96.1 0.0322497 
96.2 0.0322836 
96.3 0.0323167 
96.4 0.032349 
96.5 0.0323803 
96.6 0.0324108 
96.7 0.0324404 
96.8 0.032469 
96.9 0.0324968 
97 0.0325236 
97.1 0.0325494 
97.2 0.0325744 
97.3 0.0325983 
97.4 0.0326213 
97.5 0.0326433 
97.6 0.0326643 
97.7 0.0326843 
97.8 0.0327033 
97.9 0.0327212 
98 0.0327382 
98.1 0.0327541 
98.2 0.0327689 
98.3 0.0327826 
98.4 0.0327953 
98.5 0.0328069 
98.6 0.0328175 
98.7 0.0328269 
98.8 0.0328352 
98.9 0.0328424 
99 0.0328484 
99.1 0.0328534 
99.2 0.0328571 
99.3 0.0328598 
99.4 0.0328612 
99.5 0.0328615 
99.6 0.0328607 
99.7 0.0328586 
99.8 0.0328554 
99.9 0.0328509 
100 0.0328453 
100.1 0.0328384 
100.2 0.0328304 
100.3 0.0328211 
100.4 0.0328106 
100.5 0.0327988 
100.6 0.0327858 
100.7 0.0327716 
100.8 0.0327561 
100.9 0.0327394 
101 0.0327214 
101.1 0.0327022 
101.2 0.0326816 
101.3 0.0326599 
101.4 0.0326368 
101.5 0.0326125 
101.6 0.0325868 
101.7 0.0325599 
101.8 0.0325317 
101.9 0.0325022 
102 0.0324714 
102.1 0.0324394 
102.2 0.032406 
102.3 0.0323712 
102.4 0.0323352 
102.5 0.0322979 
102.6 0.0322593 
102.7 0.0322193 
102.8 0.032178 
102.9 0.0321354 
103 0.0320914 
103.1 0.0320462 
103.2 0.0319996 
103.3 0.0319516 
103.4 0.0319024 
103.5 0.0318518 
103.6 0.0317998 
103.7 0.0317465 
103.8 0.0316919 
103.9 0.0316359 
104 0.0315786 
104.1 0.0315199 
104.2 0.0314599 
104.3 0.0313985 
104.4 0.0313358 
104.5 0.0312717 
104.6 0.0312063 
104.7 0.0311395 
104.8 0.0310714 
104.9 0.0310019 
105 0.0309311 
105.1 0.0308589 
105.2 0.0307854 
105.3 0.0307106 
105.4 0.0306344 
105.5 0.0305569 
105.6 0.030478 
105.7 0.0303978 
105.8 0.0303162 
105.9 0.0302334 
106 0.0301492 
106.1 0.0300636 
106.2 0.0299768 
106.3 0.0298887 
106.4 0.0297992 
106.5 0.0297084 
106.6 0.0296164 
106.7 0.029523 
106.8 0.0294283 
106.9 0.0293324 
107 0.0292352 
107.1 0.0291367 
107.2 0.0290369 
107.3 0.0289359 
107.4 0.0288337 
107.5 0.0287302 
107.6 0.0286254 
107.7 0.0285194 
107.8 0.0284122 
107.9 0.0283038 
108 0.0281942 
108.1 0.0280834 
108.2 0.0279714 
108.3 0.0278582 
108.4 0.0277438 
108.5 0.0276282 
108.6 0.0275115 
108.7 0.0273937 
108.8 0.0272747 
108.9 0.0271546 
109 0.0270334 
109.1 0.026911 
109.2 0.0267875 
109.3 0.026663 
109.4 0.0265374 
109.5 0.0264107 
109.6 0.0262829 
109.7 0.0261541 
109.8 0.0260242 
109.9 0.0258933 
110 0.0257613 
110.1 0.0256284 
110.2 0.0254944 
110.3 0.0253595 
110.4 0.0252235 
110.5 0.0250866 
110.6 0.0249488 
110.7 0.0248099 
110.8 0.0246702 
110.9 0.0245295 
111 0.0243879 
111.1 0.0242454 
111.2 0.024102 
111.3 0.0239577 
111.4 0.0238125 
111.5 0.0236665 
111.6 0.0235196 
111.7 0.023372 
111.8 0.0232234 
111.9 0.0230741 
112 0.022924 
112.1 0.0227731 
112.2 0.0226214 
112.3 0.022469 
112.4 0.0223159 
112.5 0.022162 
112.6 0.0220074 
112.7 0.0218521 
112.8 0.0216962 
112.9 0.0215396 
113 0.0213823 
113.1 0.0212244 
113.2 0.0210659 
113.3 0.0209068 
113.4 0.0207471 
113.5 0.0205868 
113.6 0.020426 
113.7 0.0202646 
113.8 0.0201028 
113.9 0.0199404 
114 0.0197776 
114.1 0.0196143 
114.2 0.0194505 
114.3 0.0192863 
114.4 0.0191218 
114.5 0.0189568 
114.6 0.0187915 
114.7 0.0186258 
114.8 0.0184597 
114.9 0.0182934 
115 0.0181268 
115.1 0.0179599 
115.2 0.0177928 
115.3 0.0176254 
115.4 0.0174578 
115.5 0.01729 
115.6 0.0171221 
115.7 0.0169539 
115.8 0.0167857 
115.9 0.0166174 
116 0.0164489 
116.1 0.0162804 
116.2 0.0161118 
116.3 0.0159433 
116.4 0.0157747 
116.5 0.0156061 
116.6 0.0154375 
116.7 0.015269 
116.8 0.0151006 
116.9 0.0149323 
117 0.0147641 
117.1 0.014596 
117.2 0.0144281 
117.3 0.0142604 
117.4 0.0140929 
117.5 0.0139256 
117.6 0.0137586 
117.7 0.0135918 
117.8 0.0134253 
117.9 0.0132591 
118 0.0130933 
118.1 0.0129278 
118.2 0.0127626 
118.3 0.0125979 
118.4 0.0124336 
118.5 0.0122697 
118.6 0.0121063 
118.7 0.0119434 
118.8 0.011781 
118.9 0.0116191 
119 0.0114578 
119.1 0.011297 
119.2 0.0111369 
119.3 0.0109773 
119.4 0.0108184 
119.5 0.0106602 
119.6 0.0105026 
119.7 0.0103458 
119.8 0.0101896 
119.9 0.0100343 
120 0.00987967 
120.1 0.00972588 
120.2 0.00957291 
120.3 0.00942079 
120.4 0.00926953 
120.5 0.00911917 
120.6 0.00896973 
120.7 0.00882122 
120.8 0.00867368 
120.9 0.00852713 
121 0.00838159 
121.1 0.00823708 
121.2 0.00809363 
121.3 0.00795127 
121.4 0.00781001 
121.5 0.00766989 
121.6 0.00753092 
121.7 0.00739313 
121.8 0.00725654 
121.9 0.00712119 
122 0.00698709 
122.1 0.00685427 
122.2 0.00672275 
122.3 0.00659255 
122.4 0.00646371 
122.5 0.00633625 
122.6 0.00621019 
122.7 0.00608556 
122.8 0.00596237 
122.9 0.00584067 
123 0.00572046 
123.1 0.00560178 
123.2 0.00548465 
123.3 0.0053691 
123.4 0.00525514 
123.5 0.00514281 
123.6 0.00503213 
123.7 0.00492313 
123.8 0.00481582 
123.9 0.00471023 
124 0.0046064 
124.1 0.00450433 
124.2 0.00440406 
124.3 0.00430562 
124.4 0.00420901 
124.5 0.00411428 
124.6 0.00402145 
124.7 0.00393053 
124.8 0.00384155 
124.9 0.00375454 
125 0.00366952 
125.1 0.00358652 
125.2 0.00350555 
125.3 0.00342664 
125.4 0.00334982 
125.5 0.00327511 
125.6 0.00320254 
125.7 0.00313211 
125.8 0.00306387 
125.9 0.00299783 
126 0.00293402 
126.1 0.00287245 
126.2 0.00281316 
126.3 0.00275616 
126.4 0.00270148 
126.5 0.00264914 
126.6 0.00259916 
126.7 0.00255157 
126.8 0.00250639 
126.9 0.00246363 
127 0.00242333 
127.1 0.00238551 
127.2 0.00235018 
127.3 0.00231737 
127.4 0.0022871 
127.5 0.00225939 
127.6 0.00223427 
127.7 0.00221175 
127.8 0.00219186 
127.9 0.00217462 
128 0.00216005 
128.1 0.00214817 
128.2 0.00213901 
128.3 0.00213258 
128.4 0.0021289 
128.5 0.002128 
128.6 0.0021299 
128.7 0.00213462 
128.8 0.00214217 
128.9 0.00215258 
129 0.00216587 
129.1 0.00218206 
129.2 0.00220117 
129.3 0.00222322 
129.4 0.00224822 
129.5 0.00227621 
129.6 0.0023072 
129.7 0.0023412 
129.8 0.00237824 
129.9 0.00241835 
130 0.00246152 
130.1 0.0025078 
130.2 0.00255718 
130.3 0.00260971 
130.4 0.00266538 
130.5 0.00272423 
130.6 0.00278626 
130.7 0.00285151 
130.8 0.00291997 
130.9 0.00299169 
131 0.00306666 
131.1 0.00314492 
131.2 0.00322647 
131.3 0.00331134 
131.4 0.00339954 
131.5 0.00349108 
131.6 0.003586 
131.7 0.00368429 
131.8 0.00378599 
131.9 0.0038911 
132 0.00399964 
132.1 0.00411163 
132.2 0.00422708 
132.3 0.00434601 
132.4 0.00446844 
132.5 0.00459437 
132.6 0.00472383 
132.7 0.00485683 
132.8 0.00499338 
132.9 0.00513351 
133 0.00527721 
133.1 0.00542451 
133.2 0.00557542 
133.3 0.00572996 
133.4 0.00588813 
133.5 0.00604996 
133.6 0.00621545 
133.7 0.00638461 
133.8 0.00655746 
133.9 0.00673402 
134 0.00691428 
134.1 0.00709828 
134.2 0.00728601 
134.3 0.00747748 
134.4 0.00767272 
134.5 0.00787173 
134.6 0.00807451 
134.7 0.00828109 
134.8 0.00849147 
134.9 0.00870567 
135 0.00892368 
135.1 0.00914552 
135.2 0.00937121 
135.3 0.00960075 
135.4 0.00983414 
135.5 0.0100714 
135.6 0.0103125 
135.7 0.0105576 
135.8 0.0108065 
135.9 0.0110593 
136 0.011316 
136.1 0.0115766 
136.2 0.0118412 
136.3 0.0121097 
136.4 0.0123821 
136.5 0.0126584 
136.6 0.0129388 
136.7 0.013223 
136.8 0.0135112 
136.9 0.0138034 
137 0.0140996 
137.1 0.0143997 
137.2 0.0147038 
137.3 0.0150119 
137.4 0.015324 
137.5 0.01564 
137.6 0.0159601 
137.7 0.0162841 
137.8 0.0166122 
137.9 0.0169443 
138 0.0172804 
138.1 0.0176205 
138.2 0.0179646 
138.3 0.0183127 
138.4 0.0186648 
138.5 0.019021 
138.6 0.0193811 
138.7 0.0197453 
138.8 0.0201136 
138.9 0.0204858 
139 0.0208621 
139.1 0.0212424 
139.2 0.0216267 
139.3 0.022015 
139.4 0.0224074 
139.5 0.0228038 
139.6 0.0232042 
139.7 0.0236086 
139.8 0.0240171 
139.9 0.0244295 
140 0.024846 
140.1 0.0252665 
140.2 0.025691 
140.3 0.0261195 
140.4 0.0265521 
140.5 0.0269886 
140.6 0.0274291 
140.7 0.0278736 
140.8 0.0283221 
140.9 0.0287746 
141 0.029231 
141.1 0.0296915 
141.2 0.0301559 
141.3 0.0306243 
141.4 0.0310966 
141.5 0.0315729 
141.6 0.0320532 
141.7 0.0325373 
141.8 0.0330255 
141.9 0.0335175 
142 0.0340135 
142.1 0.0345134 
142.2 0.0350171 
142.3 0.0355248 
142.4 0.0360364 
142.5 0.0365518 
142.6 0.0370712 
142.7 0.0375943 
142.8 0.0381214 
142.9 0.0386523 
143 0.039187 
143.1 0.0397255 
143.2 0.0402679 
143.3 0.040814 
143.4 0.0413639 
143.5 0.0419177 
143.6 0.0424751 
143.7 0.0430364 
143.8 0.0436014 
143.9 0.0441701 
144 0.0447425 
144.1 0.0453186 
144.2 0.0458984 
144.3 0.0464819 
144.4 0.0470691 
144.5 0.0476599 
144.6 0.0482544 
144.7 0.0488524 
144.8 0.0494541 
144.9 0.0500594 
145 0.0506682 
145.1 0.0512806 
145.2 0.0518965 
145.3 0.052516 
145.4 0.053139 
145.5 0.0537654 
145.6 0.0543954 
145.7 0.0550288 
145.8 0.0556656 
145.9 0.0563059 
146 0.0569495 
146.1 0.0575966 
146.2 0.058247 
146.3 0.0589008 
146.4 0.0595579 
146.5 0.0602183 
146.6 0.0608819 
146.7 0.0615489 
146.8 0.0622191 
146.9 0.0628926 
147 0.0635692 
147.1 0.064249 
147.2 0.064932 
147.3 0.0656182 
147.4 0.0663074 
147.5 0.0669998 
147.6 0.0676953 
147.7 0.0683938 
147.8 0.0690953 
147.9 0.0697998 
148 0.0705074 
148.1 0.0712179 
148.2 0.0719313 
148.3 0.0726476 
148.4 0.0733669 
148.5 0.074089 
148.6 0.074814 
148.7 0.0755417 
148.8 0.0762723 
148.9 0.0770056 
149 0.0777417 
149.1 0.0784805 
149.2 0.079222 
149.3 0.0799662 
149.4 0.0807129 
149.5 0.0814624 
149.6 0.0822143 
149.7 0.0829689 
149.8 0.083726 
149.9 0.0844856 
150 0.0852477 
150.1 0.0860122 
150.2 0.0867791 
150.3 0.0875485 
150.4 0.0883202 
150.5 0.0890942 
150.6 0.0898706 
150.7 0.0906492 
150.8 0.0914301 
150.9 0.0922132 
151 0.0929985 
151.1 0.0937859 
151.2 0.0945755 
151.3 0.0953672 
151.4 0.096161 
151.5 0.0969568 
151.6 0.0977546 
151.7 0.0985544 
151.8 0.0993562 
151.9 0.10016 
152 0.100965 
152.1 0.101773 
152.2 0.102582 
152.3 0.103393 
152.4 0.104206 
152.5 0.105021 
152.6 0.105837 
152.7 0.106655 
152.8 0.107474 
152.9 0.108295 
153 0.109118 
153.1 0.109942 
153.2 0.110768 
153.3 0.111595 
153.4 0.112424 
153.5 0.113254 
153.6 0.114086 
153.7 0.114918 
153.8 0.115752 
153.9 0.116588 
154 0.117424 
154.1 0.118262 
154.2 0.119101 
154.3 0.119941 
154.4 0.120782 
154.5 0.121624 
154.6 0.122468 
154.7 0.123312 
154.8 0.124157 
154.9 0.125003 
155 0.12585 
155.1 0.126698 
155.2 0.127547 
155.3 0.128396 
155.4 0.129246 
155.5 0.130097 
155.6 0.130949 
155.7 0.131801 
155.8 0.132654 
155.9 0.133507 
156 0.134361 
156.1 0.135215 
156.2 0.13607 
156.3 0.136925 
156.4 0.137781 
156.5 0.138637 
156.6 0.139493 
156.7 0.14035 
156.8 0.141206 
156.9 0.142063 
157 0.14292 
157.1 0.143777 
157.2 0.144635 
157.3 0.145492 
157.4 0.146349 
157.5 0.147207 
157.6 0.148064 
157.7 0.148921 
157.8 0.149778 
157.9 0.150634 
158 0.151491 
158.1 0.152347 
158.2 0.153203 
158.3 0.154059 
158.4 0.154914 
158.5 0.155769 
158.6 0.156623 
158.7 0.157477 
158.8 0.15833 
158.9 0.159183 
159 0.160035 
159.1 0.160886 
159.2 0.161737 
159.3 0.162587 
159.4 0.163437 
159.5 0.164285 
159.6 0.165133 
159.7 0.165979 
159.8 0.166825 
159.9 0.16767 
160 0.168514 
160.1 0.169357 
160.2 0.170198 
160.3 0.171039 
160.4 0.171879 
160.5 0.172717 
160.6 0.173554 
160.7 0.17439 
160.8 0.175224 
160.9 0.176057 
161 0.176889 
161.1 0.177719 
161.2 0.178548 
161.3 0.179375 
161.4 0.180201 
161.5 0.181025 
161.6 0.181848 
161.7 0.182669 
161.8 0.183488 
161.9 0.184305 
162 0.185121 
162.1 0.185935 
162.2 0.186747 
162.3 0.187557 
162.4 0.188365 
162.5 0.189171 
162.6 0.189975 
162.7 0.190777 
162.8 0.191578 
162.9 0.192375 
163 0.193171 
163.1 0.193965 
163.2 0.194756 
163.3 0.195545 
163.4 0.196332 
163.5 0.197116 
163.6 0.197898 
163.7 0.198678 
163.8 0.199455 
163.9 0.20023 
164 0.201002 
164.1 0.201771 
164.2 0.202538 
164.3 0.203302 
164.4 0.204064 
164.5 0.204822 
164.6 0.205579 
164.7 0.206332 
164.8 0.207082 
164.9 0.20783 
165 0.208574 
165.1 0.209316 
165.2 0.210055 
165.3 0.21079 
165.4 0.211523 
165.5 0.212252 
165.6 0.212979 
165.7 0.213702 
165.8 0.214422 
165.9 0.215139 
166 0.215853 
166.1 0.216563 
166.2 0.21727 
166.3 0.217973 
166.4 0.218673 
166.5 0.21937 
166.6 0.220063 
166.7 0.220753 
166.8 0.221439 
166.9 0.222122 
167 0.222801 
167.1 0.223476 
167.2 0.224148 
167.3 0.224816 
167.4 0.22548 
167.5 0.22614 
167.6 0.226797 
167.7 0.22745 
167.8 0.228099 
167.9 0.228743 
168 0.229385 
168.1 0.230022 
168.2 0.230655 
168.3 0.231284 
168.4 0.231909 
168.5 0.23253 
168.6 0.233146 
168.7 0.233759 
168.8 0.234367 
168.9 0.234972 
169 0.235571 
169.1 0.236167 
169.2 0.236758 
169.3 0.237345 
169.4 0.237928 
169.5 0.238506 
169.6 0.23908 
169.7 0.23965 
169.8 0.240214 
169.9 0.240775 
170 0.241331 
170.1 0.241882 
170.2 0.242428 
170.3 0.242971 
170.4 0.243508 
170.5 0.244041 
170.6 0.244569 
170.7 0.245092 
170.8 0.24561 
170.9 0.246124 
171 0.246633 
171.1 0.247137 
171.2 0.247636 
171.3 0.248131 
171.4 0.24862 
171.5 0.249105 
171.6 0.249584 
171.7 0.250059 
171.8 0.250528 
171.9 0.250993 
172 0.251452 
172.1 0.251907 
172.2 0.252356 
172.3 0.2528 
172.4 0.253239 
172.5 0.253673 
172.6 0.254102 
172.7 0.254525 
172.8 0.254943 
172.9 0.255356 
173 0.255764 
173.1 0.256166 
173.2 0.256563 
173.3 0.256955 
173.4 0.257341 
173.5 0.257722 
173.6 0.258098 
173.7 0.258468 
173.8 0.258833 
173.9 0.259192 
174 0.259546 
174.1 0.259894 
174.2 0.260237 
174.3 0.260574 
174.4 0.260906 
174.5 0.261232 
174.6 0.261553 
174.7 0.261868 
174.8 0.262178 
174.9 0.262481 
175 0.262779 
175.1 0.263072 
175.2 0.263359 
175.3 0.26364 
175.4 0.263915 
175.5 0.264185 
175.6 0.264449 
175.7 0.264708 
175.8 0.26496 
175.9 0.265207 
176 0.265448 
176.1 0.265683 
176.2 0.265912 
176.3 0.266136 
176.4 0.266354 
176.5 0.266566 
176.6 0.266772 
176.7 0.266972 
176.8 0.267166 
176.9 0.267355 
177 0.267538 
177.1 0.267714 
177.2 0.267885 
177.3 0.26805 
177.4 0.268209 
177.5 0.268362 
177.6 0.268509 
177.7 0.26865 
177.8 0.268785 
177.9 0.268915 
178 0.269038 
178.1 0.269155 
178.2 0.269266 
178.3 0.269372 
178.4 0.269471 
178.5 0.269564 
178.6 0.269652 
178.7 0.269733 
178.8 0.269808 
178.9 0.269878 
179 0.269941 
179.1 0.269998 
179.2 0.27005 
179.3 0.270095 
179.4 0.270134 
179.5 0.270167 
179.6 0.270194 
179.7 0.270216 
179.8 0.270231 
