0.1 92.1663 
0.2 92.0227 
0.3 91.7845 
0.4 91.4529 
0.5 91.0291 
0.6 90.5148 
0.7 89.9119 
0.8 89.2228 
0.9 88.4502 
1 87.5969 
1.1 86.6661 
1.2 85.6613 
1.3 84.5861 
1.4 83.4445 
1.5 82.2405 
1.6 80.9782 
1.7 79.662 
1.8 78.2963 
1.9 76.8856 
2 75.4344 
2.1 73.9473 
2.2 72.4286 
2.3 70.8831 
2.4 69.315 
2.5 67.7287 
2.6 66.1286 
2.7 64.5186 
2.8 62.9029 
2.9 61.2852 
3 59.6692 
3.1 58.0584 
3.2 56.4562 
3.3 54.8655 
3.4 53.2894 
3.5 51.7305 
3.6 50.1913 
3.7 48.674 
3.8 47.1808 
3.9 45.7135 
4 44.2736 
4.1 42.8628 
4.2 41.4821 
4.3 40.1326 
4.4 38.8153 
4.5 37.5308 
4.6 36.2797 
4.7 35.0623 
4.8 33.8789 
4.9 32.7296 
5 31.6143 
5.1 30.5329 
5.2 29.4853 
5.3 28.4709 
5.4 27.4895 
5.5 26.5405 
5.6 25.6234 
5.7 24.7375 
5.8 23.8822 
5.9 23.0568 
6 22.2606 
6.1 21.4928 
6.2 20.7526 
6.3 20.0393 
6.4 19.3519 
6.5 18.6898 
6.6 18.0521 
6.7 17.4381 
6.8 16.8468 
6.9 16.2777 
7 15.7298 
7.1 15.2024 
7.2 14.6948 
7.3 14.2062 
7.4 13.7361 
7.5 13.2836 
7.6 12.8482 
7.7 12.4291 
7.8 12.0258 
7.9 11.6376 
8 11.2641 
8.1 10.9046 
8.2 10.5585 
8.3 10.2254 
8.4 9.90481 
8.5 9.59616 
8.6 9.29903 
8.7 9.01295 
8.8 8.7375 
8.9 8.47225 
9 8.21681 
9.1 7.97079 
9.2 7.7338 
9.3 7.5055 
9.4 7.28554 
9.5 7.07357 
9.6 6.86928 
9.7 6.67236 
9.8 6.48251 
9.9 6.29944 
10 6.12288 
10.1 5.95257 
10.2 5.78823 
10.3 5.62965 
10.4 5.47657 
10.5 5.32877 
10.6 5.18604 
10.7 5.04817 
10.8 4.91496 
10.9 4.78623 
11 4.66179 
11.1 4.54147 
11.2 4.42511 
11.3 4.31255 
11.4 4.20363 
11.5 4.09822 
11.6 3.99618 
11.7 3.89738 
11.8 3.80169 
11.9 3.709 
12 3.61919 
12.1 3.53216 
12.2 3.4478 
12.3 3.36602 
12.4 3.28672 
12.5 3.2098 
12.6 3.13519 
12.7 3.06281 
12.8 2.99257 
12.9 2.92439 
13 2.85822 
13.1 2.79396 
13.2 2.73157 
13.3 2.67097 
13.4 2.6121 
13.5 2.55491 
13.6 2.49933 
13.7 2.4453 
13.8 2.39279 
13.9 2.34172 
14 2.29206 
14.1 2.24375 
14.2 2.19676 
14.3 2.15102 
14.4 2.10651 
14.5 2.06318 
14.6 2.02099 
14.7 1.9799 
14.8 1.93988 
14.9 1.90089 
15 1.86289 
15.1 1.82587 
15.2 1.78977 
15.3 1.75459 
15.4 1.72028 
15.5 1.68682 
15.6 1.65419 
15.7 1.62235 
15.8 1.5913 
15.9 1.561 
16 1.53144 
16.1 1.50259 
16.2 1.47444 
16.3 1.44696 
16.4 1.42014 
16.5 1.39396 
16.6 1.36841 
16.7 1.34346 
16.8 1.31911 
16.9 1.29534 
17 1.27213 
17.1 1.24946 
17.2 1.22734 
17.3 1.20573 
17.4 1.18463 
17.5 1.16402 
17.6 1.1439 
17.7 1.12425 
17.8 1.10505 
17.9 1.08629 
18 1.06797 
18.1 1.05007 
18.2 1.03257 
18.3 1.01547 
18.4 0.998762 
18.5 0.982424 
18.6 0.96645 
18.7 0.950829 
18.8 0.935552 
18.9 0.920608 
19 0.905987 
19.1 0.891682 
19.2 0.877682 
19.3 0.86398 
19.4 0.850567 
19.5 0.837435 
19.6 0.824577 
19.7 0.811986 
19.8 0.799655 
19.9 0.787577 
20 0.775747 
20.1 0.764158 
20.2 0.752805 
20.3 0.741683 
20.4 0.730786 
20.5 0.72011 
20.6 0.70965 
20.7 0.699402 
20.8 0.689361 
20.9 0.679523 
21 0.669885 
21.1 0.660442 
21.2 0.651191 
21.3 0.642127 
21.4 0.633248 
21.5 0.624549 
21.6 0.616027 
21.7 0.607678 
21.8 0.599499 
21.9 0.591485 
22 0.583634 
22.1 0.575942 
22.2 0.568404 
22.3 0.561018 
22.4 0.55378 
22.5 0.546685 
22.6 0.539732 
22.7 0.532915 
22.8 0.526231 
22.9 0.519677 
23 0.513249 
23.1 0.506944 
23.2 0.500759 
23.3 0.49469 
23.4 0.488734 
23.5 0.482888 
23.6 0.47715 
23.7 0.471515 
23.8 0.465982 
23.9 0.460547 
24 0.45521 
24.1 0.449966 
24.2 0.444813 
24.3 0.439751 
24.4 0.434776 
24.5 0.429887 
24.6 0.425082 
24.7 0.420359 
24.8 0.415716 
24.9 0.411153 
25 0.406668 
25.1 0.402259 
25.2 0.397925 
25.3 0.393664 
25.4 0.389477 
25.5 0.385361 
25.6 0.381315 
25.7 0.377339 
25.8 0.37343 
25.9 0.369589 
26 0.365813 
26.1 0.362102 
26.2 0.358455 
26.3 0.35487 
26.4 0.351346 
26.5 0.347882 
26.6 0.344477 
26.7 0.34113 
26.8 0.337839 
26.9 0.334603 
27 0.331421 
27.1 0.328292 
27.2 0.325215 
27.3 0.322187 
27.4 0.319209 
27.5 0.316278 
27.6 0.313394 
27.7 0.310555 
27.8 0.307761 
27.9 0.30501 
28 0.3023 
28.1 0.299632 
28.2 0.297004 
28.3 0.294415 
28.4 0.291864 
28.5 0.28935 
28.6 0.286873 
28.7 0.284432 
28.8 0.282025 
28.9 0.279653 
29 0.277314 
29.1 0.275008 
29.2 0.272735 
29.3 0.270493 
29.4 0.268283 
29.5 0.266103 
29.6 0.263954 
29.7 0.261835 
29.8 0.259745 
29.9 0.257684 
30 0.255652 
30.1 0.253648 
30.2 0.251672 
30.3 0.249723 
30.4 0.247801 
30.5 0.245905 
30.6 0.244036 
30.7 0.242192 
30.8 0.240374 
30.9 0.23858 
31 0.23681 
31.1 0.235065 
31.2 0.233342 
31.3 0.231643 
31.4 0.229966 
31.5 0.228312 
31.6 0.226679 
31.7 0.225067 
31.8 0.223475 
31.9 0.221904 
32 0.220353 
32.1 0.218821 
32.2 0.217308 
32.3 0.215814 
32.4 0.214337 
32.5 0.212879 
32.6 0.211438 
32.7 0.210014 
32.8 0.208606 
32.9 0.207215 
33 0.20584 
33.1 0.204481 
33.2 0.203137 
33.3 0.201808 
33.4 0.200494 
33.5 0.199195 
33.6 0.197911 
33.7 0.19664 
33.8 0.195383 
33.9 0.194141 
34 0.192911 
34.1 0.191695 
34.2 0.190492 
34.3 0.189302 
34.4 0.188124 
34.5 0.186959 
34.6 0.185806 
34.7 0.184665 
34.8 0.183536 
34.9 0.182419 
35 0.181312 
35.1 0.180217 
35.2 0.179133 
35.3 0.178059 
35.4 0.176996 
35.5 0.175943 
35.6 0.1749 
35.7 0.173867 
35.8 0.172843 
35.9 0.171829 
36 0.170824 
36.1 0.169827 
36.2 0.16884 
36.3 0.167861 
36.4 0.166891 
36.5 0.165928 
36.6 0.164974 
36.7 0.164028 
36.8 0.16309 
36.9 0.162159 
37 0.161236 
37.1 0.16032 
37.2 0.159411 
37.3 0.15851 
37.4 0.157616 
37.5 0.156728 
37.6 0.155848 
37.7 0.154974 
37.8 0.154107 
37.9 0.153247 
38 0.152393 
38.1 0.151545 
38.2 0.150704 
38.3 0.149869 
38.4 0.14904 
38.5 0.148217 
38.6 0.1474 
38.7 0.146589 
38.8 0.145783 
38.9 0.144983 
39 0.144188 
39.1 0.143399 
39.2 0.142614 
39.3 0.141835 
39.4 0.141061 
39.5 0.140291 
39.6 0.139526 
39.7 0.138765 
39.8 0.138009 
39.9 0.137257 
40 0.136509 
40.1 0.135764 
40.2 0.135024 
40.3 0.134287 
40.4 0.133554 
40.5 0.132824 
40.6 0.132097 
40.7 0.131374 
40.8 0.130654 
40.9 0.129937 
41 0.129223 
41.1 0.128512 
41.2 0.127804 
41.3 0.127099 
41.4 0.126396 
41.5 0.125697 
41.6 0.125 
41.7 0.124306 
41.8 0.123615 
41.9 0.122927 
42 0.122241 
42.1 0.121559 
42.2 0.120879 
42.3 0.120202 
42.4 0.119527 
42.5 0.118855 
42.6 0.118186 
42.7 0.11752 
42.8 0.116857 
42.9 0.116196 
43 0.115538 
43.1 0.114883 
43.2 0.11423 
43.3 0.11358 
43.4 0.112932 
43.5 0.112287 
43.6 0.111644 
43.7 0.111004 
43.8 0.110366 
43.9 0.10973 
44 0.109097 
44.1 0.108465 
44.2 0.107835 
44.3 0.107208 
44.4 0.106582 
44.5 0.105958 
44.6 0.105336 
44.7 0.104715 
44.8 0.104096 
44.9 0.103479 
45 0.102862 
45.1 0.102248 
45.2 0.101635 
45.3 0.101023 
45.4 0.100412 
45.5 0.0998029 
45.6 0.0991949 
45.7 0.0985883 
45.8 0.0979829 
45.9 0.0973789 
46 0.0967761 
46.1 0.0961748 
46.2 0.0955748 
46.3 0.0949762 
46.4 0.0943791 
46.5 0.0937834 
46.6 0.0931894 
46.7 0.0925969 
46.8 0.092006 
46.9 0.0914168 
47 0.0908294 
47.1 0.0902437 
47.2 0.0896598 
47.3 0.0890779 
47.4 0.0884978 
47.5 0.0879196 
47.6 0.0873434 
47.7 0.0867692 
47.8 0.086197 
47.9 0.0856269 
48 0.0850587 
48.1 0.0844927 
48.2 0.0839286 
48.3 0.0833666 
48.4 0.0828067 
48.5 0.0822487 
48.6 0.0816928 
48.7 0.0811389 
48.8 0.0805869 
48.9 0.0800369 
49 0.0794889 
49.1 0.0789427 
49.2 0.0783985 
49.3 0.0778561 
49.4 0.0773156 
49.5 0.0767769 
49.6 0.0762401 
49.7 0.0757051 
49.8 0.0751719 
49.9 0.0746405 
50 0.074111 
50.1 0.0735833 
50.2 0.0730575 
50.3 0.0725335 
50.4 0.0720114 
50.5 0.0714912 
50.6 0.070973 
50.7 0.0704568 
50.8 0.0699427 
50.9 0.0694306 
51 0.0689207 
51.1 0.068413 
51.2 0.0679075 
51.3 0.0674044 
51.4 0.0669036 
51.5 0.0664053 
51.6 0.0659095 
51.7 0.0654162 
51.8 0.0649256 
51.9 0.0644376 
52 0.0639523 
52.1 0.0634699 
52.2 0.0629903 
52.3 0.0625136 
52.4 0.0620399 
52.5 0.0615691 
52.6 0.0611014 
52.7 0.0606367 
52.8 0.0601752 
52.9 0.0597168 
53 0.0592615 
53.1 0.0588094 
53.2 0.0583605 
53.3 0.0579149 
53.4 0.0574724 
53.5 0.0570333 
53.6 0.0565973 
53.7 0.0561647 
53.8 0.0557353 
53.9 0.0553092 
54 0.0548864 
54.1 0.054467 
54.2 0.0540508 
54.3 0.0536379 
54.4 0.0532284 
54.5 0.0528222 
54.6 0.0524194 
54.7 0.05202 
54.8 0.0516239 
54.9 0.0512313 
55 0.0508421 
55.1 0.0504564 
55.2 0.0500741 
55.3 0.0496954 
55.4 0.0493202 
55.5 0.0489486 
55.6 0.0485807 
55.7 0.0482164 
55.8 0.0478558 
55.9 0.047499 
56 0.0471459 
56.1 0.0467967 
56.2 0.0464513 
56.3 0.0461099 
56.4 0.0457725 
56.5 0.045439 
56.6 0.0451096 
56.7 0.0447843 
56.8 0.0444632 
56.9 0.0441462 
57 0.0438334 
57.1 0.0435248 
57.2 0.0432206 
57.3 0.0429206 
57.4 0.042625 
57.5 0.0423338 
57.6 0.0420469 
57.7 0.0417645 
57.8 0.0414864 
57.9 0.0412129 
58 0.0409438 
58.1 0.0406792 
58.2 0.040419 
58.3 0.0401634 
58.4 0.0399123 
58.5 0.0396657 
58.6 0.0394236 
58.7 0.0391861 
58.8 0.0389531 
58.9 0.0387246 
59 0.0385007 
59.1 0.0382813 
59.2 0.0380664 
59.3 0.0378561 
59.4 0.0376503 
59.5 0.0374491 
59.6 0.0372525 
59.7 0.0370604 
59.8 0.0368729 
59.9 0.03669 
60 0.0365116 
60.1 0.0363378 
60.2 0.0361686 
60.3 0.036004 
60.4 0.035844 
60.5 0.0356887 
60.6 0.0355379 
60.7 0.0353918 
60.8 0.0352503 
60.9 0.0351134 
61 0.0349812 
61.1 0.0348536 
61.2 0.0347307 
61.3 0.0346124 
61.4 0.0344988 
61.5 0.0343899 
61.6 0.0342856 
61.7 0.034186 
61.8 0.034091 
61.9 0.0340007 
62 0.0339151 
62.1 0.0338341 
62.2 0.0337577 
62.3 0.033686 
62.4 0.0336189 
62.5 0.0335564 
62.6 0.0334984 
62.7 0.0334451 
62.8 0.0333963 
62.9 0.0333521 
63 0.0333124 
63.1 0.0332772 
63.2 0.0332465 
63.3 0.0332202 
63.4 0.0331984 
63.5 0.033181 
63.6 0.033168 
63.7 0.0331594 
63.8 0.0331552 
63.9 0.0331552 
64 0.0331596 
64.1 0.0331682 
64.2 0.0331811 
64.3 0.0331982 
64.4 0.0332195 
64.5 0.033245 
64.6 0.0332746 
64.7 0.0333084 
64.8 0.0333462 
64.9 0.0333881 
65 0.033434 
65.1 0.0334839 
65.2 0.0335378 
65.3 0.0335957 
65.4 0.0336574 
65.5 0.0337231 
65.6 0.0337926 
65.7 0.0338659 
65.8 0.0339429 
65.9 0.0340238 
66 0.0341083 
66.1 0.0341965 
66.2 0.0342883 
66.3 0.0343837 
66.4 0.0344827 
66.5 0.0345852 
66.6 0.0346911 
66.7 0.0348004 
66.8 0.0349131 
66.9 0.0350292 
67 0.0351484 
67.1 0.035271 
67.2 0.0353966 
67.3 0.0355254 
67.4 0.0356573 
67.5 0.0357922 
67.6 0.03593 
67.7 0.0360707 
67.8 0.0362143 
67.9 0.0363606 
68 0.0365097 
68.1 0.0366615 
68.2 0.0368159 
68.3 0.0369728 
68.4 0.0371323 
68.5 0.0372942 
68.6 0.0374585 
68.7 0.0376252 
68.8 0.0377941 
68.9 0.0379653 
69 0.0381386 
69.1 0.038314 
69.2 0.0384916 
69.3 0.0386711 
69.4 0.0388526 
69.5 0.0390359 
69.6 0.0392211 
69.7 0.0394082 
69.8 0.0395969 
69.9 0.0397873 
70 0.0399794 
70.1 0.040173 
70.2 0.0403682 
70.3 0.0405647 
70.4 0.0407627 
70.5 0.0409621 
70.6 0.0411627 
70.7 0.0413646 
70.8 0.0415676 
70.9 0.0417717 
71 0.0419769 
71.1 0.042183 
71.2 0.0423901 
71.3 0.042598 
71.4 0.0428067 
71.5 0.0430161 
71.6 0.0432262 
71.7 0.0434368 
71.8 0.0436479 
71.9 0.0438595 
72 0.0440715 
72.1 0.0442837 
72.2 0.0444962 
72.3 0.0447088 
72.4 0.0449215 
72.5 0.0451342 
72.6 0.0453468 
72.7 0.0455593 
72.8 0.0457715 
72.9 0.0459834 
73 0.046195 
73.1 0.0464061 
73.2 0.0466167 
73.3 0.0468267 
73.4 0.0470361 
73.5 0.0472447 
73.6 0.0474525 
73.7 0.0476594 
73.8 0.0478654 
73.9 0.0480704 
74 0.0482743 
74.1 0.048477 
74.2 0.0486786 
74.3 0.0488788 
74.4 0.0490778 
74.5 0.0492753 
74.6 0.0494714 
74.7 0.049666 
74.8 0.0498591 
74.9 0.0500504 
75 0.0502401 
75.1 0.0504281 
75.2 0.0506143 
75.3 0.0507986 
75.4 0.050981 
75.5 0.0511614 
75.6 0.0513399 
75.7 0.0515162 
75.8 0.0516905 
75.9 0.0518625 
76 0.0520323 
76.1 0.0521999 
76.2 0.0523651 
76.3 0.0525279 
76.4 0.0526882 
76.5 0.0528461 
76.6 0.0530013 
76.7 0.053154 
76.8 0.053304 
76.9 0.0534512 
77 0.0535956 
77.1 0.0537372 
77.2 0.0538759 
77.3 0.0540117 
77.4 0.0541444 
77.5 0.054274 
77.6 0.0544005 
77.7 0.0545238 
77.8 0.0546438 
77.9 0.0547605 
78 0.0548739 
78.1 0.0549838 
78.2 0.0550902 
78.3 0.0551932 
78.4 0.0552925 
78.5 0.0553882 
78.6 0.0554802 
78.7 0.0555684 
78.8 0.0556529 
78.9 0.0557335 
79 0.0558102 
79.1 0.055883 
79.2 0.0559518 
79.3 0.0560166 
79.4 0.0560774 
79.5 0.056134 
79.6 0.0561866 
79.7 0.0562349 
79.8 0.0562791 
79.9 0.056319 
80 0.0563547 
80.1 0.0563861 
80.2 0.0564132 
80.3 0.0564359 
80.4 0.0564543 
80.5 0.0564683 
80.6 0.0564779 
80.7 0.056483 
80.8 0.0564837 
80.9 0.05648 
81 0.0564718 
81.1 0.056459 
81.2 0.0564418 
81.3 0.05642 
81.4 0.0563937 
81.5 0.0563629 
81.6 0.0563275 
81.7 0.0562875 
81.8 0.056243 
81.9 0.0561938 
82 0.05614 
82.1 0.0560817 
82.2 0.0560187 
82.3 0.055951 
82.4 0.0558788 
82.5 0.0558019 
82.6 0.0557203 
82.7 0.055634 
82.8 0.0555431 
82.9 0.0554475 
83 0.0553472 
83.1 0.0552423 
83.2 0.0551326 
83.3 0.0550182 
83.4 0.0548992 
83.5 0.0547754 
83.6 0.0546469 
83.7 0.0545137 
83.8 0.0543758 
83.9 0.0542331 
84 0.0540858 
84.1 0.0539337 
84.2 0.053777 
84.3 0.0536156 
84.4 0.0534494 
84.5 0.0532786 
84.6 0.0531031 
84.7 0.052923 
84.8 0.0527382 
84.9 0.0525488 
85 0.0523548 
85.1 0.0521561 
85.2 0.051953 
85.3 0.0517452 
85.4 0.0515329 
85.5 0.0513162 
85.6 0.0510949 
85.7 0.0508692 
85.8 0.0506391 
85.9 0.0504046 
86 0.0501657 
86.1 0.0499226 
86.2 0.0496751 
86.3 0.0494234 
86.4 0.0491675 
86.5 0.0489075 
86.6 0.0486433 
86.7 0.0483751 
86.8 0.0481028 
86.9 0.0478265 
87 0.0475463 
87.1 0.0472622 
87.2 0.0469742 
87.3 0.0466825 
87.4 0.046387 
87.5 0.0460878 
87.6 0.0457849 
87.7 0.0454785 
87.8 0.0451685 
87.9 0.044855 
88 0.0445381 
88.1 0.0442178 
88.2 0.0438941 
88.3 0.0435672 
88.4 0.0432371 
88.5 0.0429038 
88.6 0.0425674 
88.7 0.0422279 
88.8 0.0418855 
88.9 0.0415401 
89 0.0411918 
89.1 0.0408407 
89.2 0.0404868 
89.3 0.0401302 
89.4 0.039771 
89.5 0.0394092 
89.6 0.0390449 
89.7 0.0386781 
89.8 0.0383089 
89.9 0.0379374 
90 0.0375636 
90.1 0.0371877 
90.2 0.0368095 
90.3 0.0364293 
90.4 0.0360471 
90.5 0.035663 
90.6 0.035277 
90.7 0.0348893 
90.8 0.0344998 
90.9 0.0341086 
91 0.0337159 
91.1 0.0333217 
91.2 0.0329261 
91.3 0.0325291 
91.4 0.0321308 
91.5 0.0317314 
91.6 0.0313308 
91.7 0.0309293 
91.8 0.0305268 
91.9 0.0301234 
92 0.0297192 
92.1 0.0293143 
92.2 0.0289089 
92.3 0.0285029 
92.4 0.0280964 
92.5 0.0276896 
92.6 0.0272826 
92.7 0.0268753 
92.8 0.026468 
92.9 0.0260606 
93 0.0256533 
93.1 0.0252463 
93.2 0.0248394 
93.3 0.0244329 
93.4 0.0240269 
93.5 0.0236214 
93.6 0.0232165 
93.7 0.0228123 
93.8 0.0224089 
93.9 0.0220064 
94 0.0216049 
94.1 0.0212045 
94.2 0.0208052 
94.3 0.0204071 
94.4 0.0200104 
94.5 0.0196151 
94.6 0.0192214 
94.7 0.0188292 
94.8 0.0184387 
94.9 0.01805 
95 0.0176632 
95.1 0.0172783 
95.2 0.0168955 
95.3 0.0165148 
95.4 0.0161363 
95.5 0.0157601 
95.6 0.0153863 
95.7 0.015015 
95.8 0.0146463 
95.9 0.0142802 
96 0.0139168 
96.1 0.0135563 
96.2 0.0131987 
96.3 0.012844 
96.4 0.0124925 
96.5 0.0121441 
96.6 0.011799 
96.7 0.0114571 
96.8 0.0111188 
96.9 0.0107839 
97 0.0104526 
97.1 0.010125 
97.2 0.0098011 
97.3 0.00948107 
97.4 0.00916496 
97.5 0.00885286 
97.6 0.00854484 
97.7 0.00824099 
97.8 0.00794139 
97.9 0.00764613 
98 0.00735528 
98.1 0.00706892 
98.2 0.00678714 
98.3 0.00651001 
98.4 0.00623762 
98.5 0.00597003 
98.6 0.00570734 
98.7 0.00544961 
98.8 0.00519693 
98.9 0.00494937 
99 0.00470701 
99.1 0.00446991 
99.2 0.00423816 
99.3 0.00401183 
99.4 0.00379099 
99.5 0.00357572 
99.6 0.00336607 
99.7 0.00316213 
99.8 0.00296396 
99.9 0.00277163 
100 0.0025852 
100.1 0.00240475 
100.2 0.00223034 
100.3 0.00206203 
100.4 0.00189988 
100.5 0.00174396 
100.6 0.00159432 
100.7 0.00145103 
100.8 0.00131415 
100.9 0.00118373 
101 0.00105983 
101.1 0.000942509 
101.2 0.000831814 
101.3 0.000727802 
101.4 0.000630523 
101.5 0.00054003 
101.6 0.000456372 
101.7 0.000379596 
101.8 0.000309752 
101.9 0.000246884 
102 0.000191038 
102.1 0.000142257 
102.2 0.000100586 
102.3 6.60639e-05 
102.4 3.87327e-05 
102.5 1.8631e-05 
102.6 5.79714e-06 
102.7 2.67819e-07 
102.8 2.07875e-06 
102.9 1.12644e-05 
103 2.78581e-05 
103.1 5.18919e-05 
103.2 8.33966e-05 
103.3 0.000122402 
103.4 0.000168936 
103.5 0.000223027 
103.6 0.0002847 
103.7 0.000353979 
103.8 0.000430888 
103.9 0.00051545 
104 0.000607685 
104.1 0.000707612 
104.2 0.00081525 
104.3 0.000930615 
104.4 0.00105372 
104.5 0.00118459 
104.6 0.00132322 
104.7 0.00146964 
104.8 0.00162385 
104.9 0.00178585 
105 0.00195567 
105.1 0.00213329 
105.2 0.00231873 
105.3 0.00251199 
105.4 0.00271307 
105.5 0.00292197 
105.6 0.00313869 
105.7 0.00336322 
105.8 0.00359556 
105.9 0.00383571 
106 0.00408365 
106.1 0.00433937 
106.2 0.00460287 
106.3 0.00487413 
106.4 0.00515314 
106.5 0.00543988 
106.6 0.00573433 
106.7 0.00603648 
106.8 0.00634631 
106.9 0.00666379 
107 0.0069889 
107.1 0.00732161 
107.2 0.0076619 
107.3 0.00800974 
107.4 0.00836509 
107.5 0.00872794 
107.6 0.00909824 
107.7 0.00947597 
107.8 0.00986108 
107.9 0.0102535 
108 0.0106533 
108.1 0.0110603 
108.2 0.0114746 
108.3 0.0118961 
108.4 0.0123246 
108.5 0.0127603 
108.6 0.0132031 
108.7 0.0136528 
108.8 0.0141095 
108.9 0.014573 
109 0.0150434 
109.1 0.0155207 
109.2 0.0160046 
109.3 0.0164952 
109.4 0.0169924 
109.5 0.0174962 
109.6 0.0180065 
109.7 0.0185233 
109.8 0.0190464 
109.9 0.0195758 
110 0.0201114 
110.1 0.0206533 
110.2 0.0212012 
110.3 0.0217552 
110.4 0.0223151 
110.5 0.022881 
110.6 0.0234526 
110.7 0.0240301 
110.8 0.0246131 
110.9 0.0252018 
111 0.025796 
111.1 0.0263956 
111.2 0.0270006 
111.3 0.0276109 
111.4 0.0282263 
111.5 0.0288469 
111.6 0.0294725 
111.7 0.030103 
111.8 0.0307384 
111.9 0.0313785 
112 0.0320233 
112.1 0.0326727 
112.2 0.0333265 
112.3 0.0339848 
112.4 0.0346473 
112.5 0.0353141 
112.6 0.0359849 
112.7 0.0366598 
112.8 0.0373385 
112.9 0.0380211 
113 0.0387074 
113.1 0.0393973 
113.2 0.0400907 
113.3 0.0407875 
113.4 0.0414875 
113.5 0.0421908 
113.6 0.0428971 
113.7 0.0436064 
113.8 0.0443186 
113.9 0.0450335 
114 0.0457511 
114.1 0.0464711 
114.2 0.0471936 
114.3 0.0479184 
114.4 0.0486454 
114.5 0.0493744 
114.6 0.0501054 
114.7 0.0508382 
114.8 0.0515728 
114.9 0.0523089 
115 0.0530466 
115.1 0.0537856 
115.2 0.0545258 
115.3 0.0552672 
115.4 0.0560096 
115.5 0.0567528 
115.6 0.0574968 
115.7 0.0582414 
115.8 0.0589866 
115.9 0.0597321 
116 0.060478 
116.1 0.0612239 
116.2 0.0619699 
116.3 0.0627157 
116.4 0.0634614 
116.5 0.0642066 
116.6 0.0649514 
116.7 0.0656956 
116.8 0.0664391 
116.9 0.0671817 
117 0.0679233 
117.1 0.0686638 
117.2 0.069403 
117.3 0.070141 
117.4 0.0708774 
117.5 0.0716122 
117.6 0.0723452 
117.7 0.0730764 
117.8 0.0738057 
117.9 0.0745327 
118 0.0752576 
118.1 0.0759801 
118.2 0.0767001 
118.3 0.0774175 
118.4 0.0781321 
118.5 0.0788439 
118.6 0.0795527 
118.7 0.0802584 
118.8 0.0809608 
118.9 0.0816599 
119 0.0823555 
119.1 0.0830475 
119.2 0.0837357 
119.3 0.0844201 
119.4 0.0851006 
119.5 0.0857769 
119.6 0.0864491 
119.7 0.0871169 
119.8 0.0877802 
119.9 0.088439 
120 0.0890931 
120.1 0.0897424 
120.2 0.0903868 
120.3 0.0910261 
120.4 0.0916602 
120.5 0.0922891 
120.6 0.0929126 
120.7 0.0935305 
120.8 0.0941429 
120.9 0.0947495 
121 0.0953503 
121.1 0.0959451 
121.2 0.0965338 
121.3 0.0971163 
121.4 0.0976926 
121.5 0.0982624 
121.6 0.0988258 
121.7 0.0993825 
121.8 0.0999325 
121.9 0.100476 
122 0.101012 
122.1 0.101541 
122.2 0.102063 
122.3 0.102578 
122.4 0.103085 
122.5 0.103585 
122.6 0.104078 
122.7 0.104563 
122.8 0.10504 
122.9 0.105509 
123 0.10597 
123.1 0.106423 
123.2 0.106869 
123.3 0.107306 
123.4 0.107734 
123.5 0.108154 
123.6 0.108566 
123.7 0.108969 
123.8 0.109364 
123.9 0.10975 
124 0.110127 
124.1 0.110495 
124.2 0.110854 
124.3 0.111204 
124.4 0.111545 
124.5 0.111877 
124.6 0.1122 
124.7 0.112513 
124.8 0.112817 
124.9 0.113111 
125 0.113396 
125.1 0.113671 
125.2 0.113937 
125.3 0.114192 
125.4 0.114438 
125.5 0.114675 
125.6 0.114901 
125.7 0.115117 
125.8 0.115323 
125.9 0.115519 
126 0.115705 
126.1 0.115881 
126.2 0.116047 
126.3 0.116202 
126.4 0.116348 
126.5 0.116482 
126.6 0.116607 
126.7 0.116721 
126.8 0.116824 
126.9 0.116918 
127 0.117 
127.1 0.117072 
127.2 0.117134 
127.3 0.117185 
127.4 0.117225 
127.5 0.117255 
127.6 0.117274 
127.7 0.117282 
127.8 0.11728 
127.9 0.117267 
128 0.117243 
128.1 0.117208 
128.2 0.117163 
128.3 0.117107 
128.4 0.117041 
128.5 0.116963 
128.6 0.116875 
128.7 0.116776 
128.8 0.116667 
128.9 0.116547 
129 0.116416 
129.1 0.116274 
129.2 0.116122 
129.3 0.115958 
129.4 0.115785 
129.5 0.1156 
129.6 0.115405 
129.7 0.1152 
129.8 0.114984 
129.9 0.114757 
130 0.11452 
130.1 0.114272 
130.2 0.114014 
130.3 0.113746 
130.4 0.113467 
130.5 0.113177 
130.6 0.112878 
130.7 0.112568 
130.8 0.112248 
130.9 0.111918 
131 0.111577 
131.1 0.111227 
131.2 0.110867 
131.3 0.110496 
131.4 0.110116 
131.5 0.109726 
131.6 0.109326 
131.7 0.108916 
131.8 0.108497 
131.9 0.108068 
132 0.10763 
132.1 0.107182 
132.2 0.106725 
132.3 0.106258 
132.4 0.105782 
132.5 0.105297 
132.6 0.104803 
132.7 0.1043 
132.8 0.103788 
132.9 0.103268 
133 0.102738 
133.1 0.1022 
133.2 0.101653 
133.3 0.101098 
133.4 0.100535 
133.5 0.0999632 
133.6 0.0993832 
133.7 0.0987953 
133.8 0.0981993 
133.9 0.0975955 
134 0.096984 
134.1 0.0963648 
134.2 0.095738 
134.3 0.0951039 
134.4 0.0944624 
134.5 0.0938138 
134.6 0.093158 
134.7 0.0924953 
134.8 0.0918258 
134.9 0.0911496 
135 0.0904667 
135.1 0.0897774 
135.2 0.0890818 
135.3 0.08838 
135.4 0.087672 
135.5 0.0869582 
135.6 0.0862385 
135.7 0.0855131 
135.8 0.0847822 
135.9 0.0840459 
136 0.0833043 
136.1 0.0825576 
136.2 0.081806 
136.3 0.0810495 
136.4 0.0802883 
136.5 0.0795225 
136.6 0.0787524 
136.7 0.0779781 
136.8 0.0771996 
136.9 0.0764172 
137 0.075631 
137.1 0.0748412 
137.2 0.0740479 
137.3 0.0732513 
137.4 0.0724516 
137.5 0.0716488 
137.6 0.0708432 
137.7 0.070035 
137.8 0.0692242 
137.9 0.0684111 
138 0.0675958 
138.1 0.0667785 
138.2 0.0659594 
138.3 0.0651385 
138.4 0.0643162 
138.5 0.0634925 
138.6 0.0626677 
138.7 0.0618419 
138.8 0.0610152 
138.9 0.0601879 
139 0.0593602 
139.1 0.0585321 
139.2 0.0577039 
139.3 0.0568758 
139.4 0.0560479 
139.5 0.0552204 
139.6 0.0543936 
139.7 0.0535674 
139.8 0.0527423 
139.9 0.0519182 
140 0.0510955 
140.1 0.0502743 
140.2 0.0494548 
140.3 0.0486371 
140.4 0.0478214 
140.5 0.047008 
140.6 0.046197 
140.7 0.0453886 
140.8 0.0445829 
140.9 0.0437802 
141 0.0429807 
141.1 0.0421845 
141.2 0.0413918 
141.3 0.0406027 
141.4 0.0398176 
141.5 0.0390366 
141.6 0.0382598 
141.7 0.0374874 
141.8 0.0367196 
141.9 0.0359567 
142 0.0351987 
142.1 0.034446 
142.2 0.0336986 
142.3 0.0329567 
142.4 0.0322206 
142.5 0.0314903 
142.6 0.0307662 
142.7 0.0300484 
142.8 0.029337 
142.9 0.0286322 
143 0.0279343 
143.1 0.0272434 
143.2 0.0265597 
143.3 0.0258834 
143.4 0.0252146 
143.5 0.0245535 
143.6 0.0239004 
143.7 0.0232553 
143.8 0.0226185 
143.9 0.0219901 
144 0.0213704 
144.1 0.0207595 
144.2 0.0201575 
144.3 0.0195647 
144.4 0.0189812 
144.5 0.0184072 
144.6 0.0178428 
144.7 0.0172883 
144.8 0.0167438 
144.9 0.0162095 
145 0.0156855 
145.1 0.015172 
145.2 0.0146692 
145.3 0.0141772 
145.4 0.0136962 
145.5 0.0132264 
145.6 0.0127679 
145.7 0.0123209 
145.8 0.0118855 
145.9 0.011462 
146 0.0110503 
146.1 0.0106509 
146.2 0.0102636 
146.3 0.00988882 
146.4 0.00952658 
146.5 0.00917707 
146.6 0.00884042 
146.7 0.00851678 
146.8 0.0082063 
146.9 0.00790912 
147 0.00762539 
147.1 0.00735524 
147.2 0.00709882 
147.3 0.00685626 
147.4 0.00662769 
147.5 0.00641325 
147.6 0.00621308 
147.7 0.00602729 
147.8 0.00585603 
147.9 0.00569941 
148 0.00555757 
148.1 0.00543062 
148.2 0.00531869 
148.3 0.0052219 
148.4 0.00514036 
148.5 0.00507419 
148.6 0.0050235 
148.7 0.0049884 
148.8 0.00496901 
148.9 0.00496543 
149 0.00497777 
149.1 0.00500613 
149.2 0.00505061 
149.3 0.00511131 
149.4 0.00518832 
149.5 0.00528175 
149.6 0.00539169 
149.7 0.00551822 
149.8 0.00566143 
149.9 0.00582142 
150 0.00599826 
150.1 0.00619203 
150.2 0.00640282 
150.3 0.00663071 
150.4 0.00687575 
150.5 0.00713804 
150.6 0.00741763 
150.7 0.00771461 
150.8 0.00802902 
150.9 0.00836093 
151 0.00871041 
151.1 0.00907752 
151.2 0.0094623 
151.3 0.0098648 
151.4 0.0102851 
151.5 0.0107232 
151.6 0.0111792 
151.7 0.0116531 
151.8 0.012145 
151.9 0.0126548 
152 0.0131827 
152.1 0.0137287 
152.2 0.0142927 
152.3 0.0148749 
152.4 0.0154752 
152.5 0.0160937 
152.6 0.0167303 
152.7 0.0173852 
152.8 0.0180583 
152.9 0.0187496 
153 0.0194591 
153.1 0.0201869 
153.2 0.020933 
153.3 0.0216973 
153.4 0.0224798 
153.5 0.0232806 
153.6 0.0240996 
153.7 0.0249368 
153.8 0.0257923 
153.9 0.026666 
154 0.0275578 
154.1 0.0284678 
154.2 0.0293959 
154.3 0.0303421 
154.4 0.0313064 
154.5 0.0322888 
154.6 0.0332892 
154.7 0.0343075 
154.8 0.0353438 
154.9 0.036398 
155 0.03747 
155.1 0.0385599 
155.2 0.0396675 
155.3 0.0407927 
155.4 0.0419357 
155.5 0.0430962 
155.6 0.0442742 
155.7 0.0454697 
155.8 0.0466825 
155.9 0.0479127 
156 0.0491601 
156.1 0.0504247 
156.2 0.0517064 
156.3 0.0530051 
156.4 0.0543208 
156.5 0.0556533 
156.6 0.0570025 
156.7 0.0583684 
156.8 0.0597508 
156.9 0.0611498 
157 0.0625651 
157.1 0.0639967 
157.2 0.0654444 
157.3 0.0669082 
157.4 0.068388 
157.5 0.0698836 
157.6 0.0713949 
157.7 0.0729218 
157.8 0.0744642 
157.9 0.076022 
158 0.077595 
158.1 0.0791831 
158.2 0.0807862 
158.3 0.0824042 
158.4 0.0840369 
158.5 0.0856841 
158.6 0.0873458 
158.7 0.0890218 
158.8 0.0907119 
158.9 0.0924161 
159 0.0941341 
159.1 0.0958658 
159.2 0.097611 
159.3 0.0993697 
159.4 0.101142 
159.5 0.102927 
159.6 0.104724 
159.7 0.106535 
159.8 0.108358 
159.9 0.110194 
160 0.112042 
160.1 0.113902 
160.2 0.115773 
160.3 0.117657 
160.4 0.119552 
160.5 0.121458 
160.6 0.123376 
160.7 0.125304 
160.8 0.127244 
160.9 0.129194 
161 0.131154 
161.1 0.133125 
161.2 0.135105 
161.3 0.137096 
161.4 0.139096 
161.5 0.141105 
161.6 0.143124 
161.7 0.145151 
161.8 0.147188 
161.9 0.149233 
162 0.151286 
162.1 0.153348 
162.2 0.155418 
162.3 0.157495 
162.4 0.15958 
162.5 0.161672 
162.6 0.163771 
162.7 0.165877 
162.8 0.16799 
162.9 0.170109 
163 0.172235 
163.1 0.174366 
163.2 0.176503 
163.3 0.178646 
163.4 0.180794 
163.5 0.182947 
163.6 0.185105 
163.7 0.187267 
163.8 0.189434 
163.9 0.191605 
164 0.19378 
164.1 0.195958 
164.2 0.19814 
164.3 0.200325 
164.4 0.202513 
164.5 0.204704 
164.6 0.206897 
164.7 0.209092 
164.8 0.211289 
164.9 0.213488 
165 0.215689 
165.1 0.21789 
165.2 0.220093 
165.3 0.222296 
165.4 0.2245 
165.5 0.226704 
165.6 0.228908 
165.7 0.231112 
165.8 0.233315 
165.9 0.235517 
166 0.237718 
166.1 0.239918 
166.2 0.242117 
166.3 0.244314 
166.4 0.246508 
166.5 0.248701 
166.6 0.250891 
166.7 0.253078 
166.8 0.255262 
166.9 0.257443 
167 0.25962 
167.1 0.261793 
167.2 0.263963 
167.3 0.266128 
167.4 0.268288 
167.5 0.270444 
167.6 0.272594 
167.7 0.274739 
167.8 0.276879 
167.9 0.279013 
168 0.281141 
168.1 0.283262 
168.2 0.285377 
168.3 0.287485 
168.4 0.289586 
168.5 0.291679 
168.6 0.293765 
168.7 0.295844 
168.8 0.297914 
168.9 0.299976 
169 0.302029 
169.1 0.304073 
169.2 0.306109 
169.3 0.308135 
169.4 0.310151 
169.5 0.312158 
169.6 0.314155 
169.7 0.316142 
169.8 0.318118 
169.9 0.320083 
170 0.322037 
170.1 0.32398 
170.2 0.325912 
170.3 0.327832 
170.4 0.32974 
170.5 0.331636 
170.6 0.333519 
170.7 0.33539 
170.8 0.337249 
170.9 0.339094 
171 0.340925 
171.1 0.342744 
171.2 0.344548 
171.3 0.346339 
171.4 0.348115 
171.5 0.349878 
171.6 0.351625 
171.7 0.353358 
171.8 0.355076 
171.9 0.356778 
172 0.358465 
172.1 0.360136 
172.2 0.361792 
172.3 0.363432 
172.4 0.365055 
172.5 0.366662 
172.6 0.368252 
172.7 0.369825 
172.8 0.371381 
172.9 0.37292 
173 0.374442 
173.1 0.375946 
173.2 0.377432 
173.3 0.378901 
173.4 0.380351 
173.5 0.381782 
173.6 0.383196 
173.7 0.38459 
173.8 0.385966 
173.9 0.387323 
174 0.38866 
174.1 0.389978 
174.2 0.391277 
174.3 0.392555 
174.4 0.393814 
174.5 0.395053 
174.6 0.396272 
174.7 0.397471 
174.8 0.398649 
174.9 0.399806 
175 0.400943 
175.1 0.402059 
175.2 0.403154 
175.3 0.404227 
175.4 0.40528 
175.5 0.40631 
175.6 0.40732 
175.7 0.408307 
175.8 0.409273 
175.9 0.410217 
176 0.411139 
176.1 0.412039 
176.2 0.412916 
176.3 0.413771 
176.4 0.414603 
176.5 0.415413 
176.6 0.4162 
176.7 0.416965 
176.8 0.417706 
176.9 0.418425 
177 0.41912 
177.1 0.419793 
177.2 0.420442 
177.3 0.421067 
177.4 0.42167 
177.5 0.422248 
177.6 0.422804 
177.7 0.423335 
177.8 0.423843 
177.9 0.424327 
178 0.424788 
178.1 0.425224 
178.2 0.425637 
178.3 0.426025 
178.4 0.42639 
178.5 0.42673 
178.6 0.427047 
178.7 0.427339 
178.8 0.427607 
178.9 0.42785 
179 0.42807 
179.1 0.428265 
179.2 0.428436 
179.3 0.428583 
179.4 0.428705 
179.5 0.428803 
179.6 0.428876 
179.7 0.428925 
179.8 0.42895 
179.9 0.42895 
