0.1 142.168 
0.2 141.893 
0.3 141.436 
0.4 140.801 
0.5 139.99 
0.6 139.007 
0.7 137.857 
0.8 136.544 
0.9 135.077 
1 133.461 
1.1 131.703 
1.2 129.812 
1.3 127.796 
1.4 125.664 
1.5 123.425 
1.6 121.088 
1.7 118.663 
1.8 116.16 
1.9 113.588 
2 110.956 
2.1 108.275 
2.2 105.554 
2.3 102.802 
2.4 100.028 
2.5 97.2401 
2.6 94.447 
2.7 91.6564 
2.8 88.8759 
2.9 86.1123 
3 83.3722 
3.1 80.6615 
3.2 77.986 
3.3 75.3505 
3.4 72.7596 
3.5 70.2174 
3.6 67.7274 
3.7 65.2928 
3.8 62.9162 
3.9 60.5998 
4 58.3453 
4.1 56.1543 
4.2 54.0276 
4.3 51.9659 
4.4 49.9697 
4.5 48.0389 
4.6 46.1734 
4.7 44.3726 
4.8 42.636 
4.9 40.9625 
5 39.3513 
5.1 37.8011 
5.2 36.3105 
5.3 34.8782 
5.4 33.5027 
5.5 32.1823 
5.6 30.9155 
5.7 29.7006 
5.8 28.5359 
5.9 27.4196 
6 26.3502 
6.1 25.3258 
6.2 24.3449 
6.3 23.4057 
6.4 22.5066 
6.5 21.6461 
6.6 20.8225 
6.7 20.0344 
6.8 19.2803 
6.9 18.5587 
7 17.8683 
7.1 17.2078 
7.2 16.5758 
7.3 15.9711 
7.4 15.3925 
7.5 14.8389 
7.6 14.3091 
7.7 13.8021 
7.8 13.3169 
7.9 12.8526 
8 12.4081 
8.1 11.9825 
8.2 11.5751 
8.3 11.185 
8.4 10.8114 
8.5 10.4535 
8.6 10.1107 
8.7 9.78223 
8.8 9.46743 
8.9 9.16567 
9 8.87635 
9.1 8.5989 
9.2 8.33277 
9.3 8.07742 
9.4 7.83237 
9.5 7.59711 
9.6 7.37121 
9.7 7.15422 
9.8 6.94573 
9.9 6.74535 
10 6.55269 
10.1 6.3674 
10.2 6.18914 
10.3 6.01759 
10.4 5.85244 
10.5 5.69339 
10.6 5.54018 
10.7 5.39253 
10.8 5.25019 
10.9 5.11294 
11 4.98055 
11.1 4.85279 
11.2 4.72948 
11.3 4.61041 
11.4 4.49541 
11.5 4.3843 
11.6 4.27691 
11.7 4.1731 
11.8 4.0727 
11.9 3.97558 
12 3.8816 
12.1 3.79064 
12.2 3.70256 
12.3 3.61726 
12.4 3.53462 
12.5 3.45454 
12.6 3.37691 
12.7 3.30163 
12.8 3.22862 
12.9 3.15778 
13 3.08903 
13.1 3.02229 
13.2 2.95748 
13.3 2.89452 
13.4 2.83335 
13.5 2.7739 
13.6 2.7161 
13.7 2.6599 
13.8 2.60522 
13.9 2.55203 
14 2.50025 
14.1 2.44985 
14.2 2.40078 
14.3 2.35298 
14.4 2.30642 
14.5 2.26104 
14.6 2.21683 
14.7 2.17372 
14.8 2.13169 
14.9 2.09071 
15 2.05074 
15.1 2.01174 
15.2 1.9737 
15.3 1.93658 
15.4 1.90035 
15.5 1.86499 
15.6 1.83047 
15.7 1.79676 
15.8 1.76385 
15.9 1.73172 
16 1.70033 
16.1 1.66968 
16.2 1.63973 
16.3 1.61047 
16.4 1.58189 
16.5 1.55396 
16.6 1.52666 
16.7 1.49998 
16.8 1.4739 
16.9 1.4484 
17 1.42348 
17.1 1.3991 
17.2 1.37526 
17.3 1.35195 
17.4 1.32914 
17.5 1.30683 
17.6 1.285 
17.7 1.26363 
17.8 1.24273 
17.9 1.22226 
18 1.20223 
18.1 1.18261 
18.2 1.16341 
18.3 1.1446 
18.4 1.12618 
18.5 1.10814 
18.6 1.09046 
18.7 1.07315 
18.8 1.05618 
18.9 1.03956 
19 1.02327 
19.1 1.00731 
19.2 0.991663 
19.3 0.976329 
19.4 0.961299 
19.5 0.946566 
19.6 0.932124 
19.7 0.917967 
19.8 0.904088 
19.9 0.890482 
20 0.877143 
20.1 0.864066 
20.2 0.851245 
20.3 0.838674 
20.4 0.826349 
20.5 0.814265 
20.6 0.802417 
20.7 0.790799 
20.8 0.779407 
20.9 0.768236 
21 0.757282 
21.1 0.74654 
21.2 0.736006 
21.3 0.725674 
21.4 0.715541 
21.5 0.705602 
21.6 0.695854 
21.7 0.686291 
21.8 0.676909 
21.9 0.667705 
22 0.658675 
22.1 0.649814 
22.2 0.64112 
22.3 0.632587 
22.4 0.624212 
22.5 0.615992 
22.6 0.607923 
22.7 0.600002 
22.8 0.592226 
22.9 0.58459 
23 0.577093 
23.1 0.56973 
23.2 0.5625 
23.3 0.555399 
23.4 0.548424 
23.5 0.541572 
23.6 0.534842 
23.7 0.52823 
23.8 0.521735 
23.9 0.515353 
24 0.509082 
24.1 0.502921 
24.2 0.496866 
24.3 0.490917 
24.4 0.48507 
24.5 0.479325 
24.6 0.473678 
24.7 0.468128 
24.8 0.462674 
24.9 0.457313 
25 0.452043 
25.1 0.446864 
25.2 0.441772 
25.3 0.436768 
25.4 0.431848 
25.5 0.427011 
25.6 0.422256 
25.7 0.417582 
25.8 0.412986 
25.9 0.408466 
26 0.404023 
26.1 0.399654 
26.2 0.395357 
26.3 0.391131 
26.4 0.386975 
26.5 0.382887 
26.6 0.378867 
26.7 0.374912 
26.8 0.37102 
26.9 0.367192 
27 0.363426 
27.1 0.359719 
27.2 0.356072 
27.3 0.352482 
27.4 0.348949 
27.5 0.345471 
27.6 0.342047 
27.7 0.338676 
27.8 0.335356 
27.9 0.332088 
28 0.328869 
28.1 0.325699 
28.2 0.322576 
28.3 0.3195 
28.4 0.31647 
28.5 0.313484 
28.6 0.310542 
28.7 0.307643 
28.8 0.304786 
28.9 0.301971 
29 0.299195 
29.1 0.29646 
29.2 0.293763 
29.3 0.291104 
29.4 0.288483 
29.5 0.285899 
29.6 0.283351 
29.7 0.280838 
29.8 0.27836 
29.9 0.275917 
30 0.273507 
30.1 0.27113 
30.2 0.268786 
30.3 0.266474 
30.4 0.264194 
30.5 0.261945 
30.6 0.259726 
30.7 0.257537 
30.8 0.255378 
30.9 0.253247 
31 0.251146 
31.1 0.249072 
31.2 0.247026 
31.3 0.245007 
31.4 0.243015 
31.5 0.241049 
31.6 0.239108 
31.7 0.237193 
31.8 0.235302 
31.9 0.233436 
32 0.231594 
32.1 0.229775 
32.2 0.227979 
32.3 0.226206 
32.4 0.224454 
32.5 0.222724 
32.6 0.221015 
32.7 0.219327 
32.8 0.217659 
32.9 0.216011 
33 0.214383 
33.1 0.212774 
33.2 0.211183 
33.3 0.20961 
33.4 0.208056 
33.5 0.206519 
33.6 0.205 
33.7 0.203497 
33.8 0.202012 
33.9 0.200542 
34 0.199089 
34.1 0.197652 
34.2 0.19623 
34.3 0.194824 
34.4 0.193433 
34.5 0.192056 
34.6 0.190695 
34.7 0.189348 
34.8 0.188016 
34.9 0.186697 
35 0.185393 
35.1 0.184103 
35.2 0.182827 
35.3 0.181564 
35.4 0.180314 
35.5 0.179078 
35.6 0.177855 
35.7 0.176645 
35.8 0.175447 
35.9 0.174263 
36 0.173091 
36.1 0.171931 
36.2 0.170783 
36.3 0.169648 
36.4 0.168524 
36.5 0.167412 
36.6 0.166312 
36.7 0.165222 
36.8 0.164144 
36.9 0.163077 
37 0.162021 
37.1 0.160975 
37.2 0.15994 
37.3 0.158915 
37.4 0.157899 
37.5 0.156894 
37.6 0.155898 
37.7 0.154912 
37.8 0.153935 
37.9 0.152967 
38 0.152008 
38.1 0.151058 
38.2 0.150117 
38.3 0.149184 
38.4 0.148259 
38.5 0.147343 
38.6 0.146435 
38.7 0.145535 
38.8 0.144643 
38.9 0.143758 
39 0.142882 
39.1 0.142013 
39.2 0.141151 
39.3 0.140297 
39.4 0.13945 
39.5 0.138611 
39.6 0.137779 
39.7 0.136955 
39.8 0.136137 
39.9 0.135327 
40 0.134523 
40.1 0.133727 
40.2 0.132938 
40.3 0.132155 
40.4 0.13138 
40.5 0.130611 
40.6 0.12985 
40.7 0.129094 
40.8 0.128346 
40.9 0.127604 
41 0.126869 
41.1 0.12614 
41.2 0.125417 
41.3 0.124701 
41.4 0.123991 
41.5 0.123287 
41.6 0.122589 
41.7 0.121897 
41.8 0.121211 
41.9 0.120531 
42 0.119856 
42.1 0.119187 
42.2 0.118524 
42.3 0.117866 
42.4 0.117213 
42.5 0.116566 
42.6 0.115924 
42.7 0.115287 
42.8 0.114655 
42.9 0.114027 
43 0.113405 
43.1 0.112788 
43.2 0.112175 
43.3 0.111567 
43.4 0.110963 
43.5 0.110364 
43.6 0.10977 
43.7 0.10918 
43.8 0.108594 
43.9 0.108013 
44 0.107436 
44.1 0.106864 
44.2 0.106295 
44.3 0.105731 
44.4 0.105171 
44.5 0.104615 
44.6 0.104064 
44.7 0.103516 
44.8 0.102973 
44.9 0.102433 
45 0.101898 
45.1 0.101366 
45.2 0.100839 
45.3 0.100315 
45.4 0.0997958 
45.5 0.09928 
45.6 0.098768 
45.7 0.0982599 
45.8 0.0977555 
45.9 0.0972548 
46 0.0967578 
46.1 0.0962645 
46.2 0.0957747 
46.3 0.0952886 
46.4 0.0948059 
46.5 0.0943268 
46.6 0.0938511 
46.7 0.0933787 
46.8 0.0929098 
46.9 0.0924441 
47 0.0919817 
47.1 0.0915225 
47.2 0.0910665 
47.3 0.0906137 
47.4 0.0901639 
47.5 0.0897172 
47.6 0.0892736 
47.7 0.0888329 
47.8 0.0883951 
47.9 0.0879602 
48 0.0875282 
48.1 0.0870991 
48.2 0.0866727 
48.3 0.0862491 
48.4 0.0858282 
48.5 0.0854101 
48.6 0.0849946 
48.7 0.0845817 
48.8 0.0841715 
48.9 0.0837638 
49 0.0833587 
49.1 0.0829561 
49.2 0.0825561 
49.3 0.0821585 
49.4 0.0817633 
49.5 0.0813706 
49.6 0.0809803 
49.7 0.0805924 
49.8 0.0802068 
49.9 0.0798236 
50 0.0794427 
50.1 0.079064 
50.2 0.0786877 
50.3 0.0783135 
50.4 0.0779416 
50.5 0.0775719 
50.6 0.0772043 
50.7 0.076839 
50.8 0.0764757 
50.9 0.0761146 
51 0.0757556 
51.1 0.0753986 
51.2 0.0750437 
51.3 0.0746909 
51.4 0.0743401 
51.5 0.0739913 
51.6 0.0736445 
51.7 0.0732996 
51.8 0.0729568 
51.9 0.0726159 
52 0.0722769 
52.1 0.0719398 
52.2 0.0716047 
52.3 0.0712714 
52.4 0.07094 
52.5 0.0706105 
52.6 0.0702828 
52.7 0.0699569 
52.8 0.0696328 
52.9 0.0693105 
53 0.06899 
53.1 0.0686713 
53.2 0.0683543 
53.3 0.068039 
53.4 0.0677254 
53.5 0.0674136 
53.6 0.0671033 
53.7 0.0667947 
53.8 0.0664877 
53.9 0.0661824 
54 0.0658786 
54.1 0.0655763 
54.2 0.0652756 
54.3 0.0649764 
54.4 0.0646787 
54.5 0.0643824 
54.6 0.0640876 
54.7 0.0637943 
54.8 0.0635023 
54.9 0.0632118 
55 0.0629226 
55.1 0.0626347 
55.2 0.0623483 
55.3 0.0620631 
55.4 0.0617793 
55.5 0.0614967 
55.6 0.0612155 
55.7 0.0609355 
55.8 0.0606569 
55.9 0.0603795 
56 0.0601034 
56.1 0.0598285 
56.2 0.0595549 
56.3 0.0592826 
56.4 0.0590115 
56.5 0.0587417 
56.6 0.0584732 
56.7 0.0582059 
56.8 0.0579399 
56.9 0.0576752 
57 0.0574117 
57.1 0.0571495 
57.2 0.0568886 
57.3 0.056629 
57.4 0.0563707 
57.5 0.0561136 
57.6 0.0558579 
57.7 0.0556034 
57.8 0.0553502 
57.9 0.0550982 
58 0.0548476 
58.1 0.0545982 
58.2 0.05435 
58.3 0.0541031 
58.4 0.0538575 
58.5 0.0536131 
58.6 0.0533699 
58.7 0.0531279 
58.8 0.0528871 
58.9 0.0526474 
59 0.052409 
59.1 0.0521716 
59.2 0.0519355 
59.3 0.0517004 
59.4 0.0514664 
59.5 0.0512335 
59.6 0.0510017 
59.7 0.050771 
59.8 0.0505412 
59.9 0.0503126 
60 0.0500849 
60.1 0.0498582 
60.2 0.0496326 
60.3 0.0494079 
60.4 0.0491842 
60.5 0.0489615 
60.6 0.0487398 
60.7 0.048519 
60.8 0.0482993 
60.9 0.0480805 
61 0.0478626 
61.1 0.0476458 
61.2 0.04743 
61.3 0.0472151 
61.4 0.0470013 
61.5 0.0467885 
61.6 0.0465767 
61.7 0.0463659 
61.8 0.0461562 
61.9 0.0459475 
62 0.04574 
62.1 0.0455335 
62.2 0.0453281 
62.3 0.0451238 
62.4 0.0449206 
62.5 0.0447185 
62.6 0.0445176 
62.7 0.0443178 
62.8 0.0441192 
62.9 0.0439217 
63 0.0437254 
63.1 0.0435303 
63.2 0.0433363 
63.3 0.0431434 
63.4 0.0429518 
63.5 0.0427613 
63.6 0.0425719 
63.7 0.0423837 
63.8 0.0421966 
63.9 0.0420107 
64 0.0418259 
64.1 0.0416422 
64.2 0.0414597 
64.3 0.0412782 
64.4 0.0410978 
64.5 0.0409185 
64.6 0.0407403 
64.7 0.0405631 
64.8 0.040387 
64.9 0.0402119 
65 0.0400379 
65.1 0.0398648 
65.2 0.0396928 
65.3 0.0395218 
65.4 0.0393519 
65.5 0.0391829 
65.6 0.0390149 
65.7 0.0388479 
65.8 0.038682 
65.9 0.038517 
66 0.0383531 
66.1 0.0381901 
66.2 0.0380282 
66.3 0.0378673 
66.4 0.0377075 
66.5 0.0375487 
66.6 0.0373909 
66.7 0.0372342 
66.8 0.0370786 
66.9 0.0369241 
67 0.0367707 
67.1 0.0366184 
67.2 0.0364672 
67.3 0.0363172 
67.4 0.0361683 
67.5 0.0360206 
67.6 0.0358741 
67.7 0.0357288 
67.8 0.0355847 
67.9 0.0354417 
68 0.0353 
68.1 0.0351595 
68.2 0.0350203 
68.3 0.0348822 
68.4 0.0347455 
68.5 0.0346099 
68.6 0.0344756 
68.7 0.0343425 
68.8 0.0342107 
68.9 0.0340801 
69 0.0339508 
69.1 0.0338227 
69.2 0.0336958 
69.3 0.0335701 
69.4 0.0334456 
69.5 0.0333224 
69.6 0.0332003 
69.7 0.0330795 
69.8 0.0329598 
69.9 0.0328413 
70 0.032724 
70.1 0.0326079 
70.2 0.0324929 
70.3 0.032379 
70.4 0.0322663 
70.5 0.0321548 
70.6 0.0320443 
70.7 0.031935 
70.8 0.0318269 
70.9 0.0317198 
71 0.0316139 
71.1 0.0315091 
71.2 0.0314055 
71.3 0.031303 
71.4 0.0312016 
71.5 0.0311013 
71.6 0.0310022 
71.7 0.0309042 
71.8 0.0308073 
71.9 0.0307117 
72 0.0306171 
72.1 0.0305238 
72.2 0.0304316 
72.3 0.0303406 
72.4 0.0302508 
72.5 0.0301622 
72.6 0.0300748 
72.7 0.0299886 
72.8 0.0299037 
72.9 0.0298199 
73 0.0297374 
73.1 0.0296562 
73.2 0.0295762 
73.3 0.0294974 
73.4 0.0294199 
73.5 0.0293436 
73.6 0.0292686 
73.7 0.0291949 
73.8 0.0291224 
73.9 0.0290512 
74 0.0289812 
74.1 0.0289125 
74.2 0.028845 
74.3 0.0287788 
74.4 0.0287138 
74.5 0.0286501 
74.6 0.0285876 
74.7 0.0285263 
74.8 0.0284663 
74.9 0.0284074 
75 0.0283498 
75.1 0.0282934 
75.2 0.0282381 
75.3 0.028184 
75.4 0.0281312 
75.5 0.0280794 
75.6 0.0280289 
75.7 0.0279795 
75.8 0.0279312 
75.9 0.0278841 
76 0.027838 
76.1 0.0277932 
76.2 0.0277494 
76.3 0.0277068 
76.4 0.0276652 
76.5 0.0276248 
76.6 0.0275855 
76.7 0.0275472 
76.8 0.0275101 
76.9 0.027474 
77 0.027439 
77.1 0.0274052 
77.2 0.0273724 
77.3 0.0273406 
77.4 0.02731 
77.5 0.0272805 
77.6 0.027252 
77.7 0.0272246 
77.8 0.0271983 
77.9 0.027173 
78 0.0271489 
78.1 0.0271258 
78.2 0.0271038 
78.3 0.0270828 
78.4 0.027063 
78.5 0.0270442 
78.6 0.0270264 
78.7 0.0270098 
78.8 0.0269942 
78.9 0.0269796 
79 0.0269661 
79.1 0.0269537 
79.2 0.0269423 
79.3 0.0269319 
79.4 0.0269226 
79.5 0.0269143 
79.6 0.0269071 
79.7 0.0269008 
79.8 0.0268955 
79.9 0.0268913 
80 0.026888 
80.1 0.0268857 
80.2 0.0268844 
80.3 0.026884 
80.4 0.0268846 
80.5 0.0268862 
80.6 0.0268887 
80.7 0.0268921 
80.8 0.0268964 
80.9 0.0269016 
81 0.0269077 
81.1 0.0269147 
81.2 0.0269225 
81.3 0.0269313 
81.4 0.0269408 
81.5 0.0269512 
81.6 0.0269625 
81.7 0.0269746 
81.8 0.0269875 
81.9 0.0270012 
82 0.0270157 
82.1 0.0270309 
82.2 0.027047 
82.3 0.0270638 
82.4 0.0270814 
82.5 0.0270997 
82.6 0.0271188 
82.7 0.0271386 
82.8 0.0271592 
82.9 0.0271804 
83 0.0272024 
83.1 0.027225 
83.2 0.0272484 
83.3 0.0272724 
83.4 0.0272971 
83.5 0.0273225 
83.6 0.0273486 
83.7 0.0273752 
83.8 0.0274026 
83.9 0.0274305 
84 0.0274591 
84.1 0.0274883 
84.2 0.027518 
84.3 0.0275484 
84.4 0.0275793 
84.5 0.0276109 
84.6 0.0276429 
84.7 0.0276756 
84.8 0.0277087 
84.9 0.0277424 
85 0.0277766 
85.1 0.0278113 
85.2 0.0278465 
85.3 0.0278822 
85.4 0.0279183 
85.5 0.0279549 
85.6 0.0279919 
85.7 0.0280294 
85.8 0.0280673 
85.9 0.0281056 
86 0.0281443 
86.1 0.0281833 
86.2 0.0282228 
86.3 0.0282626 
86.4 0.0283027 
86.5 0.0283432 
86.6 0.028384 
86.7 0.0284251 
86.8 0.0284665 
86.9 0.0285082 
87 0.0285502 
87.1 0.0285924 
87.2 0.0286349 
87.3 0.0286776 
87.4 0.0287206 
87.5 0.0287638 
87.6 0.0288071 
87.7 0.0288507 
87.8 0.0288945 
87.9 0.0289384 
88 0.0289825 
88.1 0.0290267 
88.2 0.0290711 
88.3 0.0291156 
88.4 0.0291602 
88.5 0.0292049 
88.6 0.0292496 
88.7 0.0292945 
88.8 0.0293394 
88.9 0.0293844 
89 0.0294295 
89.1 0.0294745 
89.2 0.0295196 
89.3 0.0295646 
89.4 0.0296097 
89.5 0.0296547 
89.6 0.0296997 
89.7 0.0297446 
89.8 0.0297895 
89.9 0.0298343 
90 0.029879 
90.1 0.0299236 
90.2 0.029968 
90.3 0.0300124 
90.4 0.0300566 
90.5 0.0301006 
90.6 0.0301444 
90.7 0.0301881 
90.8 0.0302315 
90.9 0.0302747 
91 0.0303177 
91.1 0.0303604 
91.2 0.0304029 
91.3 0.0304451 
91.4 0.030487 
91.5 0.0305286 
91.6 0.0305698 
91.7 0.0306108 
91.8 0.0306514 
91.9 0.0306916 
92 0.0307315 
92.1 0.030771 
92.2 0.0308101 
92.3 0.0308488 
92.4 0.0308871 
92.5 0.0309249 
92.6 0.0309623 
92.7 0.0309993 
92.8 0.0310358 
92.9 0.0310718 
93 0.0311073 
93.1 0.0311424 
93.2 0.0311769 
93.3 0.031211 
93.4 0.0312445 
93.5 0.0312775 
93.6 0.0313099 
93.7 0.0313418 
93.8 0.0313731 
93.9 0.0314038 
94 0.031434 
94.1 0.0314636 
94.2 0.0314926 
94.3 0.0315209 
94.4 0.0315487 
94.5 0.0315758 
94.6 0.0316023 
94.7 0.0316281 
94.8 0.0316533 
94.9 0.0316778 
95 0.0317016 
95.1 0.0317247 
95.2 0.0317472 
95.3 0.0317689 
95.4 0.0317899 
95.5 0.0318101 
95.6 0.0318296 
95.7 0.0318484 
95.8 0.0318664 
95.9 0.0318836 
96 0.0319 
96.1 0.0319156 
96.2 0.0319304 
96.3 0.0319443 
96.4 0.0319574 
96.5 0.0319697 
96.6 0.0319811 
96.7 0.0319916 
96.8 0.0320013 
96.9 0.03201 
97 0.0320178 
97.1 0.0320247 
97.2 0.0320307 
97.3 0.0320357 
97.4 0.0320398 
97.5 0.0320429 
97.6 0.032045 
97.7 0.0320462 
97.8 0.0320463 
97.9 0.0320455 
98 0.0320436 
98.1 0.0320407 
98.2 0.0320368 
98.3 0.0320318 
98.4 0.0320258 
98.5 0.0320188 
98.6 0.0320106 
98.7 0.0320015 
98.8 0.0319912 
98.9 0.0319798 
99 0.0319674 
99.1 0.0319539 
99.2 0.0319393 
99.3 0.0319235 
99.4 0.0319067 
99.5 0.0318888 
99.6 0.0318697 
99.7 0.0318496 
99.8 0.0318283 
99.9 0.0318059 
100 0.0317823 
100.1 0.0317577 
100.2 0.0317319 
100.3 0.0317049 
100.4 0.0316769 
100.5 0.0316477 
100.6 0.0316173 
100.7 0.0315858 
100.8 0.0315532 
100.9 0.0315194 
101 0.0314844 
101.1 0.0314483 
101.2 0.0314111 
101.3 0.0313727 
101.4 0.0313331 
101.5 0.0312924 
101.6 0.0312505 
101.7 0.0312074 
101.8 0.0311631 
101.9 0.0311177 
102 0.0310711 
102.1 0.0310233 
102.2 0.0309744 
102.3 0.0309242 
102.4 0.0308729 
102.5 0.0308203 
102.6 0.0307666 
102.7 0.0307117 
102.8 0.0306556 
102.9 0.0305982 
103 0.0305397 
103.1 0.0304799 
103.2 0.0304189 
103.3 0.0303568 
103.4 0.0302933 
103.5 0.0302287 
103.6 0.0301629 
103.7 0.0300958 
103.8 0.0300275 
103.9 0.0299579 
104 0.0298871 
104.1 0.0298151 
104.2 0.0297419 
104.3 0.0296674 
104.4 0.0295917 
104.5 0.0295147 
104.6 0.0294365 
104.7 0.0293571 
104.8 0.0292765 
104.9 0.0291946 
105 0.0291115 
105.1 0.0290271 
105.2 0.0289415 
105.3 0.0288547 
105.4 0.0287667 
105.5 0.0286775 
105.6 0.028587 
105.7 0.0284953 
105.8 0.0284025 
105.9 0.0283084 
106 0.0282131 
106.1 0.0281167 
106.2 0.028019 
106.3 0.0279202 
106.4 0.0278202 
106.5 0.0277191 
106.6 0.0276168 
106.7 0.0275133 
106.8 0.0274087 
106.9 0.027303 
107 0.0271961 
107.1 0.0270881 
107.2 0.0269791 
107.3 0.0268689 
107.4 0.0267576 
107.5 0.0266452 
107.6 0.0265318 
107.7 0.0264173 
107.8 0.0263017 
107.9 0.0261851 
108 0.0260675 
108.1 0.0259488 
108.2 0.0258291 
108.3 0.0257084 
108.4 0.0255867 
108.5 0.025464 
108.6 0.0253403 
108.7 0.0252156 
108.8 0.02509 
108.9 0.0249635 
109 0.0248359 
109.1 0.0247075 
109.2 0.0245781 
109.3 0.0244478 
109.4 0.0243166 
109.5 0.0241845 
109.6 0.0240515 
109.7 0.0239177 
109.8 0.0237829 
109.9 0.0236474 
110 0.0235109 
110.1 0.0233736 
110.2 0.0232355 
110.3 0.0230966 
110.4 0.0229569 
110.5 0.0228164 
110.6 0.022675 
110.7 0.0225329 
110.8 0.0223901 
110.9 0.0222465 
111 0.0221021 
111.1 0.021957 
111.2 0.0218112 
111.3 0.0216646 
111.4 0.0215174 
111.5 0.0213695 
111.6 0.0212209 
111.7 0.0210716 
111.8 0.0209217 
111.9 0.0207712 
112 0.02062 
112.1 0.0204683 
112.2 0.0203159 
112.3 0.0201629 
112.4 0.0200094 
112.5 0.0198553 
112.6 0.0197007 
112.7 0.0195456 
112.8 0.0193899 
112.9 0.0192338 
113 0.0190772 
113.1 0.0189201 
113.2 0.0187626 
113.3 0.0186047 
113.4 0.0184463 
113.5 0.0182876 
113.6 0.0181285 
113.7 0.017969 
113.8 0.0178092 
113.9 0.0176491 
114 0.0174886 
114.1 0.0173279 
114.2 0.0171669 
114.3 0.0170057 
114.4 0.0168443 
114.5 0.0166826 
114.6 0.0165208 
114.7 0.0163587 
114.8 0.0161966 
114.9 0.0160343 
115 0.0158719 
115.1 0.0157094 
115.2 0.0155468 
115.3 0.0153842 
115.4 0.0152216 
115.5 0.0150589 
115.6 0.0148963 
115.7 0.0147337 
115.8 0.0145711 
115.9 0.0144086 
116 0.0142462 
116.1 0.014084 
116.2 0.0139218 
116.3 0.0137598 
116.4 0.013598 
116.5 0.0134364 
116.6 0.013275 
116.7 0.0131138 
116.8 0.0129529 
116.9 0.0127923 
117 0.012632 
117.1 0.012472 
117.2 0.0123123 
117.3 0.012153 
117.4 0.011994 
117.5 0.0118355 
117.6 0.0116774 
117.7 0.0115197 
117.8 0.0113625 
117.9 0.0112058 
118 0.0110496 
118.1 0.0108939 
118.2 0.0107388 
118.3 0.0105842 
118.4 0.0104303 
118.5 0.0102769 
118.6 0.0101242 
118.7 0.00997208 
118.8 0.00982067 
118.9 0.00966996 
119 0.00951997 
119.1 0.00937071 
119.2 0.00922222 
119.3 0.00907451 
119.4 0.0089276 
119.5 0.00878152 
119.6 0.00863628 
119.7 0.00849192 
119.8 0.00834845 
119.9 0.00820589 
120 0.00806427 
120.1 0.0079236 
120.2 0.00778392 
120.3 0.00764525 
120.4 0.0075076 
120.5 0.007371 
120.6 0.00723547 
120.7 0.00710104 
120.8 0.00696773 
120.9 0.00683556 
121 0.00670456 
121.1 0.00657475 
121.2 0.00644615 
121.3 0.00631878 
121.4 0.00619268 
121.5 0.00606785 
121.6 0.00594434 
121.7 0.00582215 
121.8 0.00570132 
121.9 0.00558187 
122 0.00546382 
122.1 0.0053472 
122.2 0.00523202 
122.3 0.00511832 
122.4 0.00500612 
122.5 0.00489544 
122.6 0.00478631 
122.7 0.00467875 
122.8 0.00457278 
122.9 0.00446843 
123 0.00436572 
123.1 0.00426468 
123.2 0.00416532 
123.3 0.00406768 
123.4 0.00397178 
123.5 0.00387764 
123.6 0.00378529 
123.7 0.00369474 
123.8 0.00360603 
123.9 0.00351917 
124 0.00343419 
124.1 0.00335112 
124.2 0.00326997 
124.3 0.00319077 
124.4 0.00311355 
124.5 0.00303832 
124.6 0.00296511 
124.7 0.00289395 
124.8 0.00282485 
124.9 0.00275784 
125 0.00269294 
125.1 0.00263017 
125.2 0.00256956 
125.3 0.00251113 
125.4 0.00245491 
125.5 0.0024009 
125.6 0.00234915 
125.7 0.00229966 
125.8 0.00225246 
125.9 0.00220758 
126 0.00216503 
126.1 0.00212483 
126.2 0.00208702 
126.3 0.0020516 
126.4 0.00201861 
126.5 0.00198806 
126.6 0.00195997 
126.7 0.00193438 
126.8 0.00191128 
126.9 0.00189072 
127 0.00187271 
127.1 0.00185726 
127.2 0.00184441 
127.3 0.00183417 
127.4 0.00182656 
127.5 0.00182161 
127.6 0.00181933 
127.7 0.00181975 
127.8 0.00182288 
127.9 0.00182875 
128 0.00183737 
128.1 0.00184877 
128.2 0.00186296 
128.3 0.00187997 
128.4 0.00189982 
128.5 0.00192252 
128.6 0.0019481 
128.7 0.00197657 
128.8 0.00200796 
128.9 0.00204228 
129 0.00207955 
129.1 0.00211979 
129.2 0.00216303 
129.3 0.00220928 
129.4 0.00225855 
129.5 0.00231088 
129.6 0.00236627 
129.7 0.00242474 
129.8 0.00248632 
129.9 0.00255102 
130 0.00261886 
130.1 0.00268985 
130.2 0.00276402 
130.3 0.00284139 
130.4 0.00292196 
130.5 0.00300577 
130.6 0.00309281 
130.7 0.00318312 
130.8 0.00327671 
130.9 0.0033736 
131 0.0034738 
131.1 0.00357732 
131.2 0.0036842 
131.3 0.00379443 
131.4 0.00390804 
131.5 0.00402504 
131.6 0.00414546 
131.7 0.00426929 
131.8 0.00439657 
131.9 0.0045273 
132 0.0046615 
132.1 0.00479918 
132.2 0.00494036 
132.3 0.00508506 
132.4 0.00523328 
132.5 0.00538503 
132.6 0.00554035 
132.7 0.00569923 
132.8 0.00586169 
132.9 0.00602774 
133 0.0061974 
133.1 0.00637068 
133.2 0.00654759 
133.3 0.00672814 
133.4 0.00691234 
133.5 0.00710022 
133.6 0.00729177 
133.7 0.00748701 
133.8 0.00768595 
133.9 0.0078886 
134 0.00809497 
134.1 0.00830507 
134.2 0.00851891 
134.3 0.00873651 
134.4 0.00895787 
134.5 0.009183 
134.6 0.0094119 
134.7 0.0096446 
134.8 0.0098811 
134.9 0.0101214 
135 0.0103655 
135.1 0.0106134 
135.2 0.0108652 
135.3 0.0111208 
135.4 0.0113803 
135.5 0.0116436 
135.6 0.0119107 
135.7 0.0121818 
135.8 0.0124567 
135.9 0.0127354 
136 0.0130181 
136.1 0.0133047 
136.2 0.0135951 
136.3 0.0138895 
136.4 0.0141877 
136.5 0.0144899 
136.6 0.014796 
136.7 0.015106 
136.8 0.0154199 
136.9 0.0157378 
137 0.0160596 
137.1 0.0163853 
137.2 0.016715 
137.3 0.0170486 
137.4 0.0173862 
137.5 0.0177277 
137.6 0.0180731 
137.7 0.0184226 
137.8 0.0187759 
137.9 0.0191333 
138 0.0194946 
138.1 0.0198598 
138.2 0.020229 
138.3 0.0206022 
138.4 0.0209793 
138.5 0.0213604 
138.6 0.0217455 
138.7 0.0221345 
138.8 0.0225275 
138.9 0.0229244 
139 0.0233253 
139.1 0.0237302 
139.2 0.0241391 
139.3 0.0245518 
139.4 0.0249686 
139.5 0.0253893 
139.6 0.0258139 
139.7 0.0262425 
139.8 0.0266751 
139.9 0.0271116 
140 0.027552 
140.1 0.0279964 
140.2 0.0284447 
140.3 0.028897 
140.4 0.0293531 
140.5 0.0298132 
140.6 0.0302772 
140.7 0.0307451 
140.8 0.031217 
140.9 0.0316927 
141 0.0321723 
141.1 0.0326558 
141.2 0.0331432 
141.3 0.0336345 
141.4 0.0341296 
141.5 0.0346286 
141.6 0.0351315 
141.7 0.0356382 
141.8 0.0361487 
141.9 0.0366631 
142 0.0371813 
142.1 0.0377033 
142.2 0.0382291 
142.3 0.0387588 
142.4 0.0392922 
142.5 0.0398294 
142.6 0.0403703 
142.7 0.040915 
142.8 0.0414635 
142.9 0.0420157 
143 0.0425716 
143.1 0.0431312 
143.2 0.0436945 
143.3 0.0442616 
143.4 0.0448322 
143.5 0.0454066 
143.6 0.0459846 
143.7 0.0465663 
143.8 0.0471515 
143.9 0.0477404 
144 0.0483329 
144.1 0.048929 
144.2 0.0495286 
144.3 0.0501318 
144.4 0.0507385 
144.5 0.0513488 
144.6 0.0519626 
144.7 0.0525798 
144.8 0.0532005 
144.9 0.0538247 
145 0.0544524 
145.1 0.0550834 
145.2 0.0557179 
145.3 0.0563558 
145.4 0.056997 
145.5 0.0576416 
145.6 0.0582895 
145.7 0.0589408 
145.8 0.0595953 
145.9 0.0602531 
146 0.0609142 
146.1 0.0615786 
146.2 0.0622461 
146.3 0.0629169 
146.4 0.0635908 
146.5 0.0642679 
146.6 0.0649482 
146.7 0.0656316 
146.8 0.066318 
146.9 0.0670076 
147 0.0677002 
147.1 0.0683958 
147.2 0.0690945 
147.3 0.0697961 
147.4 0.0705007 
147.5 0.0712082 
147.6 0.0719187 
147.7 0.0726321 
147.8 0.0733483 
147.9 0.0740674 
148 0.0747893 
148.1 0.075514 
148.2 0.0762415 
148.3 0.0769718 
148.4 0.0777048 
148.5 0.0784404 
148.6 0.0791788 
148.7 0.0799198 
148.8 0.0806634 
148.9 0.0814097 
149 0.0821585 
149.1 0.0829098 
149.2 0.0836637 
149.3 0.0844201 
149.4 0.0851789 
149.5 0.0859402 
149.6 0.0867039 
149.7 0.0874699 
149.8 0.0882384 
149.9 0.0890091 
150 0.0897822 
150.1 0.0905575 
150.2 0.0913351 
150.3 0.0921149 
150.4 0.0928969 
150.5 0.093681 
150.6 0.0944673 
150.7 0.0952557 
150.8 0.0960461 
150.9 0.0968386 
151 0.0976331 
151.1 0.0984295 
151.2 0.0992279 
151.3 0.100028 
151.4 0.100831 
151.5 0.101635 
151.6 0.10244 
151.7 0.103248 
151.8 0.104058 
151.9 0.104869 
152 0.105682 
152.1 0.106496 
152.2 0.107313 
152.3 0.10813 
152.4 0.10895 
152.5 0.109771 
152.6 0.110593 
152.7 0.111417 
152.8 0.112242 
152.9 0.113069 
153 0.113897 
153.1 0.114727 
153.2 0.115558 
153.3 0.11639 
153.4 0.117223 
153.5 0.118058 
153.6 0.118893 
153.7 0.11973 
153.8 0.120568 
153.9 0.121407 
154 0.122247 
154.1 0.123088 
154.2 0.12393 
154.3 0.124773 
154.4 0.125617 
154.5 0.126462 
154.6 0.127308 
154.7 0.128154 
154.8 0.129001 
154.9 0.129849 
155 0.130697 
155.1 0.131547 
155.2 0.132396 
155.3 0.133247 
155.4 0.134098 
155.5 0.134949 
155.6 0.135801 
155.7 0.136653 
155.8 0.137506 
155.9 0.138359 
156 0.139213 
156.1 0.140066 
156.2 0.14092 
156.3 0.141775 
156.4 0.142629 
156.5 0.143483 
156.6 0.144338 
156.7 0.145193 
156.8 0.146047 
156.9 0.146902 
157 0.147757 
157.1 0.148611 
157.2 0.149466 
157.3 0.15032 
157.4 0.151174 
157.5 0.152028 
157.6 0.152881 
157.7 0.153735 
157.8 0.154588 
157.9 0.15544 
158 0.156292 
158.1 0.157144 
158.2 0.157995 
158.3 0.158846 
158.4 0.159696 
158.5 0.160545 
158.6 0.161394 
158.7 0.162242 
158.8 0.163089 
158.9 0.163936 
159 0.164781 
159.1 0.165626 
159.2 0.16647 
159.3 0.167313 
159.4 0.168156 
159.5 0.168997 
159.6 0.169837 
159.7 0.170676 
159.8 0.171514 
159.9 0.17235 
160 0.173186 
160.1 0.17402 
160.2 0.174853 
160.3 0.175685 
160.4 0.176515 
160.5 0.177344 
160.6 0.178172 
160.7 0.178998 
160.8 0.179823 
160.9 0.180646 
161 0.181467 
161.1 0.182287 
161.2 0.183105 
161.3 0.183922 
161.4 0.184736 
161.5 0.185549 
161.6 0.18636 
161.7 0.18717 
161.8 0.187977 
161.9 0.188783 
162 0.189586 
162.1 0.190388 
162.2 0.191187 
162.3 0.191985 
162.4 0.19278 
162.5 0.193573 
162.6 0.194364 
162.7 0.195153 
162.8 0.195939 
162.9 0.196723 
163 0.197505 
163.1 0.198284 
163.2 0.199061 
163.3 0.199836 
163.4 0.200608 
163.5 0.201377 
163.6 0.202144 
163.7 0.202909 
163.8 0.20367 
163.9 0.204429 
164 0.205186 
164.1 0.205939 
164.2 0.20669 
164.3 0.207438 
164.4 0.208183 
164.5 0.208925 
164.6 0.209664 
164.7 0.2104 
164.8 0.211134 
164.9 0.211864 
165 0.212591 
165.1 0.213315 
165.2 0.214036 
165.3 0.214753 
165.4 0.215468 
165.5 0.216179 
165.6 0.216887 
165.7 0.217591 
165.8 0.218292 
165.9 0.21899 
166 0.219685 
166.1 0.220376 
166.2 0.221063 
166.3 0.221747 
166.4 0.222427 
166.5 0.223104 
166.6 0.223777 
166.7 0.224446 
166.8 0.225112 
166.9 0.225774 
167 0.226432 
167.1 0.227087 
167.2 0.227737 
167.3 0.228384 
167.4 0.229027 
167.5 0.229666 
167.6 0.2303 
167.7 0.230931 
167.8 0.231558 
167.9 0.232181 
168 0.2328 
168.1 0.233415 
168.2 0.234025 
168.3 0.234631 
168.4 0.235234 
168.5 0.235831 
168.6 0.236425 
168.7 0.237014 
168.8 0.237599 
168.9 0.23818 
169 0.238756 
169.1 0.239328 
169.2 0.239895 
169.3 0.240458 
169.4 0.241017 
169.5 0.241571 
169.6 0.24212 
169.7 0.242665 
169.8 0.243205 
169.9 0.24374 
170 0.244271 
170.1 0.244797 
170.2 0.245319 
170.3 0.245835 
170.4 0.246347 
170.5 0.246854 
170.6 0.247357 
170.7 0.247854 
170.8 0.248346 
170.9 0.248834 
171 0.249317 
171.1 0.249795 
171.2 0.250267 
171.3 0.250735 
171.4 0.251198 
171.5 0.251656 
171.6 0.252108 
171.7 0.252556 
171.8 0.252998 
171.9 0.253436 
172 0.253868 
172.1 0.254295 
172.2 0.254716 
172.3 0.255133 
172.4 0.255544 
172.5 0.25595 
172.6 0.256351 
172.7 0.256746 
172.8 0.257136 
172.9 0.257521 
173 0.257901 
173.1 0.258275 
173.2 0.258643 
173.3 0.259006 
173.4 0.259364 
173.5 0.259716 
173.6 0.260063 
173.7 0.260404 
173.8 0.26074 
173.9 0.26107 
174 0.261395 
174.1 0.261714 
174.2 0.262027 
174.3 0.262335 
174.4 0.262638 
174.5 0.262934 
174.6 0.263225 
174.7 0.263511 
174.8 0.26379 
174.9 0.264064 
175 0.264333 
175.1 0.264595 
175.2 0.264852 
175.3 0.265103 
175.4 0.265348 
175.5 0.265588 
175.6 0.265822 
175.7 0.266049 
175.8 0.266272 
175.9 0.266488 
176 0.266698 
176.1 0.266903 
176.2 0.267102 
176.3 0.267295 
176.4 0.267482 
176.5 0.267663 
176.6 0.267838 
176.7 0.268008 
176.8 0.268171 
176.9 0.268329 
177 0.26848 
177.1 0.268626 
177.2 0.268766 
177.3 0.268899 
177.4 0.269027 
177.5 0.269149 
177.6 0.269265 
177.7 0.269375 
177.8 0.269479 
177.9 0.269577 
178 0.269669 
178.1 0.269754 
178.2 0.269834 
178.3 0.269908 
178.4 0.269976 
178.5 0.270038 
178.6 0.270094 
178.7 0.270144 
178.8 0.270188 
178.9 0.270225 
179 0.270257 
179.1 0.270283 
179.2 0.270303 
179.3 0.270316 
179.4 0.270324 
179.5 0.270325 
179.6 0.270321 
179.7 0.27031 
179.8 0.270294 
