0.4 0 
0.8 0.00550127 
1.2 0.0180766 
1.6 0.0371259 
2 0.061778 
2.4 0.0909735 
2.8 0.123559 
3.2 0.15838 
3.6 0.194358 
4 0.230554 
4.4 0.266196 
4.8 0.300696 
5.2 0.333642 
5.6 0.364772 
6 0.393952 
6.4 0.421142 
6.8 0.446371 
7.2 0.469712 
7.6 0.491269 
8 0.511158 
8.4 0.529504 
8.8 0.54643 
9.2 0.562061 
9.6 0.576511 
10 0.58989 
10.4 0.602298 
10.8 0.613827 
11.2 0.624558 
11.6 0.634565 
12 0.643911 
12.4 0.652656 
12.8 0.66085 
13.2 0.668539 
13.6 0.675767 
14 0.68257 
14.4 0.688983 
14.8 0.695035 
15.2 0.700756 
15.6 0.706168 
16 0.711293 
16.4 0.716152 
16.8 0.720764 
17.2 0.725145 
17.6 0.729311 
18 0.733278 
18.4 0.737059 
18.8 0.740669 
19.2 0.744119 
19.6 0.747419 
20 0.75058 
20.4 0.753611 
20.8 0.75652 
21.2 0.759315 
21.6 0.762003 
22 0.764591 
22.4 0.767087 
22.8 0.769496 
23.2 0.771825 
23.6 0.774079 
24 0.776262 
24.4 0.778381 
24.8 0.780438 
25.2 0.782437 
25.6 0.784382 
26 0.786276 
26.4 0.788123 
26.8 0.789925 
27.2 0.791685 
27.6 0.793407 
28 0.795092 
28.4 0.796742 
28.8 0.79836 
29.2 0.799948 
29.6 0.801506 
30 0.803037 
30.4 0.804543 
30.8 0.806024 
31.2 0.807481 
31.6 0.808917 
32 0.810332 
32.4 0.811727 
32.8 0.813103 
33.2 0.81446 
33.6 0.8158 
34 0.817123 
34.4 0.818429 
34.8 0.81972 
35.2 0.820995 
35.6 0.822256 
36 0.823502 
36.4 0.824733 
36.8 0.825951 
37.2 0.827154 
37.6 0.828344 
38 0.82952 
38.4 0.830682 
38.8 0.83183 
39.2 0.832965 
39.6 0.834086 
40 0.835193 
40.4 0.836286 
40.8 0.837366 
41.2 0.838431 
41.6 0.839482 
42 0.840518 
42.4 0.841539 
42.8 0.842545 
43.2 0.843536 
43.6 0.84451 
44 0.84547 
44.4 0.846413 
44.8 0.847339 
45.2 0.84825 
45.6 0.849143 
46 0.850019 
46.4 0.850878 
46.8 0.851719 
47.2 0.852542 
47.6 0.853347 
48 0.854134 
48.4 0.854902 
48.8 0.855652 
49.2 0.856383 
49.6 0.857095 
50 0.857789 
50.4 0.858464 
50.8 0.85912 
51.2 0.859757 
51.6 0.860375 
52 0.860975 
52.4 0.861556 
52.8 0.862119 
53.2 0.862663 
53.6 0.86319 
54 0.863699 
54.4 0.864191 
54.8 0.864666 
55.2 0.865124 
55.6 0.865567 
56 0.865994 
56.4 0.866406 
56.8 0.866803 
57.2 0.867186 
57.6 0.867557 
58 0.867914 
58.4 0.86826 
58.8 0.868595 
59.2 0.868919 
59.6 0.869234 
60 0.86954 
60.4 0.869838 
60.8 0.870129 
61.2 0.870413 
61.6 0.870693 
62 0.870967 
62.4 0.871239 
62.8 0.871508 
63.2 0.871775 
63.6 0.872041 
64 0.872307 
64.4 0.872575 
64.8 0.872845 
65.2 0.873117 
65.6 0.873393 
66 0.873674 
66.4 0.873961 
66.8 0.874254 
67.2 0.874554 
67.6 0.874862 
68 0.875179 
68.4 0.875505 
68.8 0.875841 
69.2 0.876188 
69.6 0.876547 
70 0.876917 
70.4 0.8773 
70.8 0.877695 
71.2 0.878104 
71.6 0.878526 
72 0.878963 
72.4 0.879413 
72.8 0.879878 
73.2 0.880357 
73.6 0.880851 
74 0.88136 
74.4 0.881883 
74.8 0.882421 
75.2 0.882973 
75.6 0.883539 
76 0.884119 
76.4 0.884712 
76.8 0.885318 
77.2 0.885937 
77.6 0.886568 
78 0.887211 
78.4 0.887865 
78.8 0.888528 
79.2 0.889202 
79.6 0.889884 
80 0.890575 
80.4 0.891272 
80.8 0.891976 
81.2 0.892685 
81.6 0.893399 
82 0.894116 
82.4 0.894836 
82.8 0.895557 
83.2 0.896279 
83.6 0.897 
84 0.89772 
84.4 0.898436 
84.8 0.899149 
85.2 0.899857 
85.6 0.900559 
86 0.901254 
86.4 0.901941 
86.8 0.902618 
87.2 0.903286 
87.6 0.903943 
88 0.904587 
88.4 0.905219 
88.8 0.905836 
89.2 0.906439 
89.6 0.907027 
90 0.907598 
90.4 0.908152 
90.8 0.908689 
91.2 0.909207 
91.6 0.909706 
92 0.910186 
92.4 0.910647 
92.8 0.911087 
93.2 0.911507 
93.6 0.911906 
94 0.912285 
94.4 0.912642 
94.8 0.912979 
95.2 0.913295 
95.6 0.91359 
96 0.913865 
96.4 0.91412 
96.8 0.914354 
97.2 0.91457 
97.6 0.914766 
98 0.914944 
98.4 0.915104 
98.8 0.915247 
99.2 0.915374 
99.6 0.915486 
100 0.915582 
100.4 0.915666 
100.8 0.915736 
101.2 0.915795 
101.6 0.915843 
102 0.915883 
102.4 0.915914 
102.8 0.915938 
103.2 0.915956 
103.6 0.91597 
104 0.915981 
104.4 0.915991 
104.8 0.916 
105.2 0.91601 
105.6 0.916022 
106 0.916038 
106.4 0.91606 
106.8 0.916088 
107.2 0.916124 
107.6 0.916169 
108 0.916225 
108.4 0.916293 
108.8 0.916374 
109.2 0.91647 
109.6 0.916581 
110 0.916709 
110.4 0.916855 
110.8 0.91702 
111.2 0.917206 
111.6 0.917412 
112 0.91764 
112.4 0.917891 
112.8 0.918166 
113.2 0.918465 
113.6 0.918789 
114 0.919138 
114.4 0.919513 
114.8 0.919915 
115.2 0.920343 
115.6 0.920798 
116 0.92128 
116.4 0.921789 
116.8 0.922325 
117.2 0.922888 
117.6 0.923478 
118 0.924094 
118.4 0.924736 
118.8 0.925404 
119.2 0.926097 
119.6 0.926814 
120 0.927556 
120.4 0.92832 
120.8 0.929106 
121.2 0.929914 
121.6 0.930742 
122 0.931589 
122.4 0.932454 
122.8 0.933336 
123.2 0.934234 
123.6 0.935146 
124 0.936071 
124.4 0.937008 
124.8 0.937955 
125.2 0.938911 
125.6 0.939874 
126 0.940843 
126.4 0.941816 
126.8 0.942792 
127.2 0.943769 
127.6 0.944746 
128 0.94572 
128.4 0.946691 
128.8 0.947658 
129.2 0.948617 
129.6 0.949569 
130 0.95051 
130.4 0.951441 
130.8 0.95236 
131.2 0.953264 
131.6 0.954154 
132 0.955027 
132.4 0.955882 
132.8 0.956719 
133.2 0.957536 
133.6 0.958331 
134 0.959105 
134.4 0.959856 
134.8 0.960584 
135.2 0.961287 
135.6 0.961965 
136 0.962617 
136.4 0.963244 
136.8 0.963843 
137.2 0.964416 
137.6 0.964962 
138 0.965481 
138.4 0.965972 
138.8 0.966436 
139.2 0.966873 
139.6 0.967283 
140 0.967666 
140.4 0.968023 
140.8 0.968354 
141.2 0.96866 
141.6 0.968942 
142 0.9692 
142.4 0.969434 
142.8 0.969647 
143.2 0.969838 
143.6 0.970009 
144 0.970161 
144.4 0.970294 
144.8 0.970411 
145.2 0.970513 
145.6 0.970599 
146 0.970673 
146.4 0.970735 
146.8 0.970787 
147.2 0.97083 
147.6 0.970866 
148 0.970895 
148.4 0.970921 
148.8 0.970943 
149.2 0.970963 
149.6 0.970984 
150 0.971006 
150.4 0.97103 
150.8 0.971059 
151.2 0.971094 
151.6 0.971135 
152 0.971185 
152.4 0.971245 
152.8 0.971315 
153.2 0.971397 
153.6 0.971493 
154 0.971603 
154.4 0.971728 
154.8 0.97187 
155.2 0.972028 
155.6 0.972205 
156 0.9724 
156.4 0.972614 
156.8 0.972848 
157.2 0.973103 
157.6 0.973378 
158 0.973674 
158.4 0.973991 
158.8 0.97433 
159.2 0.97469 
159.6 0.975072 
160 0.975474 
160.4 0.975897 
160.8 0.976341 
161.2 0.976805 
161.6 0.977289 
162 0.977792 
162.4 0.978313 
162.8 0.978851 
163.2 0.979406 
163.6 0.979977 
164 0.980563 
164.4 0.981162 
164.8 0.981774 
165.2 0.982397 
165.6 0.98303 
166 0.983672 
166.4 0.984321 
166.8 0.984976 
167.2 0.985635 
167.6 0.986297 
168 0.986961 
168.4 0.987624 
168.8 0.988285 
169.2 0.988943 
169.6 0.989596 
170 0.990242 
170.4 0.99088 
170.8 0.991508 
171.2 0.992125 
171.6 0.992728 
172 0.993317 
172.4 0.993889 
172.8 0.994444 
173.2 0.994979 
173.6 0.995494 
174 0.995987 
174.4 0.996457 
174.8 0.996902 
175.2 0.997321 
175.6 0.997713 
176 0.998077 
176.4 0.998413 
176.8 0.998718 
177.2 0.998992 
177.6 0.999235 
178 0.999446 
178.4 0.999624 
178.8 0.999769 
179.2 0.99988 
179.6 0.999957 
180 1 
