0.4 0 
0.8 0.00730558 
1.2 0.0239218 
1.6 0.0488703 
2 0.0807571 
2.4 0.117934 
2.8 0.15867 
3.2 0.201314 
3.6 0.244408 
4 0.286768 
4.4 0.327509 
4.8 0.366031 
5.2 0.401985 
5.6 0.435221 
6 0.465736 
6.4 0.493622 
6.8 0.519037 
7.2 0.542168 
7.6 0.563216 
8 0.582383 
8.4 0.599864 
8.8 0.615842 
9.2 0.630483 
9.6 0.643939 
10 0.656346 
10.4 0.667821 
10.8 0.678467 
11.2 0.688372 
11.6 0.697615 
12 0.706262 
12.4 0.71437 
12.8 0.721991 
13.2 0.729168 
13.6 0.73594 
14 0.742341 
14.4 0.748401 
14.8 0.754145 
15.2 0.759595 
15.6 0.764773 
16 0.769697 
16.4 0.774383 
16.8 0.778847 
17.2 0.783102 
17.6 0.787163 
18 0.791042 
18.4 0.794749 
18.8 0.798294 
19.2 0.801688 
19.6 0.804938 
20 0.808054 
20.4 0.811042 
20.8 0.81391 
21.2 0.816664 
21.6 0.819312 
22 0.821859 
22.4 0.824312 
22.8 0.826676 
23.2 0.828956 
23.6 0.831157 
24 0.833283 
24.4 0.835338 
24.8 0.837327 
25.2 0.839252 
25.6 0.841117 
26 0.842927 
26.4 0.844683 
26.8 0.846389 
27.2 0.848047 
27.6 0.849661 
28 0.851232 
28.4 0.852762 
28.8 0.854254 
29.2 0.85571 
29.6 0.857131 
30 0.858519 
30.4 0.859875 
30.8 0.861202 
31.2 0.8625 
31.6 0.86377 
32 0.865015 
32.4 0.866234 
32.8 0.86743 
33.2 0.868602 
33.6 0.869753 
34 0.870882 
34.4 0.87199 
34.8 0.87308 
35.2 0.87415 
35.6 0.875201 
36 0.876235 
36.4 0.877252 
36.8 0.878252 
37.2 0.879236 
37.6 0.880204 
38 0.881158 
38.4 0.882096 
38.8 0.88302 
39.2 0.883931 
39.6 0.884827 
40 0.885711 
40.4 0.886582 
40.8 0.88744 
41.2 0.888286 
41.6 0.889119 
42 0.889941 
42.4 0.890752 
42.8 0.891552 
43.2 0.89234 
43.6 0.893118 
44 0.893885 
44.4 0.894642 
44.8 0.895389 
45.2 0.896126 
45.6 0.896853 
46 0.897571 
46.4 0.898279 
46.8 0.898978 
47.2 0.899667 
47.6 0.900348 
48 0.90102 
48.4 0.901683 
48.8 0.902338 
49.2 0.902984 
49.6 0.903621 
50 0.90425 
50.4 0.904871 
50.8 0.905484 
51.2 0.906089 
51.6 0.906686 
52 0.907274 
52.4 0.907855 
52.8 0.908428 
53.2 0.908994 
53.6 0.909552 
54 0.910102 
54.4 0.910645 
54.8 0.91118 
55.2 0.911707 
55.6 0.912228 
56 0.91274 
56.4 0.913246 
56.8 0.913744 
57.2 0.914235 
57.6 0.914719 
58 0.915196 
58.4 0.915665 
58.8 0.916128 
59.2 0.916583 
59.6 0.917032 
60 0.917473 
60.4 0.917908 
60.8 0.918336 
61.2 0.918757 
61.6 0.919172 
62 0.91958 
62.4 0.919981 
62.8 0.920376 
63.2 0.920765 
63.6 0.921147 
64 0.921523 
64.4 0.921893 
64.8 0.922257 
65.2 0.922614 
65.6 0.922966 
66 0.923313 
66.4 0.923653 
66.8 0.923989 
67.2 0.924318 
67.6 0.924643 
68 0.924962 
68.4 0.925276 
68.8 0.925586 
69.2 0.92589 
69.6 0.926191 
70 0.926486 
70.4 0.926778 
70.8 0.927065 
71.2 0.927348 
71.6 0.927628 
72 0.927904 
72.4 0.928176 
72.8 0.928446 
73.2 0.928712 
73.6 0.928975 
74 0.929236 
74.4 0.929494 
74.8 0.929749 
75.2 0.930003 
75.6 0.930254 
76 0.930504 
76.4 0.930752 
76.8 0.930999 
77.2 0.931244 
77.6 0.931489 
78 0.931732 
78.4 0.931975 
78.8 0.932218 
79.2 0.93246 
79.6 0.932702 
80 0.932944 
80.4 0.933186 
80.8 0.933429 
81.2 0.933672 
81.6 0.933916 
82 0.934161 
82.4 0.934407 
82.8 0.934654 
83.2 0.934902 
83.6 0.935151 
84 0.935403 
84.4 0.935656 
84.8 0.93591 
85.2 0.936167 
85.6 0.936425 
86 0.936686 
86.4 0.936948 
86.8 0.937213 
87.2 0.93748 
87.6 0.93775 
88 0.938022 
88.4 0.938296 
88.8 0.938573 
89.2 0.938852 
89.6 0.939134 
90 0.939418 
90.4 0.939705 
90.8 0.939994 
91.2 0.940286 
91.6 0.94058 
92 0.940876 
92.4 0.941175 
92.8 0.941475 
93.2 0.941778 
93.6 0.942083 
94 0.94239 
94.4 0.942699 
94.8 0.94301 
95.2 0.943322 
95.6 0.943636 
96 0.943952 
96.4 0.944268 
96.8 0.944586 
97.2 0.944904 
97.6 0.945224 
98 0.945544 
98.4 0.945865 
98.8 0.946185 
99.2 0.946506 
99.6 0.946827 
100 0.947148 
100.4 0.947468 
100.8 0.947787 
101.2 0.948106 
101.6 0.948423 
102 0.948739 
102.4 0.949053 
102.8 0.949366 
103.2 0.949677 
103.6 0.949986 
104 0.950292 
104.4 0.950596 
104.8 0.950897 
105.2 0.951195 
105.6 0.951489 
106 0.95178 
106.4 0.952068 
106.8 0.952352 
107.2 0.952631 
107.6 0.952907 
108 0.953178 
108.4 0.953444 
108.8 0.953706 
109.2 0.953962 
109.6 0.954214 
110 0.95446 
110.4 0.954701 
110.8 0.954936 
111.2 0.955166 
111.6 0.955389 
112 0.955607 
112.4 0.955819 
112.8 0.956024 
113.2 0.956224 
113.6 0.956417 
114 0.956604 
114.4 0.956784 
114.8 0.956958 
115.2 0.957125 
115.6 0.957286 
116 0.95744 
116.4 0.957588 
116.8 0.957729 
117.2 0.957864 
117.6 0.957993 
118 0.958115 
118.4 0.958231 
118.8 0.958341 
119.2 0.958444 
119.6 0.958542 
120 0.958634 
120.4 0.95872 
120.8 0.9588 
121.2 0.958875 
121.6 0.958945 
122 0.95901 
122.4 0.959069 
122.8 0.959125 
123.2 0.959175 
123.6 0.959222 
124 0.959264 
124.4 0.959303 
124.8 0.959338 
125.2 0.95937 
125.6 0.959399 
126 0.959425 
126.4 0.959449 
126.8 0.959471 
127.2 0.959492 
127.6 0.95951 
128 0.959528 
128.4 0.959545 
128.8 0.959562 
129.2 0.959578 
129.6 0.959595 
130 0.959612 
130.4 0.959631 
130.8 0.95965 
131.2 0.959672 
131.6 0.959695 
132 0.959721 
132.4 0.95975 
132.8 0.959782 
133.2 0.959817 
133.6 0.959856 
134 0.959899 
134.4 0.959947 
134.8 0.96 
135.2 0.960059 
135.6 0.960123 
136 0.960192 
136.4 0.960268 
136.8 0.960351 
137.2 0.960441 
137.6 0.960538 
138 0.960642 
138.4 0.960755 
138.8 0.960875 
139.2 0.961004 
139.6 0.961142 
140 0.961288 
140.4 0.961444 
140.8 0.961609 
141.2 0.961783 
141.6 0.961968 
142 0.962162 
142.4 0.962367 
142.8 0.962582 
143.2 0.962807 
143.6 0.963043 
144 0.96329 
144.4 0.963547 
144.8 0.963815 
145.2 0.964094 
145.6 0.964385 
146 0.964686 
146.4 0.964998 
146.8 0.965321 
147.2 0.965655 
147.6 0.966 
148 0.966357 
148.4 0.966723 
148.8 0.967101 
149.2 0.967489 
149.6 0.967888 
150 0.968297 
150.4 0.968716 
150.8 0.969145 
151.2 0.969583 
151.6 0.970032 
152 0.970489 
152.4 0.970956 
152.8 0.971431 
153.2 0.971915 
153.6 0.972407 
154 0.972906 
154.4 0.973414 
154.8 0.973928 
155.2 0.974449 
155.6 0.974977 
156 0.97551 
156.4 0.97605 
156.8 0.976594 
157.2 0.977143 
157.6 0.977696 
158 0.978253 
158.4 0.978814 
158.8 0.979377 
159.2 0.979943 
159.6 0.98051 
160 0.981079 
160.4 0.981649 
160.8 0.982219 
161.2 0.98279 
161.6 0.983359 
162 0.983927 
162.4 0.984493 
162.8 0.985057 
163.2 0.985618 
163.6 0.986176 
164 0.986729 
164.4 0.987279 
164.8 0.987823 
165.2 0.988361 
165.6 0.988893 
166 0.989419 
166.4 0.989937 
166.8 0.990448 
167.2 0.99095 
167.6 0.991443 
168 0.991928 
168.4 0.992402 
168.8 0.992866 
169.2 0.993319 
169.6 0.99376 
170 0.99419 
170.4 0.994608 
170.8 0.995012 
171.2 0.995404 
171.6 0.995782 
172 0.996146 
172.4 0.996496 
172.8 0.996831 
173.2 0.997151 
173.6 0.997455 
174 0.997744 
174.4 0.998016 
174.8 0.998272 
175.2 0.998511 
175.6 0.998734 
176 0.998939 
176.4 0.999126 
176.8 0.999296 
177.2 0.999448 
177.6 0.999582 
178 0.999698 
178.4 0.999795 
178.8 0.999874 
179.2 0.999935 
179.6 0.999977 
