0.4 0 
0.8 0.00228891 
1.2 0.00759082 
1.6 0.015812 
2 0.0268047 
2.4 0.0403674 
2.8 0.0562493 
3.2 0.0741571 
3.6 0.0937665 
4 0.114737 
4.4 0.136728 
4.8 0.159413 
5.2 0.182493 
5.6 0.205705 
6 0.228823 
6.4 0.25166 
6.8 0.274062 
7.2 0.295906 
7.6 0.317096 
8 0.337555 
8.4 0.357226 
8.8 0.376068 
9.2 0.394058 
9.6 0.411187 
10 0.427457 
10.4 0.442883 
10.8 0.457489 
11.2 0.471303 
11.6 0.484359 
12 0.496689 
12.4 0.508331 
12.8 0.519319 
13.2 0.52969 
13.6 0.539479 
14 0.54872 
14.4 0.557448 
14.8 0.565696 
15.2 0.573498 
15.6 0.580881 
16 0.587876 
16.4 0.594507 
16.8 0.600801 
17.2 0.60678 
17.6 0.612467 
18 0.617882 
18.4 0.623047 
18.8 0.62798 
19.2 0.632699 
19.6 0.637219 
20 0.641556 
20.4 0.645722 
20.8 0.649728 
21.2 0.653587 
21.6 0.657307 
22 0.660899 
22.4 0.664373 
22.8 0.667736 
23.2 0.670998 
23.6 0.674165 
24 0.677246 
24.4 0.680245 
24.8 0.683166 
25.2 0.686016 
25.6 0.688797 
26 0.691512 
26.4 0.694166 
26.8 0.696762 
27.2 0.699303 
27.6 0.701793 
28 0.704234 
28.4 0.706628 
28.8 0.708977 
29.2 0.711283 
29.6 0.713547 
30 0.71577 
30.4 0.717953 
30.8 0.720097 
31.2 0.722203 
31.6 0.724271 
32 0.726304 
32.4 0.7283 
32.8 0.730262 
33.2 0.73219 
33.6 0.734084 
34 0.735944 
34.4 0.737771 
34.8 0.739564 
35.2 0.741324 
35.6 0.743051 
36 0.744746 
36.4 0.746408 
36.8 0.748038 
37.2 0.749636 
37.6 0.751202 
38 0.752737 
38.4 0.75424 
38.8 0.755713 
39.2 0.757154 
39.6 0.758564 
40 0.759944 
40.4 0.761294 
40.8 0.762614 
41.2 0.763905 
41.6 0.765166 
42 0.766399 
42.4 0.767603 
42.8 0.768779 
43.2 0.769927 
43.6 0.771048 
44 0.772143 
44.4 0.773212 
44.8 0.774255 
45.2 0.775274 
45.6 0.776269 
46 0.77724 
46.4 0.778189 
46.8 0.779115 
47.2 0.78002 
47.6 0.780904 
48 0.781768 
48.4 0.782613 
48.8 0.783441 
49.2 0.78425 
49.6 0.785044 
50 0.785823 
50.4 0.786586 
50.8 0.787337 
51.2 0.788074 
51.6 0.7888 
52 0.789515 
52.4 0.79022 
52.8 0.790915 
53.2 0.791603 
53.6 0.792283 
54 0.792958 
54.4 0.793628 
54.8 0.794293 
55.2 0.794955 
55.6 0.795615 
56 0.796274 
56.4 0.796931 
56.8 0.797589 
57.2 0.798248 
57.6 0.798909 
58 0.799572 
58.4 0.800238 
58.8 0.800909 
59.2 0.801584 
59.6 0.802265 
60 0.802952 
60.4 0.803645 
60.8 0.804346 
61.2 0.805053 
61.6 0.805769 
62 0.806493 
62.4 0.807226 
62.8 0.807967 
63.2 0.808717 
63.6 0.809477 
64 0.810246 
64.4 0.811025 
64.8 0.811813 
65.2 0.812611 
65.6 0.813418 
66 0.814235 
66.4 0.81506 
66.8 0.815895 
67.2 0.816737 
67.6 0.817589 
68 0.818447 
68.4 0.819314 
68.8 0.820187 
69.2 0.821067 
69.6 0.821952 
70 0.822842 
70.4 0.823737 
70.8 0.824636 
71.2 0.825538 
71.6 0.826442 
72 0.827347 
72.4 0.828253 
72.8 0.82916 
73.2 0.830065 
73.6 0.830968 
74 0.831868 
74.4 0.832764 
74.8 0.833656 
75.2 0.834542 
75.6 0.835421 
76 0.836293 
76.4 0.837156 
76.8 0.838009 
77.2 0.838852 
77.6 0.839684 
78 0.840503 
78.4 0.84131 
78.8 0.842102 
79.2 0.842879 
79.6 0.84364 
80 0.844385 
80.4 0.845113 
80.8 0.845823 
81.2 0.846514 
81.6 0.847185 
82 0.847837 
82.4 0.848468 
82.8 0.849078 
83.2 0.849667 
83.6 0.850234 
84 0.850779 
84.4 0.851301 
84.8 0.851802 
85.2 0.852279 
85.6 0.852734 
86 0.853166 
86.4 0.853575 
86.8 0.853961 
87.2 0.854326 
87.6 0.854668 
88 0.854988 
88.4 0.855286 
88.8 0.855564 
89.2 0.855821 
89.6 0.856059 
90 0.856277 
90.4 0.856476 
90.8 0.856658 
91.2 0.856824 
91.6 0.856973 
92 0.857107 
92.4 0.857227 
92.8 0.857335 
93.2 0.85743 
93.6 0.857515 
94 0.85759 
94.4 0.857657 
94.8 0.857718 
95.2 0.857773 
95.6 0.857823 
96 0.857871 
96.4 0.857917 
96.8 0.857964 
97.2 0.858012 
97.6 0.858062 
98 0.858117 
98.4 0.858178 
98.8 0.858247 
99.2 0.858324 
99.6 0.858411 
100 0.85851 
100.4 0.858623 
100.8 0.858749 
101.2 0.858892 
101.6 0.859052 
102 0.859231 
102.4 0.859429 
102.8 0.859649 
103.2 0.85989 
103.6 0.860156 
104 0.860445 
104.4 0.860761 
104.8 0.861103 
105.2 0.861472 
105.6 0.86187 
106 0.862297 
106.4 0.862753 
106.8 0.863241 
107.2 0.863759 
107.6 0.864308 
108 0.86489 
108.4 0.865503 
108.8 0.866149 
109.2 0.866828 
109.6 0.867539 
110 0.868283 
110.4 0.86906 
110.8 0.869868 
111.2 0.870709 
111.6 0.871581 
112 0.872485 
112.4 0.873419 
112.8 0.874383 
113.2 0.875377 
113.6 0.876398 
114 0.877448 
114.4 0.878524 
114.8 0.879626 
115.2 0.880753 
115.6 0.881903 
116 0.883075 
116.4 0.884268 
116.8 0.88548 
117.2 0.886711 
117.6 0.887958 
118 0.88922 
118.4 0.890496 
118.8 0.891783 
119.2 0.893081 
119.6 0.894388 
120 0.895701 
120.4 0.89702 
120.8 0.898342 
121.2 0.899665 
121.6 0.900989 
122 0.902311 
122.4 0.903628 
122.8 0.904941 
123.2 0.906246 
123.6 0.907543 
124 0.908829 
124.4 0.910102 
124.8 0.911362 
125.2 0.912606 
125.6 0.913833 
126 0.915041 
126.4 0.91623 
126.8 0.917396 
127.2 0.91854 
127.6 0.919659 
128 0.920753 
128.4 0.92182 
128.8 0.922859 
129.2 0.92387 
129.6 0.92485 
130 0.925801 
130.4 0.926719 
130.8 0.927606 
131.2 0.92846 
131.6 0.929282 
132 0.930069 
132.4 0.930823 
132.8 0.931543 
133.2 0.932228 
133.6 0.932879 
134 0.933497 
134.4 0.93408 
134.8 0.93463 
135.2 0.935146 
135.6 0.93563 
136 0.936082 
136.4 0.936502 
136.8 0.936891 
137.2 0.93725 
137.6 0.93758 
138 0.937883 
138.4 0.938158 
138.8 0.938408 
139.2 0.938633 
139.6 0.938835 
140 0.939015 
140.4 0.939175 
140.8 0.939316 
141.2 0.93944 
141.6 0.939548 
142 0.939642 
142.4 0.939725 
142.8 0.939796 
143.2 0.939859 
143.6 0.939915 
144 0.939967 
144.4 0.940014 
144.8 0.940061 
145.2 0.940108 
145.6 0.940158 
146 0.940211 
146.4 0.940271 
146.8 0.940339 
147.2 0.940416 
147.6 0.940504 
148 0.940606 
148.4 0.940723 
148.8 0.940856 
149.2 0.941007 
149.6 0.941178 
150 0.94137 
150.4 0.941584 
150.8 0.941822 
151.2 0.942085 
151.6 0.942375 
152 0.942692 
152.4 0.943037 
152.8 0.943412 
153.2 0.943817 
153.6 0.944252 
154 0.94472 
154.4 0.945219 
154.8 0.945751 
155.2 0.946316 
155.6 0.946914 
156 0.947545 
156.4 0.94821 
156.8 0.948907 
157.2 0.949638 
157.6 0.950401 
158 0.951196 
158.4 0.952023 
158.8 0.952881 
159.2 0.953769 
159.6 0.954686 
160 0.955632 
160.4 0.956606 
160.8 0.957605 
161.2 0.958629 
161.6 0.959677 
162 0.960747 
162.4 0.961838 
162.8 0.962947 
163.2 0.964074 
163.6 0.965217 
164 0.966373 
164.4 0.967541 
164.8 0.968718 
165.2 0.969904 
165.6 0.971095 
166 0.972289 
166.4 0.973486 
166.8 0.974681 
167.2 0.975874 
167.6 0.977061 
168 0.978241 
168.4 0.979411 
168.8 0.980569 
169.2 0.981713 
169.6 0.982841 
170 0.98395 
170.4 0.985037 
170.8 0.986102 
171.2 0.987142 
171.6 0.988154 
172 0.989136 
172.4 0.990087 
172.8 0.991005 
173.2 0.991887 
173.6 0.992732 
174 0.993537 
174.4 0.994303 
174.8 0.995025 
175.2 0.995704 
175.6 0.996338 
176 0.996924 
176.4 0.997463 
176.8 0.997953 
177.2 0.998393 
177.6 0.998781 
178 0.999118 
178.4 0.999402 
178.8 0.999632 
179.2 0.999809 
179.6 0.999932 
