0.1 1.20905e-05 
0.2 2.39638e-05 
0.3 3.54054e-05 
0.4 4.62061e-05 
0.5 5.61648e-05 
0.6 6.50911e-05 
0.7 7.28072e-05 
0.8 7.91504e-05 
0.9 8.39752e-05 
1 8.71546e-05 
1.1 8.85818e-05 
1.2 8.81714e-05 
1.3 8.58605e-05 
1.4 8.16088e-05 
1.5 7.53995e-05 
1.6 6.7239e-05 
1.7 5.71568e-05 
1.8 4.52052e-05 
1.9 3.14579e-05 
2 1.60095e-05 
2.1 -1.02572e-06 
2.2 -1.95157e-05 
2.3 -3.93121e-05 
2.4 -6.02519e-05 
2.5 -8.21599e-05 
2.6 -0.000104851 
2.7 -0.00012813 
2.8 -0.0001518 
2.9 -0.000175658 
3 -0.0001995 
3.1 -0.000223127 
3.2 -0.000246341 
3.3 -0.000268952 
3.4 -0.00029078 
3.5 -0.000311656 
3.6 -0.000331426 
3.7 -0.00034995 
3.8 -0.000367108 
3.9 -0.000382798 
4 -0.00039694 
4.1 -0.000409477 
4.2 -0.000420374 
4.3 -0.000429623 
4.4 -0.000437238 
4.5 -0.000443258 
4.6 -0.000447747 
4.7 -0.000450791 
4.8 -0.000452501 
4.9 -0.000453006 
5 -0.000452456 
5.1 -0.000451017 
5.2 -0.00044887 
5.3 -0.000446206 
5.4 -0.000443226 
5.5 -0.000440135 
5.6 -0.00043714 
5.7 -0.000434446 
5.8 -0.000432252 
5.9 -0.000430747 
6 -0.00043011 
6.1 -0.000430502 
6.2 -0.000432062 
6.3 -0.000434912 
6.4 -0.000439145 
6.5 -0.000444829 
6.6 -0.000452003 
6.7 -0.000460676 
6.8 -0.000470826 
6.9 -0.000482402 
7 -0.00049532 
7.1 -0.000509468 
7.2 -0.000524706 
7.3 -0.000540868 
7.4 -0.000557763 
7.5 -0.000575181 
7.6 -0.000592894 
7.7 -0.000610659 
7.8 -0.000628226 
7.9 -0.000645336 
8 -0.000661731 
8.1 -0.000677156 
8.2 -0.000691364 
8.3 -0.000704119 
8.4 -0.000715201 
8.5 -0.000724412 
8.6 -0.000731575 
8.7 -0.000736542 
8.8 -0.000739195 
8.9 -0.000739447 
9 -0.000737244 
9.1 -0.000732569 
9.2 -0.000725438 
9.3 -0.000715902 
9.4 -0.000704047 
9.5 -0.000689991 
9.6 -0.00067388 
9.7 -0.000655887 
9.8 -0.000636211 
9.9 -0.000615066 
10 -0.000592682 
10.1 -0.000569299 
10.2 -0.00054516 
10.3 -0.000520507 
10.4 -0.000495575 
10.5 -0.000470586 
10.6 -0.000445745 
10.7 -0.000421233 
10.8 -0.000397204 
10.9 -0.000373782 
11 -0.000351052 
11.1 -0.000329064 
11.2 -0.000307826 
11.3 -0.000287304 
11.4 -0.000267421 
11.5 -0.000248059 
11.6 -0.000229059 
11.7 -0.000210221 
11.8 -0.00019131 
11.9 -0.00017206 
12 -0.000152173 
12.1 -0.00013133 
12.2 -0.000109194 
12.3 -8.54145e-05 
12.4 -5.96373e-05 
12.5 -3.15075e-05 
12.6 -6.77382e-07 
12.7 3.31869e-05 
12.8 7.03996e-05 
12.9 0.000111249 
13 0.000155993 
13.1 0.000204853 
13.2 0.00025801 
13.3 0.000315602 
13.4 0.000377721 
13.5 0.000444412 
13.6 0.000515671 
13.7 0.000591446 
13.8 0.00067164 
13.9 0.00075611 
14 0.000844674 
14.1 0.000937112 
14.2 0.00103317 
14.3 0.00113258 
14.4 0.00123504 
14.5 0.00134024 
14.6 0.00144787 
14.7 0.0015576 
14.8 0.00166914 
14.9 0.00178219 
15 0.00189648 
15.1 0.00201177 
15.2 0.00212784 
15.3 0.00224454 
15.4 0.00236171 
15.5 0.00247929 
15.6 0.00259722 
15.7 0.00271553 
15.8 0.00283426 
15.9 0.00295352 
16 0.00307346 
16.1 0.00319426 
16.2 0.00331615 
16.3 0.00343939 
16.4 0.00356426 
16.5 0.00369106 
16.6 0.00382012 
16.7 0.00395176 
16.8 0.0040863 
16.9 0.00422405 
17 0.00436533 
17.1 0.00451039 
17.2 0.00465951 
17.3 0.00481289 
17.4 0.0049707 
17.5 0.00513309 
17.6 0.00530014 
17.7 0.0054719 
17.8 0.00564834 
17.9 0.00582942 
18 0.00601502 
18.1 0.00620498 
18.2 0.0063991 
18.3 0.00659715 
18.4 0.00679885 
18.5 0.00700389 
18.6 0.00721194 
18.7 0.00742266 
18.8 0.00763568 
18.9 0.00785064 
19 0.00806719 
19.1 0.00828496 
19.2 0.00850363 
19.3 0.00872288 
19.4 0.00894241 
19.5 0.00916196 
19.6 0.00938132 
19.7 0.00960028 
19.8 0.00981869 
19.9 0.0100364 
20 0.0102534 
20.1 0.0104697 
20.2 0.0106851 
20.3 0.0108998 
20.4 0.0111138 
20.5 0.0113271 
20.6 0.01154 
20.7 0.0117524 
20.8 0.0119645 
20.9 0.0121765 
21 0.0123885 
21.1 0.0126005 
21.2 0.0128127 
21.3 0.0130253 
21.4 0.0132381 
21.5 0.0134514 
21.6 0.0136652 
21.7 0.0138793 
21.8 0.0140938 
21.9 0.0143086 
22 0.0145237 
22.1 0.0147388 
22.2 0.0149539 
22.3 0.0151686 
22.4 0.015383 
22.5 0.0155966 
22.6 0.0158093 
22.7 0.0160209 
22.8 0.016231 
22.9 0.0164394 
23 0.016646 
23.1 0.0168503 
23.2 0.0170523 
23.3 0.0172516 
23.4 0.0174481 
23.5 0.0176416 
23.6 0.017832 
23.7 0.0180191 
23.8 0.0182028 
23.9 0.0183831 
24 0.0185598 
24.1 0.018733 
24.2 0.0189026 
24.3 0.0190686 
24.4 0.0192311 
24.5 0.0193901 
24.6 0.0195455 
24.7 0.0196976 
24.8 0.0198461 
24.9 0.0199913 
25 0.0201332 
25.1 0.0202717 
25.2 0.0204068 
25.3 0.0205386 
25.4 0.020667 
25.5 0.020792 
25.6 0.0209134 
25.7 0.0210312 
25.8 0.0211452 
25.9 0.0212553 
26 0.0213615 
26.1 0.0214633 
26.2 0.0215608 
26.3 0.0216537 
26.4 0.0217418 
26.5 0.0218248 
26.6 0.0219027 
26.7 0.0219751 
26.8 0.0220419 
26.9 0.0221029 
27 0.022158 
27.1 0.022207 
27.2 0.0222498 
27.3 0.0222863 
27.4 0.0223165 
27.5 0.0223404 
27.6 0.0223578 
27.7 0.0223689 
27.8 0.0223738 
27.9 0.0223724 
28 0.022365 
28.1 0.0223516 
28.2 0.0223324 
28.3 0.0223076 
28.4 0.0222774 
28.5 0.0222419 
28.6 0.0222013 
28.7 0.0221558 
28.8 0.0221055 
28.9 0.0220507 
29 0.0219915 
29.1 0.0219279 
29.2 0.0218601 
29.3 0.0217881 
29.4 0.021712 
29.5 0.0216318 
29.6 0.0215474 
29.7 0.0214587 
29.8 0.0213656 
29.9 0.0212681 
30 0.0211658 
30.1 0.0210587 
30.2 0.0209464 
30.3 0.0208288 
30.4 0.0207054 
30.5 0.0205762 
30.6 0.0204407 
30.7 0.0202987 
30.8 0.0201498 
30.9 0.0199939 
31 0.0198306 
31.1 0.0196596 
31.2 0.0194809 
31.3 0.0192941 
31.4 0.0190991 
31.5 0.0188958 
31.6 0.0186841 
31.7 0.018464 
31.8 0.0182355 
31.9 0.0179987 
32 0.0177536 
32.1 0.0175003 
32.2 0.0172391 
32.3 0.0169701 
32.4 0.0166937 
32.5 0.0164099 
32.6 0.0161192 
32.7 0.0158218 
32.8 0.0155181 
32.9 0.0152083 
33 0.0148927 
33.1 0.0145718 
33.2 0.0142457 
33.3 0.0139147 
33.4 0.0135791 
33.5 0.013239 
33.6 0.0128947 
33.7 0.0125463 
33.8 0.0121938 
33.9 0.0118374 
34 0.0114769 
34.1 0.0111124 
34.2 0.0107438 
34.3 0.0103708 
34.4 0.00999345 
34.5 0.00961138 
34.6 0.00922438 
34.7 0.00883214 
34.8 0.00843437 
34.9 0.00803072 
35 0.00762085 
35.1 0.0072044 
35.2 0.00678103 
35.3 0.00635037 
35.4 0.0059121 
35.5 0.00546589 
35.6 0.00501145 
35.7 0.00454853 
35.8 0.00407689 
35.9 0.00359634 
36 0.00310675 
36.1 0.00260802 
36.2 0.00210009 
36.3 0.00158297 
36.4 0.00105672 
36.5 0.000521415 
36.6 -2.27837e-05 
36.7 -0.00057569 
36.8 -0.00113707 
36.9 -0.00170667 
37 -0.00228417 
37.1 -0.00286926 
37.2 -0.00346159 
37.3 -0.00406079 
37.4 -0.0046665 
37.5 -0.00527836 
37.6 -0.00589599 
37.7 -0.00651904 
37.8 -0.00714717 
37.9 -0.00778009 
38 -0.0084175 
38.1 -0.00905917 
38.2 -0.00970487 
38.3 -0.0103545 
38.4 -0.0110078 
38.5 -0.0116648 
38.6 -0.0123255 
38.7 -0.0129899 
38.8 -0.013658 
38.9 -0.0143299 
39 -0.0150059 
39.1 -0.0156861 
39.2 -0.0163706 
39.3 -0.0170599 
39.4 -0.0177542 
39.5 -0.0184537 
39.6 -0.0191588 
39.7 -0.0198698 
39.8 -0.020587 
39.9 -0.0213107 
40 -0.0220413 
40.1 -0.022779 
40.2 -0.023524 
40.3 -0.0242765 
40.4 -0.0250369 
40.5 -0.0258051 
40.6 -0.0265813 
40.7 -0.0273656 
40.8 -0.0281579 
40.9 -0.0289582 
41 -0.0297664 
41.1 -0.0305824 
41.2 -0.031406 
41.3 -0.0322369 
41.4 -0.0330749 
41.5 -0.0339197 
41.6 -0.0347708 
41.7 -0.0356279 
41.8 -0.0364907 
41.9 -0.0373587 
42 -0.0382314 
42.1 -0.0391084 
42.2 -0.0399893 
42.3 -0.0408736 
42.4 -0.041761 
42.5 -0.042651 
42.6 -0.0435432 
42.7 -0.0444372 
42.8 -0.0453328 
42.9 -0.0462297 
43 -0.0471275 
43.1 -0.0480261 
43.2 -0.0489252 
43.3 -0.0498248 
43.4 -0.0507247 
43.5 -0.0516249 
43.6 -0.0525253 
43.7 -0.0534259 
43.8 -0.0543268 
43.9 -0.0552279 
44 -0.0561295 
44.1 -0.0570314 
44.2 -0.0579339 
44.3 -0.0588371 
44.4 -0.059741 
44.5 -0.0606457 
44.6 -0.0615512 
44.7 -0.0624578 
44.8 -0.0633653 
44.9 -0.0642738 
45 -0.0651832 
45.1 -0.0660935 
45.2 -0.0670046 
45.3 -0.0679163 
45.4 -0.0688285 
45.5 -0.0697409 
45.6 -0.0706532 
45.7 -0.0715651 
45.8 -0.0724762 
45.9 -0.0733862 
46 -0.0742946 
46.1 -0.0752009 
46.2 -0.0761046 
46.3 -0.0770052 
46.4 -0.077902 
46.5 -0.0787946 
46.6 -0.0796824 
46.7 -0.0805646 
46.8 -0.0814408 
46.9 -0.0823103 
47 -0.0831725 
47.1 -0.0840268 
47.2 -0.0848727 
47.3 -0.0857096 
47.4 -0.0865369 
47.5 -0.0873542 
47.6 -0.0881609 
47.7 -0.0889567 
47.8 -0.089741 
47.9 -0.0905134 
48 -0.0912736 
48.1 -0.0920212 
48.2 -0.092756 
48.3 -0.0934774 
48.4 -0.0941854 
48.5 -0.0948796 
48.6 -0.0955597 
48.7 -0.0962256 
48.8 -0.0968768 
48.9 -0.0975133 
49 -0.0981348 
49.1 -0.0987409 
49.2 -0.0993315 
49.3 -0.0999063 
49.4 -0.100465 
49.5 -0.101007 
49.6 -0.101533 
49.7 -0.102041 
49.8 -0.102532 
49.9 -0.103005 
50 -0.103459 
50.1 -0.103895 
50.2 -0.104312 
50.3 -0.104709 
50.4 -0.105086 
50.5 -0.105443 
50.6 -0.105778 
50.7 -0.106092 
50.8 -0.106383 
50.9 -0.106652 
51 -0.106897 
51.1 -0.107119 
51.2 -0.107317 
51.3 -0.10749 
51.4 -0.107639 
51.5 -0.107761 
51.6 -0.107858 
51.7 -0.107929 
51.8 -0.107973 
51.9 -0.107991 
52 -0.107981 
52.1 -0.107945 
52.2 -0.10788 
52.3 -0.107789 
52.4 -0.10767 
52.5 -0.107523 
52.6 -0.107348 
52.7 -0.107145 
52.8 -0.106915 
52.9 -0.106657 
53 -0.106371 
53.1 -0.106057 
53.2 -0.105716 
53.3 -0.105347 
53.4 -0.104951 
53.5 -0.104527 
53.6 -0.104076 
53.7 -0.103598 
53.8 -0.103093 
53.9 -0.10256 
54 -0.102 
54.1 -0.101413 
54.2 -0.100799 
54.3 -0.100158 
54.4 -0.0994905 
54.5 -0.0987957 
54.6 -0.0980739 
54.7 -0.0973253 
54.8 -0.0965498 
54.9 -0.0957475 
55 -0.0949186 
55.1 -0.094063 
55.2 -0.0931809 
55.3 -0.0922725 
55.4 -0.0913379 
55.5 -0.0903774 
55.6 -0.0893912 
55.7 -0.0883796 
55.8 -0.0873428 
55.9 -0.0862814 
56 -0.0851957 
56.1 -0.0840862 
56.2 -0.0829534 
56.3 -0.0817978 
56.4 -0.0806201 
56.5 -0.0794209 
56.6 -0.0782008 
56.7 -0.0769606 
56.8 -0.0757009 
56.9 -0.0744226 
57 -0.0731263 
57.1 -0.071813 
57.2 -0.0704833 
57.3 -0.069138 
57.4 -0.067778 
57.5 -0.066404 
57.6 -0.0650167 
57.7 -0.063617 
57.8 -0.0622054 
57.9 -0.0607827 
58 -0.0593496 
58.1 -0.0579066 
58.2 -0.0564544 
58.3 -0.0549934 
58.4 -0.0535242 
58.5 -0.0520471 
58.6 -0.0505627 
58.7 -0.0490713 
58.8 -0.0475733 
58.9 -0.0460688 
59 -0.0445583 
59.1 -0.043042 
59.2 -0.04152 
59.3 -0.0399926 
59.4 -0.0384599 
59.5 -0.0369222 
59.6 -0.0353796 
59.7 -0.0338323 
59.8 -0.0322805 
59.9 -0.0307243 
60 -0.029164 
60.1 -0.0275998 
60.2 -0.0260319 
60.3 -0.0244606 
60.4 -0.0228862 
60.5 -0.021309 
60.6 -0.0197294 
60.7 -0.0181477 
60.8 -0.0165644 
60.9 -0.0149799 
61 -0.0133948 
61.1 -0.0118094 
61.2 -0.0102244 
61.3 -0.0086402 
61.4 -0.00705748 
61.5 -0.00547677 
61.6 -0.00389868 
61.7 -0.00232378 
61.8 -0.00075268 
61.9 0.000814048 
62 0.00237582 
62.1 0.00393209 
62.2 0.0054823 
62.3 0.00702595 
62.4 0.00856255 
62.5 0.0100916 
62.6 0.0116128 
62.7 0.0131257 
62.8 0.0146299 
62.9 0.0161252 
63 0.0176114 
63.1 0.0190881 
63.2 0.0205554 
63.3 0.022013 
63.4 0.0234609 
63.5 0.024899 
63.6 0.0263275 
63.7 0.0277463 
63.8 0.0291556 
63.9 0.0305555 
64 0.031946 
64.1 0.0333275 
64.2 0.0347001 
64.3 0.036064 
64.4 0.0374194 
64.5 0.0387665 
64.6 0.0401057 
64.7 0.041437 
64.8 0.0427608 
64.9 0.0440773 
65 0.0453865 
65.1 0.0466888 
65.2 0.0479842 
65.3 0.049273 
65.4 0.0505551 
65.5 0.0518308 
65.6 0.0531 
65.7 0.0543628 
65.8 0.0556191 
65.9 0.056869 
66 0.0581124 
66.1 0.0593493 
66.2 0.0605794 
66.3 0.0618027 
66.4 0.0630191 
66.5 0.0642284 
66.6 0.0654304 
66.7 0.0666249 
66.8 0.0678118 
66.9 0.0689909 
67 0.0701619 
67.1 0.0713247 
67.2 0.0724791 
67.3 0.073625 
67.4 0.0747621 
67.5 0.0758903 
67.6 0.0770096 
67.7 0.0781198 
67.8 0.0792208 
67.9 0.0803125 
68 0.081395 
68.1 0.0824683 
68.2 0.0835323 
68.3 0.0845872 
68.4 0.0856329 
68.5 0.0866697 
68.6 0.0876976 
68.7 0.0887168 
68.8 0.0897275 
68.9 0.0907299 
69 0.0917242 
69.1 0.0927107 
69.2 0.0936895 
69.3 0.0946611 
69.4 0.0956255 
69.5 0.0965832 
69.6 0.0975345 
69.7 0.0984795 
69.8 0.0994186 
69.9 0.100352 
70 0.10128 
70.1 0.102203 
70.2 0.103121 
70.3 0.104035 
70.4 0.104944 
70.5 0.105849 
70.6 0.10675 
70.7 0.107647 
70.8 0.108541 
70.9 0.109431 
71 0.110317 
71.1 0.111201 
71.2 0.112081 
71.3 0.112957 
71.4 0.113831 
71.5 0.114701 
71.6 0.115569 
71.7 0.116433 
71.8 0.117294 
71.9 0.118151 
72 0.119006 
72.1 0.119857 
72.2 0.120704 
72.3 0.121549 
72.4 0.122389 
72.5 0.123226 
72.6 0.12406 
72.7 0.12489 
72.8 0.125716 
72.9 0.126538 
73 0.127357 
73.1 0.128172 
73.2 0.128983 
73.3 0.129791 
73.4 0.130595 
73.5 0.131395 
73.6 0.132192 
73.7 0.132985 
73.8 0.133774 
73.9 0.134561 
74 0.135344 
74.1 0.136124 
74.2 0.136902 
74.3 0.137676 
74.4 0.138448 
74.5 0.139218 
74.6 0.139986 
74.7 0.140751 
74.8 0.141515 
74.9 0.142277 
75 0.143038 
75.1 0.143798 
75.2 0.144557 
75.3 0.145315 
75.4 0.146072 
75.5 0.14683 
75.6 0.147587 
75.7 0.148344 
75.8 0.149101 
75.9 0.149859 
76 0.150618 
76.1 0.151377 
76.2 0.152136 
76.3 0.152897 
76.4 0.153659 
76.5 0.154422 
76.6 0.155186 
76.7 0.155952 
76.8 0.156719 
76.9 0.157488 
77 0.158258 
77.1 0.159029 
77.2 0.159802 
77.3 0.160577 
77.4 0.161353 
77.5 0.162131 
77.6 0.162911 
77.7 0.163692 
77.8 0.164475 
77.9 0.165259 
78 0.166046 
78.1 0.166834 
78.2 0.167624 
78.3 0.168415 
78.4 0.169208 
78.5 0.170003 
78.6 0.1708 
78.7 0.171599 
78.8 0.1724 
78.9 0.173202 
79 0.174007 
79.1 0.174814 
79.2 0.175623 
79.3 0.176435 
79.4 0.177249 
79.5 0.178065 
79.6 0.178884 
79.7 0.179706 
79.8 0.180531 
79.9 0.181359 
80 0.18219 
80.1 0.183025 
80.2 0.183863 
80.3 0.184704 
80.4 0.18555 
80.5 0.186399 
80.6 0.187253 
80.7 0.188111 
80.8 0.188974 
80.9 0.189841 
81 0.190713 
81.1 0.19159 
81.2 0.192471 
81.3 0.193359 
81.4 0.194251 
81.5 0.19515 
81.6 0.196053 
81.7 0.196963 
81.8 0.197879 
81.9 0.1988 
82 0.199728 
82.1 0.200662 
82.2 0.201602 
82.3 0.202549 
82.4 0.203502 
82.5 0.204462 
82.6 0.205428 
82.7 0.206402 
82.8 0.207382 
82.9 0.208369 
83 0.209362 
83.1 0.210363 
83.2 0.211371 
83.3 0.212386 
83.4 0.213408 
83.5 0.214437 
83.6 0.215474 
83.7 0.216517 
83.8 0.217568 
83.9 0.218627 
84 0.219692 
84.1 0.220766 
84.2 0.221846 
84.3 0.222934 
84.4 0.22403 
84.5 0.225133 
84.6 0.226244 
84.7 0.227363 
84.8 0.228489 
84.9 0.229623 
85 0.230765 
85.1 0.231915 
85.2 0.233072 
85.3 0.234237 
85.4 0.23541 
85.5 0.236591 
85.6 0.23778 
85.7 0.238976 
85.8 0.24018 
85.9 0.241391 
86 0.24261 
86.1 0.243837 
86.2 0.24507 
86.3 0.246311 
86.4 0.247559 
86.5 0.248813 
86.6 0.250074 
86.7 0.251341 
86.8 0.252614 
86.9 0.253893 
87 0.255177 
87.1 0.256465 
87.2 0.257758 
87.3 0.259054 
87.4 0.260353 
87.5 0.261655 
87.6 0.262959 
87.7 0.264263 
87.8 0.265568 
87.9 0.266871 
88 0.268173 
88.1 0.269472 
88.2 0.270766 
88.3 0.272055 
88.4 0.273337 
88.5 0.274611 
88.6 0.275875 
88.7 0.277126 
88.8 0.278364 
88.9 0.279587 
89 0.280791 
89.1 0.281974 
89.2 0.283135 
89.3 0.284269 
89.4 0.285375 
89.5 0.286448 
89.6 0.287486 
89.7 0.288484 
89.8 0.289438 
89.9 0.290345 
90 0.291198 
90.1 0.291994 
90.2 0.292726 
90.3 0.293389 
90.4 0.293976 
90.5 0.294479 
90.6 0.294893 
90.7 0.295208 
90.8 0.295417 
90.9 0.295508 
91 0.295473 
91.1 0.295301 
91.2 0.29498 
91.3 0.294497 
91.4 0.293838 
91.5 0.29299 
91.6 0.291937 
91.7 0.290661 
91.8 0.289145 
91.9 0.287371 
92 0.285316 
92.1 0.28296 
92.2 0.280278 
92.3 0.277247 
92.4 0.27384 
92.5 0.270029 
92.6 0.265785 
92.7 0.261076 
92.8 0.25587 
92.9 0.250133 
93 0.24383 
93.1 0.236924 
93.2 0.229378 
93.3 0.221153 
93.4 0.21221 
93.5 0.202511 
93.6 0.192016 
93.7 0.180688 
93.8 0.16849 
93.9 0.155388 
94 0.141352 
94.1 0.126353 
94.2 0.11037 
94.3 0.0933875 
94.4 0.0753957 
94.5 0.0563946 
94.6 0.0363935 
94.7 0.0154127 
94.8 -0.00651555 
94.9 -0.0293462 
95 -0.0530202 
95.1 -0.0774644 
95.2 -0.102591 
95.3 -0.128299 
95.4 -0.154471 
95.5 -0.18098 
95.6 -0.207685 
95.7 -0.234439 
95.8 -0.261085 
95.9 -0.287463 
96 -0.313412 
96.1 -0.338774 
96.2 -0.363395 
96.3 -0.387129 
96.4 -0.409842 
96.5 -0.431412 
96.6 -0.451735 
96.7 -0.470723 
96.8 -0.488306 
96.9 -0.504434 
97 -0.519073 
97.1 -0.532209 
97.2 -0.543845 
97.3 -0.553998 
97.4 -0.562702 
97.5 -0.569998 
97.6 -0.575943 
97.7 -0.580597 
97.8 -0.584031 
97.9 -0.586317 
98 -0.587531 
98.1 -0.587752 
98.2 -0.587059 
98.3 -0.585527 
98.4 -0.583234 
98.5 -0.580251 
98.6 -0.57665 
98.7 -0.572497 
98.8 -0.567854 
98.9 -0.562782 
99 -0.557334 
99.1 -0.551562 
99.2 -0.545512 
99.3 -0.539229 
99.4 -0.53275 
99.5 -0.526113 
99.6 -0.519349 
99.7 -0.512489 
99.8 -0.505557 
99.9 -0.498578 
100 -0.491574 
100.1 -0.484562 
100.2 -0.477559 
100.3 -0.47058 
100.4 -0.463638 
100.5 -0.456744 
100.6 -0.449908 
100.7 -0.443138 
100.8 -0.436442 
100.9 -0.429825 
101 -0.423293 
101.1 -0.416849 
101.2 -0.410499 
101.3 -0.404244 
101.4 -0.398086 
101.5 -0.392028 
101.6 -0.38607 
101.7 -0.380214 
101.8 -0.374459 
101.9 -0.368806 
102 -0.363254 
102.1 -0.357804 
102.2 -0.352453 
102.3 -0.347203 
102.4 -0.34205 
102.5 -0.336995 
102.6 -0.332036 
102.7 -0.327171 
102.8 -0.3224 
102.9 -0.31772 
103 -0.31313 
103.1 -0.308629 
103.2 -0.304214 
103.3 -0.299884 
103.4 -0.295638 
103.5 -0.291473 
103.6 -0.287389 
103.7 -0.283383 
103.8 -0.279454 
103.9 -0.275599 
104 -0.271818 
104.1 -0.268109 
104.2 -0.26447 
104.3 -0.2609 
104.4 -0.257397 
104.5 -0.253959 
104.6 -0.250586 
104.7 -0.247275 
104.8 -0.244026 
104.9 -0.240836 
105 -0.237705 
105.1 -0.23463 
105.2 -0.231612 
105.3 -0.228648 
105.4 -0.225738 
105.5 -0.222879 
105.6 -0.220072 
105.7 -0.217314 
105.8 -0.214605 
105.9 -0.211943 
106 -0.209328 
106.1 -0.206758 
106.2 -0.204233 
106.3 -0.20175 
106.4 -0.19931 
106.5 -0.196912 
106.6 -0.194554 
106.7 -0.192236 
106.8 -0.189956 
106.9 -0.187714 
107 -0.185509 
107.1 -0.18334 
107.2 -0.181207 
107.3 -0.179108 
107.4 -0.177043 
107.5 -0.175012 
107.6 -0.173012 
107.7 -0.171044 
107.8 -0.169107 
107.9 -0.167201 
108 -0.165324 
108.1 -0.163476 
108.2 -0.161656 
108.3 -0.159865 
108.4 -0.1581 
108.5 -0.156362 
108.6 -0.15465 
108.7 -0.152963 
108.8 -0.151301 
108.9 -0.149664 
109 -0.148051 
109.1 -0.146461 
109.2 -0.144894 
109.3 -0.143349 
109.4 -0.141827 
109.5 -0.140326 
109.6 -0.138846 
109.7 -0.137386 
109.8 -0.135947 
109.9 -0.134528 
110 -0.133128 
110.1 -0.131747 
110.2 -0.130385 
110.3 -0.129042 
110.4 -0.127716 
110.5 -0.126408 
110.6 -0.125117 
110.7 -0.123843 
110.8 -0.122586 
110.9 -0.121345 
111 -0.12012 
111.1 -0.11891 
111.2 -0.117716 
111.3 -0.116538 
111.4 -0.115374 
111.5 -0.114224 
111.6 -0.113089 
111.7 -0.111968 
111.8 -0.110861 
111.9 -0.109768 
112 -0.108687 
112.1 -0.10762 
112.2 -0.106566 
112.3 -0.105524 
112.4 -0.104495 
112.5 -0.103477 
112.6 -0.102472 
112.7 -0.101479 
112.8 -0.100497 
112.9 -0.0995269 
113 -0.0985677 
113.1 -0.0976195 
113.2 -0.0966822 
113.3 -0.0957554 
113.4 -0.0948392 
113.5 -0.0939332 
113.6 -0.0930373 
113.7 -0.0921514 
113.8 -0.0912752 
113.9 -0.0904087 
114 -0.0895517 
114.1 -0.0887039 
114.2 -0.0878653 
114.3 -0.0870357 
114.4 -0.086215 
114.5 -0.0854029 
114.6 -0.0845995 
114.7 -0.0838044 
114.8 -0.0830177 
114.9 -0.0822391 
115 -0.0814685 
115.1 -0.0807059 
115.2 -0.079951 
115.3 -0.0792037 
115.4 -0.078464 
115.5 -0.0777317 
115.6 -0.0770066 
115.7 -0.0762887 
115.8 -0.0755779 
115.9 -0.074874 
116 -0.074177 
116.1 -0.0734866 
116.2 -0.0728029 
116.3 -0.0721257 
116.4 -0.0714549 
116.5 -0.0707905 
116.6 -0.0701322 
116.7 -0.0694801 
116.8 -0.068834 
116.9 -0.0681939 
117 -0.0675596 
117.1 -0.0669311 
117.2 -0.0663082 
117.3 -0.065691 
117.4 -0.0650792 
117.5 -0.0644729 
117.6 -0.063872 
117.7 -0.0632763 
117.8 -0.0626858 
117.9 -0.0621005 
118 -0.0615202 
118.1 -0.0609449 
118.2 -0.0603746 
118.3 -0.0598091 
118.4 -0.0592483 
118.5 -0.0586923 
118.6 -0.058141 
118.7 -0.0575943 
118.8 -0.0570521 
118.9 -0.0565144 
119 -0.0559811 
119.1 -0.0554522 
119.2 -0.0549276 
119.3 -0.0544073 
119.4 -0.0538911 
119.5 -0.0533791 
119.6 -0.0528713 
119.7 -0.0523674 
119.8 -0.0518676 
119.9 -0.0513717 
120 -0.0508798 
120.1 -0.0503916 
120.2 -0.0499074 
120.3 -0.0494268 
120.4 -0.04895 
120.5 -0.0484769 
120.6 -0.0480074 
120.7 -0.0475415 
120.8 -0.0470791 
120.9 -0.0466202 
121 -0.0461648 
121.1 -0.0457129 
121.2 -0.0452643 
121.3 -0.044819 
121.4 -0.0443771 
121.5 -0.0439384 
121.6 -0.0435029 
121.7 -0.0430706 
121.8 -0.0426415 
121.9 -0.0422155 
122 -0.0417925 
122.1 -0.0413726 
122.2 -0.0409557 
122.3 -0.0405418 
122.4 -0.0401308 
122.5 -0.0397226 
122.6 -0.0393174 
122.7 -0.0389149 
122.8 -0.0385153 
122.9 -0.0381184 
123 -0.0377242 
123.1 -0.0373327 
123.2 -0.0369439 
123.3 -0.0365577 
123.4 -0.0361741 
123.5 -0.0357931 
123.6 -0.0354146 
123.7 -0.0350386 
123.8 -0.0346651 
123.9 -0.034294 
124 -0.0339253 
124.1 -0.0335591 
124.2 -0.0331952 
124.3 -0.0328336 
124.4 -0.0324744 
124.5 -0.0321174 
124.6 -0.0317628 
124.7 -0.0314103 
124.8 -0.0310601 
124.9 -0.0307121 
125 -0.0303662 
125.1 -0.0300225 
125.2 -0.0296809 
125.3 -0.0293415 
125.4 -0.0290041 
125.5 -0.0286689 
125.6 -0.0283357 
125.7 -0.0280045 
125.8 -0.0276753 
125.9 -0.0273482 
126 -0.0270231 
126.1 -0.0267 
126.2 -0.0263788 
126.3 -0.0260597 
126.4 -0.0257425 
126.5 -0.0254272 
126.6 -0.0251139 
126.7 -0.0248025 
126.8 -0.024493 
126.9 -0.0241854 
127 -0.0238798 
127.1 -0.0235761 
127.2 -0.0232743 
127.3 -0.0229744 
127.4 -0.0226764 
127.5 -0.0223803 
127.6 -0.0220862 
127.7 -0.0217939 
127.8 -0.0215036 
127.9 -0.0212152 
128 -0.0209287 
128.1 -0.0206441 
128.2 -0.0203615 
128.3 -0.0200809 
128.4 -0.0198021 
128.5 -0.0195254 
128.6 -0.0192507 
128.7 -0.0189779 
128.8 -0.0187072 
128.9 -0.0184384 
129 -0.0181718 
129.1 -0.0179072 
129.2 -0.0176446 
129.3 -0.0173842 
129.4 -0.0171259 
129.5 -0.0168698 
129.6 -0.0166159 
129.7 -0.0163641 
129.8 -0.0161146 
129.9 -0.0158673 
130 -0.0156224 
130.1 -0.0153798 
130.2 -0.0151396 
130.3 -0.0149017 
130.4 -0.0146664 
130.5 -0.0144335 
130.6 -0.0142032 
130.7 -0.0139754 
130.8 -0.0137503 
130.9 -0.0135279 
131 -0.0133083 
131.1 -0.0130914 
131.2 -0.0128774 
131.3 -0.0126664 
131.4 -0.0124584 
131.5 -0.0122534 
131.6 -0.0120516 
131.7 -0.011853 
131.8 -0.0116578 
131.9 -0.0114659 
132 -0.0112776 
132.1 -0.0110928 
132.2 -0.0109118 
132.3 -0.0107345 
132.4 -0.0105612 
132.5 -0.0103919 
132.6 -0.0102267 
132.7 -0.0100659 
132.8 -0.00990947 
132.9 -0.00975763 
133 -0.00961052 
133.1 -0.0094683 
133.2 -0.00933114 
133.3 -0.00919921 
133.4 -0.00907271 
133.5 -0.00895183 
133.6 -0.00883677 
133.7 -0.00872776 
133.8 -0.00862502 
133.9 -0.0085288 
134 -0.00843935 
134.1 -0.00835693 
134.2 -0.00828184 
134.3 -0.00821436 
134.4 -0.0081548 
134.5 -0.00810351 
134.6 -0.00806082 
134.7 -0.00802711 
134.8 -0.00800275 
134.9 -0.00798816 
135 -0.00798377 
135.1 -0.00799002 
135.2 -0.00800741 
135.3 -0.00803642 
135.4 -0.0080776 
135.5 -0.00813151 
135.6 -0.00819874 
135.7 -0.00827992 
135.8 -0.00837571 
135.9 -0.00848682 
136 -0.008614 
136.1 -0.00875801 
136.2 -0.00891969 
136.3 -0.00909993 
136.4 -0.00929964 
136.5 -0.00951982 
136.6 -0.00976151 
136.7 -0.0100258 
136.8 -0.0103139 
136.9 -0.010627 
137 -0.0109664 
137.1 -0.0113335 
137.2 -0.0117299 
137.3 -0.012157 
137.4 -0.0126166 
137.5 -0.0131103 
137.6 -0.0136401 
137.7 -0.014208 
137.8 -0.0148161 
137.9 -0.0154666 
138 -0.0161619 
138.1 -0.0169046 
138.2 -0.0176973 
138.3 -0.0185429 
138.4 -0.0194446 
138.5 -0.0204054 
138.6 -0.0214289 
138.7 -0.0225187 
138.8 -0.0236788 
138.9 -0.0249132 
139 -0.0262265 
139.1 -0.0276232 
139.2 -0.0291084 
139.3 -0.0306874 
139.4 -0.0323658 
139.5 -0.0341496 
139.6 -0.0360452 
139.7 -0.0380592 
139.8 -0.0401988 
139.9 -0.0424716 
140 -0.0448855 
140.1 -0.0474489 
140.2 -0.0501709 
140.3 -0.0530607 
140.4 -0.0561282 
140.5 -0.0593837 
140.6 -0.062838 
140.7 -0.0665023 
140.8 -0.0703884 
140.9 -0.0745083 
141 -0.0788744 
141.1 -0.0834995 
141.2 -0.0883963 
141.3 -0.0935779 
141.4 -0.0990572 
141.5 -0.104847 
141.6 -0.110959 
141.7 -0.117406 
141.8 -0.124197 
141.9 -0.131342 
142 -0.138849 
142.1 -0.146722 
142.2 -0.154966 
142.3 -0.163579 
142.4 -0.172557 
142.5 -0.181891 
142.6 -0.191569 
142.7 -0.20157 
142.8 -0.211868 
142.9 -0.222431 
143 -0.233219 
143.1 -0.244183 
143.2 -0.255267 
143.3 -0.266407 
143.4 -0.277532 
143.5 -0.288563 
143.6 -0.299415 
143.7 -0.31 
143.8 -0.320224 
143.9 -0.329995 
144 -0.339221 
144.1 -0.347814 
144.2 -0.355691 
144.3 -0.36278 
144.4 -0.369017 
144.5 -0.374351 
144.6 -0.378746 
144.7 -0.382178 
144.8 -0.38464 
144.9 -0.386139 
145 -0.386696 
145.1 -0.386342 
145.2 -0.385123 
145.3 -0.38309 
145.4 -0.380304 
145.5 -0.37683 
145.6 -0.372736 
145.7 -0.368092 
145.8 -0.362967 
145.9 -0.35743 
146 -0.351546 
146.1 -0.345378 
146.2 -0.338982 
146.3 -0.332413 
146.4 -0.325719 
146.5 -0.318945 
146.6 -0.312129 
146.7 -0.305306 
146.8 -0.298507 
146.9 -0.291756 
147 -0.285077 
147.1 -0.278488 
147.2 -0.272005 
147.3 -0.26564 
147.4 -0.259404 
147.5 -0.253305 
147.6 -0.247349 
147.7 -0.24154 
147.8 -0.235881 
147.9 -0.230373 
148 -0.225017 
148.1 -0.219814 
148.2 -0.21476 
148.3 -0.209856 
148.4 -0.205098 
148.5 -0.200484 
148.6 -0.19601 
148.7 -0.191674 
148.8 -0.187472 
148.9 -0.1834 
149 -0.179455 
149.1 -0.175632 
149.2 -0.171928 
149.3 -0.16834 
149.4 -0.164863 
149.5 -0.161493 
149.6 -0.158227 
149.7 -0.155062 
149.8 -0.151993 
149.9 -0.149018 
150 -0.146133 
150.1 -0.143334 
150.2 -0.140619 
150.3 -0.137985 
150.4 -0.135428 
150.5 -0.132946 
150.6 -0.130537 
150.7 -0.128196 
150.8 -0.125922 
150.9 -0.123713 
151 -0.121566 
151.1 -0.119478 
151.2 -0.117449 
151.3 -0.115474 
151.4 -0.113554 
151.5 -0.111684 
151.6 -0.109865 
151.7 -0.108094 
151.8 -0.106368 
151.9 -0.104688 
152 -0.103051 
152.1 -0.101455 
152.2 -0.099899 
152.3 -0.0983821 
152.4 -0.0969025 
152.5 -0.0954591 
152.6 -0.0940506 
152.7 -0.0926758 
152.8 -0.0913337 
152.9 -0.090023 
153 -0.0887429 
153.1 -0.0874922 
153.2 -0.08627 
153.3 -0.0850754 
153.4 -0.0839076 
153.5 -0.0827655 
153.6 -0.0816486 
153.7 -0.0805558 
153.8 -0.0794866 
153.9 -0.0784401 
154 -0.0774156 
154.1 -0.0764126 
154.2 -0.0754303 
154.3 -0.074468 
154.4 -0.0735253 
154.5 -0.0726015 
154.6 -0.071696 
154.7 -0.0708084 
154.8 -0.0699381 
154.9 -0.0690845 
155 -0.0682473 
155.1 -0.0674259 
155.2 -0.06662 
155.3 -0.065829 
155.4 -0.0650525 
155.5 -0.0642902 
155.6 -0.0635417 
155.7 -0.0628065 
155.8 -0.0620843 
155.9 -0.0613749 
156 -0.0606777 
156.1 -0.0599925 
156.2 -0.059319 
156.3 -0.0586569 
156.4 -0.0580059 
156.5 -0.0573656 
156.6 -0.0567359 
156.7 -0.0561164 
156.8 -0.0555069 
156.9 -0.0549071 
157 -0.0543169 
157.1 -0.0537358 
157.2 -0.0531638 
157.3 -0.0526006 
157.4 -0.052046 
157.5 -0.0514997 
157.6 -0.0509617 
157.7 -0.0504316 
157.8 -0.0499093 
157.9 -0.0493946 
158 -0.0488874 
158.1 -0.0483874 
158.2 -0.0478945 
158.3 -0.0474085 
158.4 -0.0469293 
158.5 -0.0464567 
158.6 -0.0459906 
158.7 -0.0455307 
158.8 -0.0450771 
158.9 -0.0446295 
159 -0.0441878 
159.1 -0.0437519 
159.2 -0.0433216 
159.3 -0.0428969 
159.4 -0.0424776 
159.5 -0.0420636 
159.6 -0.0416547 
159.7 -0.0412509 
159.8 -0.0408521 
159.9 -0.0404582 
160 -0.040069 
160.1 -0.0396845 
160.2 -0.0393045 
160.3 -0.038929 
160.4 -0.0385579 
160.5 -0.0381911 
160.6 -0.0378285 
160.7 -0.03747 
160.8 -0.0371155 
160.9 -0.0367651 
161 -0.0364184 
161.1 -0.0360756 
161.2 -0.0357366 
161.3 -0.0354012 
161.4 -0.0350693 
161.5 -0.034741 
161.6 -0.0344162 
161.7 -0.0340947 
161.8 -0.0337766 
161.9 -0.0334617 
162 -0.03315 
162.1 -0.0328415 
162.2 -0.032536 
162.3 -0.0322336 
162.4 -0.0319341 
162.5 -0.0316375 
162.6 -0.0313438 
162.7 -0.0310529 
162.8 -0.0307648 
162.9 -0.0304793 
163 -0.0301966 
163.1 -0.0299164 
163.2 -0.0296388 
163.3 -0.0293637 
163.4 -0.0290911 
163.5 -0.028821 
163.6 -0.0285532 
163.7 -0.0282878 
163.8 -0.0280246 
163.9 -0.0277638 
164 -0.0275052 
164.1 -0.0272487 
164.2 -0.0269944 
164.3 -0.0267422 
164.4 -0.0264922 
164.5 -0.0262441 
164.6 -0.0259981 
164.7 -0.025754 
164.8 -0.0255119 
164.9 -0.0252717 
165 -0.0250333 
165.1 -0.0247968 
165.2 -0.0245622 
165.3 -0.0243293 
165.4 -0.0240981 
165.5 -0.0238687 
165.6 -0.023641 
165.7 -0.023415 
165.8 -0.0231906 
165.9 -0.0229679 
166 -0.0227467 
166.1 -0.0225271 
166.2 -0.022309 
166.3 -0.0220925 
166.4 -0.0218774 
166.5 -0.0216638 
166.6 -0.0214517 
166.7 -0.0212409 
166.8 -0.0210316 
166.9 -0.0208237 
167 -0.0206171 
167.1 -0.0204118 
167.2 -0.0202078 
167.3 -0.0200052 
167.4 -0.0198038 
167.5 -0.0196036 
167.6 -0.0194047 
167.7 -0.019207 
167.8 -0.0190105 
167.9 -0.0188152 
168 -0.018621 
168.1 -0.0184279 
168.2 -0.018236 
168.3 -0.0180452 
168.4 -0.0178554 
168.5 -0.0176668 
168.6 -0.0174791 
168.7 -0.0172926 
168.8 -0.017107 
168.9 -0.0169224 
169 -0.0167388 
169.1 -0.0165562 
169.2 -0.0163745 
169.3 -0.0161938 
169.4 -0.016014 
169.5 -0.0158351 
169.6 -0.0156572 
169.7 -0.01548 
169.8 -0.0153038 
169.9 -0.0151284 
170 -0.0149539 
170.1 -0.0147802 
170.2 -0.0146073 
170.3 -0.0144352 
170.4 -0.0142639 
170.5 -0.0140933 
170.6 -0.0139236 
170.7 -0.0137545 
170.8 -0.0135862 
170.9 -0.0134187 
171 -0.0132519 
171.1 -0.0130857 
171.2 -0.0129203 
171.3 -0.0127555 
171.4 -0.0125914 
171.5 -0.012428 
171.6 -0.0122652 
171.7 -0.0121031 
171.8 -0.0119415 
171.9 -0.0117806 
172 -0.0116203 
172.1 -0.0114606 
172.2 -0.0113015 
172.3 -0.0111429 
172.4 -0.010985 
172.5 -0.0108275 
172.6 -0.0106706 
172.7 -0.0105143 
172.8 -0.0103585 
172.9 -0.0102032 
173 -0.0100484 
173.1 -0.00989407 
173.2 -0.00974025 
173.3 -0.00958692 
173.4 -0.00943407 
173.5 -0.00928167 
173.6 -0.00912973 
173.7 -0.00897823 
173.8 -0.00882717 
173.9 -0.00867653 
174 -0.00852632 
174.1 -0.00837652 
174.2 -0.00822712 
174.3 -0.00807812 
174.4 -0.0079295 
174.5 -0.00778126 
174.6 -0.0076334 
174.7 -0.00748589 
174.8 -0.00733874 
174.9 -0.00719194 
175 -0.00704548 
175.1 -0.00689935 
175.2 -0.00675355 
175.3 -0.00660806 
175.4 -0.00646288 
175.5 -0.00631801 
175.6 -0.00617343 
175.7 -0.00602914 
175.8 -0.00588513 
175.9 -0.00574139 
176 -0.00559792 
176.1 -0.0054547 
176.2 -0.00531174 
176.3 -0.00516903 
176.4 -0.00502655 
176.5 -0.0048843 
176.6 -0.00474228 
176.7 -0.00460048 
176.8 -0.00445888 
176.9 -0.00431749 
177 -0.0041763 
177.1 -0.0040353 
177.2 -0.00389448 
177.3 -0.00375384 
177.4 -0.00361337 
177.5 -0.00347306 
177.6 -0.00333291 
177.7 -0.00319292 
177.8 -0.00305306 
177.9 -0.00291335 
178 -0.00277376 
178.1 -0.00263431 
178.2 -0.00249497 
178.3 -0.00235574 
178.4 -0.00221662 
178.5 -0.0020776 
178.6 -0.00193867 
178.7 -0.00179983 
178.8 -0.00166107 
178.9 -0.00152239 
179 -0.00138377 
179.1 -0.00124522 
179.2 -0.00110672 
179.3 -0.000968272 
179.4 -0.000829867 
179.5 -0.000691499 
179.6 -0.000553162 
179.7 -0.00041485 
179.8 -0.000276556 
