0.1 7.30996e-06 
0.2 1.457e-05 
0.3 2.17305e-05 
0.4 2.87424e-05 
0.5 3.55576e-05 
0.6 4.21293e-05 
0.7 4.84122e-05 
0.8 5.43627e-05 
0.9 5.99397e-05 
1 6.51045e-05 
1.1 6.98214e-05 
1.2 7.4058e-05 
1.3 7.77853e-05 
1.4 8.09787e-05 
1.5 8.36177e-05 
1.6 8.56867e-05 
1.7 8.71755e-05 
1.8 8.80789e-05 
1.9 8.8398e-05 
2 8.81398e-05 
2.1 8.7318e-05 
2.2 8.59527e-05 
2.3 8.40711e-05 
2.4 8.17075e-05 
2.5 7.89029e-05 
2.6 7.57057e-05 
2.7 7.2171e-05 
2.8 6.83606e-05 
2.9 6.43427e-05 
3 6.01913e-05 
3.1 5.59855e-05 
3.2 5.18089e-05 
3.3 4.7749e-05 
3.4 4.38954e-05 
3.5 4.03394e-05 
3.6 3.71722e-05 
3.7 3.44838e-05 
3.8 3.23613e-05 
3.9 3.08873e-05 
4 3.01385e-05 
4.1 3.01837e-05 
4.2 3.10821e-05 
4.3 3.28823e-05 
4.4 3.56199e-05 
4.5 3.93167e-05 
4.6 4.39794e-05 
4.7 4.95984e-05 
4.8 5.61469e-05 
4.9 6.3581e-05 
5 7.18391e-05 
5.1 8.08421e-05 
5.2 9.04941e-05 
5.3 0.000100684 
5.4 0.000111284 
5.5 0.000122157 
5.6 0.000133152 
5.7 0.000144112 
5.8 0.000154873 
5.9 0.000165269 
6 0.000175135 
6.1 0.000184307 
6.2 0.000192633 
6.3 0.000199968 
6.4 0.00020618 
6.5 0.000211158 
6.6 0.000214806 
6.7 0.000217052 
6.8 0.000217849 
6.9 0.000217173 
7 0.000215031 
7.1 0.000211452 
7.2 0.000206497 
7.3 0.000200252 
7.4 0.000192826 
7.5 0.000184354 
7.6 0.000174992 
7.7 0.000164912 
7.8 0.000154301 
7.9 0.000143356 
8 0.00013228 
8.1 0.000121277 
8.2 0.000110548 
8.3 0.000100284 
8.4 9.06668e-05 
8.5 8.18564e-05 
8.6 7.39932e-05 
8.7 6.71919e-05 
8.8 6.15382e-05 
8.9 5.70863e-05 
9 5.38571e-05 
9.1 5.18368e-05 
9.2 5.09765e-05 
9.3 5.11926e-05 
9.4 5.23678e-05 
9.5 5.43535e-05 
9.6 5.6972e-05 
9.7 6.00206e-05 
9.8 6.3275e-05 
9.9 6.64944e-05 
10 6.94263e-05 
10.1 7.18119e-05 
10.2 7.33918e-05 
10.3 7.39111e-05 
10.4 7.31254e-05 
10.5 7.0806e-05 
10.6 6.67446e-05 
10.7 6.07582e-05 
10.8 5.26927e-05 
10.9 4.24266e-05 
11 2.98734e-05 
11.1 1.49832e-05 
11.2 -2.2556e-06 
11.3 -2.1817e-05 
11.4 -4.36373e-05 
11.5 -6.76174e-05 
11.6 -9.36242e-05 
11.7 -0.000121495 
11.8 -0.000151038 
11.9 -0.000182043 
12 -0.000214279 
12.1 -0.000247503 
12.2 -0.000281465 
12.3 -0.000315915 
12.4 -0.000350604 
12.5 -0.000385294 
12.6 -0.000419762 
12.7 -0.000453802 
12.8 -0.000487234 
12.9 -0.000519903 
13 -0.000551686 
13.1 -0.000582492 
13.2 -0.000612262 
13.3 -0.000640974 
13.4 -0.000668642 
13.5 -0.00069531 
13.6 -0.00072106 
13.7 -0.000745999 
13.8 -0.000770263 
13.9 -0.000794014 
14 -0.000817431 
14.1 -0.000840709 
14.2 -0.000864055 
14.3 -0.000887679 
14.4 -0.000911795 
14.5 -0.000936611 
14.6 -0.000962327 
14.7 -0.000989131 
14.8 -0.00101719 
14.9 -0.00104666 
15 -0.00107766 
15.1 -0.0011103 
15.2 -0.00114464 
15.3 -0.00118072 
15.4 -0.00121857 
15.5 -0.00125816 
15.6 -0.00129945 
15.7 -0.00134237 
15.8 -0.00138683 
15.9 -0.00143269 
16 -0.00147984 
16.1 -0.00152811 
16.2 -0.00157734 
16.3 -0.00162735 
16.4 -0.00167798 
16.5 -0.00172905 
16.6 -0.00178038 
16.7 -0.00183182 
16.8 -0.00188321 
16.9 -0.00193441 
17 -0.00198531 
17.1 -0.00203581 
17.2 -0.00208582 
17.3 -0.00213529 
17.4 -0.00218419 
17.5 -0.00223249 
17.6 -0.00228022 
17.7 -0.0023274 
17.8 -0.00237407 
17.9 -0.00242029 
18 -0.00246615 
18.1 -0.00251173 
18.2 -0.00255712 
18.3 -0.00260241 
18.4 -0.00264771 
18.5 -0.00269311 
18.6 -0.00273869 
18.7 -0.00278454 
18.8 -0.00283072 
18.9 -0.00287728 
19 -0.00292427 
19.1 -0.00297169 
19.2 -0.00301955 
19.3 -0.00306783 
19.4 -0.0031165 
19.5 -0.00316549 
19.6 -0.00321475 
19.7 -0.00326418 
19.8 -0.00331368 
19.9 -0.00336314 
20 -0.00341246 
20.1 -0.00346149 
20.2 -0.00351014 
20.3 -0.00355826 
20.4 -0.00360575 
20.5 -0.0036525 
20.6 -0.00369842 
20.7 -0.00374341 
20.8 -0.00378742 
20.9 -0.00383039 
21 -0.00387229 
21.1 -0.00391311 
21.2 -0.00395286 
21.3 -0.00399157 
21.4 -0.00402928 
21.5 -0.00406606 
21.6 -0.00410199 
21.7 -0.00413715 
21.8 -0.00417165 
21.9 -0.00420559 
22 -0.00423908 
22.1 -0.00427224 
22.2 -0.00430515 
22.3 -0.00433793 
22.4 -0.00437065 
22.5 -0.00440339 
22.6 -0.00443618 
22.7 -0.00446906 
22.8 -0.00450203 
22.9 -0.00453507 
23 -0.00456814 
23.1 -0.00460115 
23.2 -0.00463401 
23.3 -0.00466659 
23.4 -0.00469874 
23.5 -0.00473028 
23.6 -0.00476103 
23.7 -0.00479076 
23.8 -0.00481928 
23.9 -0.00484633 
24 -0.00487169 
24.1 -0.00489513 
24.2 -0.00491643 
24.3 -0.00493536 
24.4 -0.00495174 
24.5 -0.00496538 
24.6 -0.00497613 
24.7 -0.00498387 
24.8 -0.00498849 
24.9 -0.00498995 
25 -0.0049882 
25.1 -0.00498327 
25.2 -0.0049752 
25.3 -0.00496408 
25.4 -0.00495002 
25.5 -0.00493317 
25.6 -0.00491371 
25.7 -0.00489185 
25.8 -0.00486782 
25.9 -0.00484186 
26 -0.00481422 
26.1 -0.00478516 
26.2 -0.00475495 
26.3 -0.00472384 
26.4 -0.00469207 
26.5 -0.00465987 
26.6 -0.00462742 
26.7 -0.00459492 
26.8 -0.00456249 
26.9 -0.00453024 
27 -0.00449824 
27.1 -0.0044665 
27.2 -0.004435 
27.3 -0.00440368 
27.4 -0.00437242 
27.5 -0.00434109 
27.6 -0.00430948 
27.7 -0.00427737 
27.8 -0.0042445 
27.9 -0.00421058 
28 -0.00417531 
28.1 -0.00413837 
28.2 -0.0040994 
28.3 -0.00405808 
28.4 -0.00401408 
28.5 -0.00396706 
28.6 -0.00391672 
28.7 -0.00386277 
28.8 -0.00380496 
28.9 -0.00374306 
29 -0.0036769 
29.1 -0.00360633 
29.2 -0.00353126 
29.3 -0.00345165 
29.4 -0.00336751 
29.5 -0.00327888 
29.6 -0.00318587 
29.7 -0.00308864 
29.8 -0.00298739 
29.9 -0.00288234 
30 -0.00277378 
30.1 -0.00266201 
30.2 -0.00254736 
30.3 -0.00243019 
30.4 -0.00231086 
30.5 -0.00218972 
30.6 -0.00206716 
30.7 -0.00194353 
30.8 -0.00181917 
30.9 -0.00169439 
31 -0.0015695 
31.1 -0.00144473 
31.2 -0.00132031 
31.3 -0.00119642 
31.4 -0.00107317 
31.5 -0.000950639 
31.6 -0.000828863 
31.7 -0.000707814 
31.8 -0.000587418 
31.9 -0.000467554 
32 -0.000348055 
32.1 -0.000228713 
32.2 -0.000109282 
32.3 1.05159e-05 
32.4 0.000130986 
32.5 0.000252451 
32.6 0.000375251 
32.7 0.00049973 
32.8 0.000626231 
32.9 0.000755091 
33 0.000886633 
33.1 0.00102116 
33.2 0.00115894 
33.3 0.00130022 
33.4 0.0014452 
33.5 0.00159405 
33.6 0.00174688 
33.7 0.00190377 
33.8 0.00206473 
33.9 0.00222975 
34 0.00239874 
34.1 0.00257158 
34.2 0.00274811 
34.3 0.00292811 
34.4 0.00311135 
34.5 0.00329753 
34.6 0.00348635 
34.7 0.00367749 
34.8 0.00387058 
34.9 0.00406529 
35 0.00426124 
35.1 0.00445808 
35.2 0.00465546 
35.3 0.00485306 
35.4 0.00505056 
35.5 0.00524768 
35.6 0.00544417 
35.7 0.0056398 
35.8 0.0058344 
35.9 0.00602784 
36 0.00622001 
36.1 0.00641087 
36.2 0.0066004 
36.3 0.00678863 
36.4 0.00697564 
36.5 0.00716154 
36.6 0.00734648 
36.7 0.00753062 
36.8 0.00771418 
36.9 0.00789738 
37 0.00808046 
37.1 0.00826367 
37.2 0.00844727 
37.3 0.00863151 
37.4 0.00881665 
37.5 0.00900293 
37.6 0.00919057 
37.7 0.00937977 
37.8 0.00957073 
37.9 0.00976358 
38 0.00995845 
38.1 0.0101554 
38.2 0.0103545 
38.3 0.0105558 
38.4 0.0107593 
38.5 0.0109648 
38.6 0.0111724 
38.7 0.0113818 
38.8 0.0115929 
38.9 0.0118056 
39 0.0120196 
39.1 0.0122348 
39.2 0.0124508 
39.3 0.0126674 
39.4 0.0128844 
39.5 0.0131015 
39.6 0.0133185 
39.7 0.0135351 
39.8 0.013751 
39.9 0.013966 
40 0.01418 
40.1 0.0143927 
40.2 0.014604 
40.3 0.0148137 
40.4 0.0150218 
40.5 0.0152281 
40.6 0.0154325 
40.7 0.0156351 
40.8 0.0158359 
40.9 0.0160348 
41 0.0162319 
41.1 0.0164273 
41.2 0.016621 
41.3 0.0168132 
41.4 0.017004 
41.5 0.0171934 
41.6 0.0173816 
41.7 0.0175688 
41.8 0.017755 
41.9 0.0179404 
42 0.0181251 
42.1 0.0183091 
42.2 0.0184926 
42.3 0.0186757 
42.4 0.0188584 
42.5 0.0190406 
42.6 0.0192226 
42.7 0.0194042 
42.8 0.0195854 
42.9 0.0197662 
43 0.0199466 
43.1 0.0201264 
43.2 0.0203055 
43.3 0.0204839 
43.4 0.0206615 
43.5 0.0208381 
43.6 0.0210136 
43.7 0.0211878 
43.8 0.0213607 
43.9 0.0215321 
44 0.0217018 
44.1 0.0218697 
44.2 0.0220358 
44.3 0.0221999 
44.4 0.0223618 
44.5 0.0225216 
44.6 0.0226792 
44.7 0.0228345 
44.8 0.0229874 
44.9 0.023138 
45 0.0232862 
45.1 0.0234321 
45.2 0.0235755 
45.3 0.0237166 
45.4 0.0238555 
45.5 0.023992 
45.6 0.0241263 
45.7 0.0242584 
45.8 0.0243884 
45.9 0.0245162 
46 0.024642 
46.1 0.0247658 
46.2 0.0248875 
46.3 0.0250073 
46.4 0.0251251 
46.5 0.0252409 
46.6 0.0253546 
46.7 0.0254664 
46.8 0.025576 
46.9 0.0256835 
47 0.0257888 
47.1 0.0258918 
47.2 0.0259924 
47.3 0.0260905 
47.4 0.026186 
47.5 0.0262787 
47.6 0.0263687 
47.7 0.0264557 
47.8 0.0265395 
47.9 0.0266203 
48 0.0266977 
48.1 0.0267717 
48.2 0.0268422 
48.3 0.0269091 
48.4 0.0269724 
48.5 0.0270319 
48.6 0.0270878 
48.7 0.0271399 
48.8 0.0271882 
48.9 0.0272328 
49 0.0272737 
49.1 0.0273109 
49.2 0.0273445 
49.3 0.0273746 
49.4 0.0274012 
49.5 0.0274245 
49.6 0.0274446 
49.7 0.0274616 
49.8 0.0274756 
49.9 0.0274867 
50 0.027495 
50.1 0.0275007 
50.2 0.0275038 
50.3 0.0275045 
50.4 0.0275027 
50.5 0.0274987 
50.6 0.0274923 
50.7 0.0274837 
50.8 0.0274729 
50.9 0.0274597 
51 0.0274443 
51.1 0.0274265 
51.2 0.0274063 
51.3 0.0273834 
51.4 0.027358 
51.5 0.0273297 
51.6 0.0272984 
51.7 0.0272639 
51.8 0.0272261 
51.9 0.0271848 
52 0.0271397 
52.1 0.0270906 
52.2 0.0270374 
52.3 0.0269799 
52.4 0.0269178 
52.5 0.026851 
52.6 0.0267792 
52.7 0.0267024 
52.8 0.0266205 
52.9 0.0265332 
53 0.0264405 
53.1 0.0263424 
53.2 0.0262388 
53.3 0.0261297 
53.4 0.0260152 
53.5 0.0258952 
53.6 0.0257699 
53.7 0.0256393 
53.8 0.0255036 
53.9 0.0253629 
54 0.0252174 
54.1 0.0250673 
54.2 0.0249127 
54.3 0.0247539 
54.4 0.0245912 
54.5 0.0244246 
54.6 0.0242545 
54.7 0.024081 
54.8 0.0239044 
54.9 0.0237248 
55 0.0235424 
55.1 0.0233574 
55.2 0.0231699 
55.3 0.02298 
55.4 0.0227878 
55.5 0.0225933 
55.6 0.0223967 
55.7 0.0221978 
55.8 0.0219966 
55.9 0.021793 
56 0.021587 
56.1 0.0213784 
56.2 0.0211671 
56.3 0.0209529 
56.4 0.0207355 
56.5 0.0205147 
56.6 0.0202904 
56.7 0.0200622 
56.8 0.0198298 
56.9 0.0195931 
57 0.0193517 
57.1 0.0191054 
57.2 0.0188539 
57.3 0.018597 
57.4 0.0183344 
57.5 0.018066 
57.6 0.0177915 
57.7 0.0175108 
57.8 0.0172238 
57.9 0.0169303 
58 0.0166304 
58.1 0.0163239 
58.2 0.0160109 
58.3 0.0156914 
58.4 0.0153655 
58.5 0.0150332 
58.6 0.0146948 
58.7 0.0143504 
58.8 0.0140002 
58.9 0.0136443 
59 0.0132831 
59.1 0.0129168 
59.2 0.0125456 
59.3 0.0121698 
59.4 0.0117897 
59.5 0.0114056 
59.6 0.0110177 
59.7 0.0106264 
59.8 0.0102318 
59.9 0.00983419 
60 0.00943381 
60.1 0.00903083 
60.2 0.00862542 
60.3 0.00821771 
60.4 0.00780781 
60.5 0.00739578 
60.6 0.00698167 
60.7 0.00656548 
60.8 0.00614717 
60.9 0.00572669 
61 0.00530393 
61.1 0.00487877 
61.2 0.00445105 
61.3 0.00402059 
61.4 0.00358718 
61.5 0.0031506 
61.6 0.0027106 
61.7 0.00226693 
61.8 0.00181933 
61.9 0.00136754 
62 0.000911284 
62.1 0.00045031 
62.2 -1.56344e-05 
62.3 -0.000486787 
62.4 -0.000963367 
62.5 -0.00144558 
62.6 -0.00193359 
62.7 -0.00242755 
62.8 -0.00292758 
62.9 -0.00343377 
63 -0.00394618 
63.1 -0.00446482 
63.2 -0.00498967 
63.3 -0.0055207 
63.4 -0.00605781 
63.5 -0.0066009 
63.6 -0.0071498 
63.7 -0.00770434 
63.8 -0.00826432 
63.9 -0.0088295 
64 -0.00939963 
64.1 -0.00997444 
64.2 -0.0105536 
64.3 -0.0111369 
64.4 -0.011724 
64.5 -0.0123146 
64.6 -0.0129083 
64.7 -0.0135049 
64.8 -0.0141041 
64.9 -0.0147055 
65 -0.015309 
65.1 -0.0159143 
65.2 -0.0165212 
65.3 -0.0171293 
65.4 -0.0177387 
65.5 -0.0183491 
65.6 -0.0189604 
65.7 -0.0195725 
65.8 -0.0201854 
65.9 -0.020799 
66 -0.0214133 
66.1 -0.0220284 
66.2 -0.0226442 
66.3 -0.0232609 
66.4 -0.0238786 
66.5 -0.0244973 
66.6 -0.0251172 
66.7 -0.0257385 
66.8 -0.0263612 
66.9 -0.0269856 
67 -0.0276117 
67.1 -0.0282398 
67.2 -0.02887 
67.3 -0.0295024 
67.4 -0.0301372 
67.5 -0.0307744 
67.6 -0.0314142 
67.7 -0.0320567 
67.8 -0.0327018 
67.9 -0.0333496 
68 -0.0340001 
68.1 -0.0346534 
68.2 -0.0353092 
68.3 -0.0359676 
68.4 -0.0366285 
68.5 -0.0372916 
68.6 -0.0379568 
68.7 -0.038624 
68.8 -0.0392929 
68.9 -0.0399632 
69 -0.0406348 
69.1 -0.0413073 
69.2 -0.0419804 
69.3 -0.0426538 
69.4 -0.0433273 
69.5 -0.0440004 
69.6 -0.0446729 
69.7 -0.0453444 
69.8 -0.0460147 
69.9 -0.0466833 
70 -0.04735 
70.1 -0.0480144 
70.2 -0.0486763 
70.3 -0.0493354 
70.4 -0.0499915 
70.5 -0.0506442 
70.6 -0.0512934 
70.7 -0.0519389 
70.8 -0.0525805 
70.9 -0.053218 
71 -0.0538512 
71.1 -0.0544801 
71.2 -0.0551045 
71.3 -0.0557243 
71.4 -0.0563395 
71.5 -0.05695 
71.6 -0.0575558 
71.7 -0.0581567 
71.8 -0.0587529 
71.9 -0.0593442 
72 -0.0599306 
72.1 -0.0605121 
72.2 -0.0610887 
72.3 -0.0616604 
72.4 -0.0622272 
72.5 -0.0627889 
72.6 -0.0633456 
72.7 -0.0638973 
72.8 -0.0644438 
72.9 -0.064985 
73 -0.065521 
73.1 -0.0660515 
73.2 -0.0665765 
73.3 -0.0670959 
73.4 -0.0676094 
73.5 -0.0681169 
73.6 -0.0686184 
73.7 -0.0691134 
73.8 -0.069602 
73.9 -0.0700838 
74 -0.0705587 
74.1 -0.0710263 
74.2 -0.0714866 
74.3 -0.0719392 
74.4 -0.0723839 
74.5 -0.0728205 
74.6 -0.0732488 
74.7 -0.0736684 
74.8 -0.0740792 
74.9 -0.0744809 
75 -0.0748734 
75.1 -0.0752564 
75.2 -0.0756297 
75.3 -0.0759932 
75.4 -0.0763467 
75.5 -0.0766899 
75.6 -0.0770229 
75.7 -0.0773453 
75.8 -0.0776572 
75.9 -0.0779584 
76 -0.0782488 
76.1 -0.0785284 
76.2 -0.078797 
76.3 -0.0790547 
76.4 -0.0793014 
76.5 -0.079537 
76.6 -0.0797615 
76.7 -0.0799749 
76.8 -0.0801773 
76.9 -0.0803685 
77 -0.0805486 
77.1 -0.0807175 
77.2 -0.0808754 
77.3 -0.0810222 
77.4 -0.0811578 
77.5 -0.0812823 
77.6 -0.0813957 
77.7 -0.0814979 
77.8 -0.081589 
77.9 -0.081669 
78 -0.0817377 
78.1 -0.0817952 
78.2 -0.0818415 
78.3 -0.0818766 
78.4 -0.0819003 
78.5 -0.0819127 
78.6 -0.0819137 
78.7 -0.0819032 
78.8 -0.0818813 
78.9 -0.0818479 
79 -0.0818029 
79.1 -0.0817463 
79.2 -0.0816781 
79.3 -0.0815983 
79.4 -0.0815068 
79.5 -0.0814036 
79.6 -0.0812887 
79.7 -0.0811621 
79.8 -0.0810238 
79.9 -0.0808739 
80 -0.0807124 
80.1 -0.0805393 
80.2 -0.0803547 
80.3 -0.0801587 
80.4 -0.0799514 
80.5 -0.0797329 
80.6 -0.0795032 
80.7 -0.0792625 
80.8 -0.079011 
80.9 -0.0787488 
81 -0.078476 
81.1 -0.0781928 
81.2 -0.0778995 
81.3 -0.0775961 
81.4 -0.0772829 
81.5 -0.0769601 
81.6 -0.0766279 
81.7 -0.0762864 
81.8 -0.0759359 
81.9 -0.0755765 
82 -0.0752086 
82.1 -0.0748322 
82.2 -0.0744475 
82.3 -0.0740548 
82.4 -0.0736542 
82.5 -0.0732459 
82.6 -0.0728301 
82.7 -0.0724069 
82.8 -0.0719764 
82.9 -0.0715388 
83 -0.0710942 
83.1 -0.0706428 
83.2 -0.0701846 
83.3 -0.0697198 
83.4 -0.0692484 
83.5 -0.0687705 
83.6 -0.0682862 
83.7 -0.0677955 
83.8 -0.0672985 
83.9 -0.0667953 
84 -0.0662859 
84.1 -0.0657703 
84.2 -0.0652487 
84.3 -0.064721 
84.4 -0.0641872 
84.5 -0.0636475 
84.6 -0.0631019 
84.7 -0.0625504 
84.8 -0.061993 
84.9 -0.06143 
85 -0.0608612 
85.1 -0.0602868 
85.2 -0.0597069 
85.3 -0.0591216 
85.4 -0.0585309 
85.5 -0.057935 
85.6 -0.057334 
85.7 -0.0567281 
85.8 -0.0561173 
85.9 -0.0555019 
86 -0.054882 
86.1 -0.0542578 
86.2 -0.0536294 
86.3 -0.0529971 
86.4 -0.052361 
86.5 -0.0517214 
86.6 -0.0510784 
86.7 -0.0504323 
86.8 -0.0497833 
86.9 -0.0491316 
87 -0.0484775 
87.1 -0.047821 
87.2 -0.0471626 
87.3 -0.0465023 
87.4 -0.0458404 
87.5 -0.0451771 
87.6 -0.0445126 
87.7 -0.0438471 
87.8 -0.0431808 
87.9 -0.0425138 
88 -0.0418463 
88.1 -0.0411785 
88.2 -0.0405105 
88.3 -0.0398424 
88.4 -0.0391744 
88.5 -0.0385065 
88.6 -0.0378389 
88.7 -0.0371716 
88.8 -0.0365047 
88.9 -0.0358383 
89 -0.0351723 
89.1 -0.0345069 
89.2 -0.0338421 
89.3 -0.0331778 
89.4 -0.032514 
89.5 -0.0318508 
89.6 -0.0311881 
89.7 -0.030526 
89.8 -0.0298643 
89.9 -0.0292031 
90 -0.0285422 
90.1 -0.0278818 
90.2 -0.0272216 
90.3 -0.0265618 
90.4 -0.0259022 
90.5 -0.0252427 
90.6 -0.0245834 
90.7 -0.0239243 
90.8 -0.0232652 
90.9 -0.0226062 
91 -0.0219473 
91.1 -0.0212884 
91.2 -0.0206295 
91.3 -0.0199706 
91.4 -0.0193118 
91.5 -0.018653 
91.6 -0.0179943 
91.7 -0.0173357 
91.8 -0.0166772 
91.9 -0.016019 
92 -0.015361 
92.1 -0.0147033 
92.2 -0.014046 
92.3 -0.0133893 
92.4 -0.012733 
92.5 -0.0120775 
92.6 -0.0114226 
92.7 -0.0107687 
92.8 -0.0101157 
92.9 -0.00946372 
93 -0.00881293 
93.1 -0.00816343 
93.2 -0.00751531 
93.3 -0.00686869 
93.4 -0.00622367 
93.5 -0.00558035 
93.6 -0.00493883 
93.7 -0.00429921 
93.8 -0.00366158 
93.9 -0.00302602 
94 -0.00239261 
94.1 -0.00176143 
94.2 -0.00113252 
94.3 -0.000505962 
94.4 0.000118212 
94.5 0.00073996 
94.6 0.00135925 
94.7 0.00197607 
94.8 0.00259039 
94.9 0.00320223 
95 0.00381158 
95.1 0.00441846 
95.2 0.00502289 
95.3 0.00562491 
95.4 0.00622456 
95.5 0.00682188 
95.6 0.00741692 
95.7 0.00800975 
95.8 0.00860044 
95.9 0.00918905 
96 0.00977567 
96.1 0.0103604 
96.2 0.0109432 
96.3 0.0115243 
96.4 0.0121038 
96.5 0.0126817 
96.6 0.013258 
96.7 0.013833 
96.8 0.0144067 
96.9 0.0149792 
97 0.0155505 
97.1 0.0161207 
97.2 0.0166899 
97.3 0.0172582 
97.4 0.0178257 
97.5 0.0183924 
97.6 0.0189583 
97.7 0.0195236 
97.8 0.0200882 
97.9 0.0206522 
98 0.0212156 
98.1 0.0217785 
98.2 0.0223408 
98.3 0.0229026 
98.4 0.023464 
98.5 0.0240248 
98.6 0.0245851 
98.7 0.0251448 
98.8 0.0257041 
98.9 0.0262627 
99 0.0268208 
99.1 0.0273783 
99.2 0.0279351 
99.3 0.0284912 
99.4 0.0290467 
99.5 0.0296013 
99.6 0.0301552 
99.7 0.0307082 
99.8 0.0312603 
99.9 0.0318115 
100 0.0323617 
100.1 0.0329109 
100.2 0.0334591 
100.3 0.0340061 
100.4 0.0345521 
100.5 0.0350969 
100.6 0.0356405 
100.7 0.036183 
100.8 0.0367242 
100.9 0.0372642 
101 0.037803 
101.1 0.0383405 
101.2 0.0388768 
101.3 0.0394119 
101.4 0.0399458 
101.5 0.0404784 
101.6 0.0410099 
101.7 0.0415403 
101.8 0.0420695 
101.9 0.0425978 
102 0.0431249 
102.1 0.0436512 
102.2 0.0441765 
102.3 0.044701 
102.4 0.0452247 
102.5 0.0457477 
102.6 0.0462701 
102.7 0.0467919 
102.8 0.0473132 
102.9 0.0478341 
103 0.0483547 
103.1 0.0488751 
103.2 0.0493954 
103.3 0.0499155 
103.4 0.0504357 
103.5 0.0509561 
103.6 0.0514766 
103.7 0.0519974 
103.8 0.0525186 
103.9 0.0530402 
104 0.0535624 
104.1 0.0540852 
104.2 0.0546086 
104.3 0.0551329 
104.4 0.0556579 
104.5 0.0561839 
104.6 0.0567108 
104.7 0.0572388 
104.8 0.0577678 
104.9 0.0582979 
105 0.0588292 
105.1 0.0593618 
105.2 0.0598956 
105.3 0.0604307 
105.4 0.0609671 
105.5 0.0615049 
105.6 0.0620441 
105.7 0.0625847 
105.8 0.0631268 
105.9 0.0636702 
106 0.0642152 
106.1 0.0647616 
106.2 0.0653095 
106.3 0.0658589 
106.4 0.0664098 
106.5 0.0669621 
106.6 0.067516 
106.7 0.0680714 
106.8 0.0686284 
106.9 0.0691868 
107 0.0697467 
107.1 0.0703082 
107.2 0.0708712 
107.3 0.0714357 
107.4 0.0720018 
107.5 0.0725695 
107.6 0.0731386 
107.7 0.0737094 
107.8 0.0742818 
107.9 0.0748558 
108 0.0754314 
108.1 0.0760087 
108.2 0.0765877 
108.3 0.0771684 
108.4 0.0777509 
108.5 0.0783352 
108.6 0.0789213 
108.7 0.0795094 
108.8 0.0800994 
108.9 0.0806914 
109 0.0812855 
109.1 0.0818817 
109.2 0.0824801 
109.3 0.0830808 
109.4 0.0836838 
109.5 0.0842893 
109.6 0.0848973 
109.7 0.0855079 
109.8 0.0861211 
109.9 0.0867372 
110 0.0873561 
110.1 0.0879781 
110.2 0.0886031 
110.3 0.0892313 
110.4 0.0898627 
110.5 0.0904976 
110.6 0.091136 
110.7 0.091778 
110.8 0.0924237 
110.9 0.0930733 
111 0.0937268 
111.1 0.0943844 
111.2 0.0950461 
111.3 0.0957122 
111.4 0.0963827 
111.5 0.0970577 
111.6 0.0977374 
111.7 0.0984218 
111.8 0.0991112 
111.9 0.0998055 
112 0.100505 
112.1 0.101209 
112.2 0.101919 
112.3 0.102635 
112.4 0.103356 
112.5 0.104082 
112.6 0.104815 
112.7 0.105553 
112.8 0.106297 
112.9 0.107048 
113 0.107804 
113.1 0.108567 
113.2 0.109336 
113.3 0.110112 
113.4 0.110894 
113.5 0.111684 
113.6 0.112479 
113.7 0.113282 
113.8 0.114092 
113.9 0.114909 
114 0.115733 
114.1 0.116565 
114.2 0.117404 
114.3 0.118251 
114.4 0.119105 
114.5 0.119967 
114.6 0.120837 
114.7 0.121715 
114.8 0.122601 
114.9 0.123495 
115 0.124397 
115.1 0.125308 
115.2 0.126228 
115.3 0.127156 
115.4 0.128094 
115.5 0.12904 
115.6 0.129995 
115.7 0.13096 
115.8 0.131934 
115.9 0.132917 
116 0.13391 
116.1 0.134914 
116.2 0.135927 
116.3 0.13695 
116.4 0.137984 
116.5 0.139028 
116.6 0.140083 
116.7 0.141149 
116.8 0.142226 
116.9 0.143314 
117 0.144413 
117.1 0.145525 
117.2 0.146648 
117.3 0.147783 
117.4 0.14893 
117.5 0.15009 
117.6 0.151262 
117.7 0.152448 
117.8 0.153646 
117.9 0.154858 
118 0.156083 
118.1 0.157322 
118.2 0.158575 
118.3 0.159842 
118.4 0.161124 
118.5 0.16242 
118.6 0.163731 
118.7 0.165057 
118.8 0.166398 
118.9 0.167755 
119 0.169127 
119.1 0.170515 
119.2 0.17192 
119.3 0.17334 
119.4 0.174777 
119.5 0.176231 
119.6 0.177701 
119.7 0.179188 
119.8 0.180692 
119.9 0.182213 
120 0.183751 
120.1 0.185307 
120.2 0.18688 
120.3 0.18847 
120.4 0.190078 
120.5 0.191703 
120.6 0.193345 
120.7 0.195005 
120.8 0.196681 
120.9 0.198374 
121 0.200084 
121.1 0.201811 
121.2 0.203553 
121.3 0.205311 
121.4 0.207085 
121.5 0.208873 
121.6 0.210675 
121.7 0.212491 
121.8 0.21432 
121.9 0.21616 
122 0.218012 
122.1 0.219873 
122.2 0.221743 
122.3 0.223621 
122.4 0.225504 
122.5 0.227391 
122.6 0.229281 
122.7 0.231172 
122.8 0.233061 
122.9 0.234946 
123 0.236824 
123.1 0.238693 
123.2 0.240549 
123.3 0.24239 
123.4 0.244211 
123.5 0.246008 
123.6 0.247777 
123.7 0.249513 
123.8 0.251212 
123.9 0.252867 
124 0.254473 
124.1 0.256023 
124.2 0.25751 
124.3 0.258927 
124.4 0.260266 
124.5 0.261519 
124.6 0.262675 
124.7 0.263725 
124.8 0.264659 
124.9 0.265466 
125 0.266134 
125.1 0.26665 
125.2 0.267001 
125.3 0.267174 
125.4 0.267154 
125.5 0.266925 
125.6 0.266473 
125.7 0.265781 
125.8 0.264832 
125.9 0.263609 
126 0.262095 
126.1 0.260273 
126.2 0.258123 
126.3 0.25563 
126.4 0.252777 
126.5 0.249545 
126.6 0.245921 
126.7 0.241888 
126.8 0.237435 
126.9 0.232548 
127 0.227219 
127.1 0.221439 
127.2 0.215203 
127.3 0.20851 
127.4 0.201361 
127.5 0.193759 
127.6 0.185714 
127.7 0.177236 
127.8 0.168341 
127.9 0.15905 
128 0.149386 
128.1 0.139377 
128.2 0.129054 
128.3 0.118451 
128.4 0.107607 
128.5 0.0965612 
128.6 0.0853573 
128.7 0.0740392 
128.8 0.0626522 
128.9 0.0512422 
129 0.0398547 
129.1 0.0285346 
129.2 0.0173257 
129.3 0.00626951 
129.4 -0.00459443 
129.5 -0.0152295 
129.6 -0.025602 
129.7 -0.0356819 
129.8 -0.0454424 
129.9 -0.0548605 
130 -0.0639169 
130.1 -0.0725959 
130.2 -0.0808853 
130.3 -0.0887766 
130.4 -0.0962643 
130.5 -0.103346 
130.6 -0.110022 
130.7 -0.116296 
130.8 -0.122172 
130.9 -0.127657 
131 -0.132761 
131.1 -0.137493 
131.2 -0.141865 
131.3 -0.14589 
131.4 -0.14958 
131.5 -0.15295 
131.6 -0.156012 
131.7 -0.158783 
131.8 -0.161274 
131.9 -0.163502 
132 -0.16548 
132.1 -0.167222 
132.2 -0.168741 
132.3 -0.170051 
132.4 -0.171165 
132.5 -0.172094 
132.6 -0.17285 
132.7 -0.173446 
132.8 -0.173891 
132.9 -0.174196 
133 -0.17437 
133.1 -0.174424 
133.2 -0.174366 
133.3 -0.174203 
133.4 -0.173945 
133.5 -0.173598 
133.6 -0.173169 
133.7 -0.172665 
133.8 -0.172091 
133.9 -0.171455 
134 -0.17076 
134.1 -0.170012 
134.2 -0.169216 
134.3 -0.168376 
134.4 -0.167496 
134.5 -0.16658 
134.6 -0.165631 
134.7 -0.164653 
134.8 -0.163649 
134.9 -0.162622 
135 -0.161574 
135.1 -0.160507 
135.2 -0.159425 
135.3 -0.158329 
135.4 -0.157221 
135.5 -0.156103 
135.6 -0.154976 
135.7 -0.153843 
135.8 -0.152704 
135.9 -0.151562 
136 -0.150416 
136.1 -0.149269 
136.2 -0.148121 
136.3 -0.146973 
136.4 -0.145827 
136.5 -0.144682 
136.6 -0.143541 
136.7 -0.142402 
136.8 -0.141268 
136.9 -0.140138 
137 -0.139014 
137.1 -0.137895 
137.2 -0.136782 
137.3 -0.135675 
137.4 -0.134575 
137.5 -0.133482 
137.6 -0.132397 
137.7 -0.131319 
137.8 -0.130249 
137.9 -0.129187 
138 -0.128133 
138.1 -0.127088 
138.2 -0.126051 
138.3 -0.125023 
138.4 -0.124003 
138.5 -0.122993 
138.6 -0.121991 
138.7 -0.120998 
138.8 -0.120014 
138.9 -0.119039 
139 -0.118074 
139.1 -0.117117 
139.2 -0.116169 
139.3 -0.115231 
139.4 -0.114301 
139.5 -0.11338 
139.6 -0.112469 
139.7 -0.111566 
139.8 -0.110672 
139.9 -0.109787 
140 -0.108911 
140.1 -0.108044 
140.2 -0.107185 
140.3 -0.106335 
140.4 -0.105494 
140.5 -0.104661 
140.6 -0.103836 
140.7 -0.10302 
140.8 -0.102212 
140.9 -0.101412 
141 -0.100621 
141.1 -0.0998373 
141.2 -0.0990617 
141.3 -0.0982941 
141.4 -0.0975343 
141.5 -0.0967821 
141.6 -0.0960377 
141.7 -0.0953008 
141.8 -0.0945713 
141.9 -0.0938493 
142 -0.0931346 
142.1 -0.0924271 
142.2 -0.0917267 
142.3 -0.0910334 
142.4 -0.090347 
142.5 -0.0896676 
142.6 -0.0889949 
142.7 -0.088329 
142.8 -0.0876697 
142.9 -0.0870169 
143 -0.0863706 
143.1 -0.0857308 
143.2 -0.0850972 
143.3 -0.0844699 
143.4 -0.0838487 
143.5 -0.0832336 
143.6 -0.0826245 
143.7 -0.0820213 
143.8 -0.081424 
143.9 -0.0808324 
144 -0.0802465 
144.1 -0.0796663 
144.2 -0.0790916 
144.3 -0.0785223 
144.4 -0.0779585 
144.5 -0.0774 
144.6 -0.0768468 
144.7 -0.0762988 
144.8 -0.0757559 
144.9 -0.0752181 
145 -0.0746853 
145.1 -0.0741574 
145.2 -0.0736343 
145.3 -0.0731161 
145.4 -0.0726026 
145.5 -0.0720938 
145.6 -0.0715896 
145.7 -0.07109 
145.8 -0.0705949 
145.9 -0.0701042 
146 -0.0696179 
146.1 -0.0691359 
146.2 -0.0686582 
146.3 -0.0681847 
146.4 -0.0677154 
146.5 -0.0672501 
146.6 -0.066789 
146.7 -0.0663318 
146.8 -0.0658786 
146.9 -0.0654293 
147 -0.0649838 
147.1 -0.0645422 
147.2 -0.0641043 
147.3 -0.0636701 
147.4 -0.0632395 
147.5 -0.0628126 
147.6 -0.0623893 
147.7 -0.0619694 
147.8 -0.0615531 
147.9 -0.0611402 
148 -0.0607307 
148.1 -0.0603245 
148.2 -0.0599216 
148.3 -0.059522 
148.4 -0.0591257 
148.5 -0.0587325 
148.6 -0.0583425 
148.7 -0.0579556 
148.8 -0.0575717 
148.9 -0.0571909 
149 -0.0568131 
149.1 -0.0564383 
149.2 -0.0560664 
149.3 -0.0556974 
149.4 -0.0553312 
149.5 -0.0549679 
149.6 -0.0546074 
149.7 -0.0542496 
149.8 -0.0538945 
149.9 -0.0535421 
150 -0.0531924 
150.1 -0.0528454 
150.2 -0.0525009 
150.3 -0.052159 
150.4 -0.0518196 
150.5 -0.0514827 
150.6 -0.0511484 
150.7 -0.0508164 
150.8 -0.0504869 
150.9 -0.0501598 
151 -0.0498351 
151.1 -0.0495127 
151.2 -0.0491926 
151.3 -0.0488748 
151.4 -0.0485593 
151.5 -0.048246 
151.6 -0.0479349 
151.7 -0.047626 
151.8 -0.0473193 
151.9 -0.0470147 
152 -0.0467122 
152.1 -0.0464118 
152.2 -0.0461135 
152.3 -0.0458172 
152.4 -0.045523 
152.5 -0.0452307 
152.6 -0.0449404 
152.7 -0.0446521 
152.8 -0.0443658 
152.9 -0.0440813 
153 -0.0437987 
153.1 -0.043518 
153.2 -0.0432392 
153.3 -0.0429622 
153.4 -0.042687 
153.5 -0.0424136 
153.6 -0.042142 
153.7 -0.0418721 
153.8 -0.041604 
153.9 -0.0413376 
154 -0.0410729 
154.1 -0.0408098 
154.2 -0.0405485 
154.3 -0.0402887 
154.4 -0.0400307 
154.5 -0.0397742 
154.6 -0.0395193 
154.7 -0.039266 
154.8 -0.0390143 
154.9 -0.0387641 
155 -0.0385154 
155.1 -0.0382683 
155.2 -0.0380226 
155.3 -0.0377784 
155.4 -0.0375357 
155.5 -0.0372945 
155.6 -0.0370547 
155.7 -0.0368163 
155.8 -0.0365793 
155.9 -0.0363437 
156 -0.0361095 
156.1 -0.0358767 
156.2 -0.0356452 
156.3 -0.035415 
156.4 -0.0351862 
156.5 -0.0349586 
156.6 -0.0347324 
156.7 -0.0345074 
156.8 -0.0342838 
156.9 -0.0340613 
157 -0.0338402 
157.1 -0.0336202 
157.2 -0.0334015 
157.3 -0.0331839 
157.4 -0.0329676 
157.5 -0.0327525 
157.6 -0.0325385 
157.7 -0.0323257 
157.8 -0.032114 
157.9 -0.0319035 
158 -0.031694 
158.1 -0.0314857 
158.2 -0.0312785 
158.3 -0.0310724 
158.4 -0.0308674 
158.5 -0.0306634 
158.6 -0.0304605 
158.7 -0.0302586 
158.8 -0.0300578 
158.9 -0.029858 
159 -0.0296592 
159.1 -0.0294614 
159.2 -0.0292647 
159.3 -0.0290689 
159.4 -0.028874 
159.5 -0.0286802 
159.6 -0.0284873 
159.7 -0.0282953 
159.8 -0.0281043 
159.9 -0.0279142 
160 -0.027725 
160.1 -0.0275368 
160.2 -0.0273494 
160.3 -0.0271629 
160.4 -0.0269773 
160.5 -0.0267926 
160.6 -0.0266088 
160.7 -0.0264258 
160.8 -0.0262436 
160.9 -0.0260623 
161 -0.0258818 
161.1 -0.0257022 
161.2 -0.0255233 
161.3 -0.0253453 
161.4 -0.0251681 
161.5 -0.0249916 
161.6 -0.0248159 
161.7 -0.024641 
161.8 -0.0244669 
161.9 -0.0242935 
162 -0.0241209 
162.1 -0.0239491 
162.2 -0.0237779 
162.3 -0.0236075 
162.4 -0.0234378 
162.5 -0.0232689 
162.6 -0.0231006 
162.7 -0.022933 
162.8 -0.0227662 
162.9 -0.0226 
163 -0.0224345 
163.1 -0.0222696 
163.2 -0.0221055 
163.3 -0.021942 
163.4 -0.0217791 
163.5 -0.0216169 
163.6 -0.0214553 
163.7 -0.0212944 
163.8 -0.0211341 
163.9 -0.0209744 
164 -0.0208153 
164.1 -0.0206568 
164.2 -0.0204989 
164.3 -0.0203417 
164.4 -0.020185 
164.5 -0.0200289 
164.6 -0.0198734 
164.7 -0.0197184 
164.8 -0.019564 
164.9 -0.0194102 
165 -0.0192569 
165.1 -0.0191042 
165.2 -0.018952 
165.3 -0.0188003 
165.4 -0.0186492 
165.5 -0.0184986 
165.6 -0.0183486 
165.7 -0.018199 
165.8 -0.0180499 
165.9 -0.0179014 
166 -0.0177534 
166.1 -0.0176058 
166.2 -0.0174587 
166.3 -0.0173122 
166.4 -0.0171661 
166.5 -0.0170204 
166.6 -0.0168753 
166.7 -0.0167306 
166.8 -0.0165863 
166.9 -0.0164425 
167 -0.0162992 
167.1 -0.0161563 
167.2 -0.0160139 
167.3 -0.0158718 
167.4 -0.0157302 
167.5 -0.0155891 
167.6 -0.0154483 
167.7 -0.015308 
167.8 -0.0151681 
167.9 -0.0150285 
168 -0.0148894 
168.1 -0.0147507 
168.2 -0.0146124 
168.3 -0.0144744 
168.4 -0.0143369 
168.5 -0.0141997 
168.6 -0.0140629 
168.7 -0.0139265 
168.8 -0.0137904 
168.9 -0.0136547 
169 -0.0135194 
169.1 -0.0133844 
169.2 -0.0132497 
169.3 -0.0131154 
169.4 -0.0129815 
169.5 -0.0128479 
169.6 -0.0127146 
169.7 -0.0125817 
169.8 -0.012449 
169.9 -0.0123167 
170 -0.0121847 
170.1 -0.0120531 
170.2 -0.0119217 
170.3 -0.0117906 
170.4 -0.0116599 
170.5 -0.0115294 
170.6 -0.0113993 
170.7 -0.0112694 
170.8 -0.0111398 
170.9 -0.0110105 
171 -0.0108815 
171.1 -0.0107528 
171.2 -0.0106243 
171.3 -0.0104961 
171.4 -0.0103682 
171.5 -0.0102405 
171.6 -0.0101131 
171.7 -0.0099859 
171.8 -0.00985899 
171.9 -0.00973232 
172 -0.0096059 
172.1 -0.00947972 
172.2 -0.00935378 
172.3 -0.00922807 
172.4 -0.00910259 
172.5 -0.00897734 
172.6 -0.00885231 
172.7 -0.0087275 
172.8 -0.00860291 
172.9 -0.00847853 
173 -0.00835436 
173.1 -0.0082304 
173.2 -0.00810664 
173.3 -0.00798309 
173.4 -0.00785973 
173.5 -0.00773656 
173.6 -0.00761358 
173.7 -0.00749079 
173.8 -0.00736819 
173.9 -0.00724576 
174 -0.00712352 
174.1 -0.00700144 
174.2 -0.00687954 
174.3 -0.00675781 
174.4 -0.00663624 
174.5 -0.00651484 
174.6 -0.00639359 
174.7 -0.0062725 
174.8 -0.00615157 
174.9 -0.00603078 
175 -0.00591014 
175.1 -0.00578964 
175.2 -0.00566928 
175.3 -0.00554906 
175.4 -0.00542898 
175.5 -0.00530902 
175.6 -0.0051892 
175.7 -0.0050695 
175.8 -0.00494992 
175.9 -0.00483047 
176 -0.00471113 
176.1 -0.0045919 
176.2 -0.00447278 
176.3 -0.00435377 
176.4 -0.00423487 
176.5 -0.00411607 
176.6 -0.00399737 
176.7 -0.00387876 
176.8 -0.00376025 
176.9 -0.00364183 
177 -0.00352349 
177.1 -0.00340524 
177.2 -0.00328707 
177.3 -0.00316898 
177.4 -0.00305097 
177.5 -0.00293303 
177.6 -0.00281516 
177.7 -0.00269736 
177.8 -0.00257962 
177.9 -0.00246194 
178 -0.00234432 
178.1 -0.00222676 
178.2 -0.00210925 
178.3 -0.00199179 
178.4 -0.00187438 
178.5 -0.00175702 
178.6 -0.00163969 
178.7 -0.00152241 
178.8 -0.00140516 
178.9 -0.00128795 
179 -0.00117076 
179.1 -0.00105361 
179.2 -0.000936477 
179.3 -0.000819368 
179.4 -0.000702279 
179.5 -0.000585207 
179.6 -0.000468149 
179.7 -0.000351102 
179.8 -0.000234063 
