0.1 1 
0.2 1 
0.3 1 
0.4 1 
0.5 1 
0.6 1 
0.7 1 
0.8 1 
0.9 1 
1 1 
1.1 1 
1.2 1 
1.3 1 
1.4 1 
1.5 1 
1.6 1 
1.7 1 
1.8 1 
1.9 1 
2 1 
2.1 1 
2.2 1 
2.3 1 
2.4 1 
2.5 1 
2.6 1 
2.7 1 
2.8 1 
2.9 1 
3 1 
3.1 1 
3.2 1 
3.3 1 
3.4 1 
3.5 1 
3.6 1 
3.7 1 
3.8 1 
3.9 1 
4 1 
4.1 1 
4.2 1 
4.3 1 
4.4 1 
4.5 1 
4.6 1 
4.7 1 
4.8 1 
4.9 1 
5 1 
5.1 1 
5.2 1 
5.3 1 
5.4 1 
5.5 1 
5.6 1 
5.7 1 
5.8 1 
5.9 1 
6 1 
6.1 1 
6.2 1 
6.3 1 
6.4 1 
6.5 1 
6.6 1 
6.7 1 
6.8 1 
6.9 1 
7 1 
7.1 1 
7.2 1 
7.3 1 
7.4 1 
7.5 1 
7.6 1 
7.7 1 
7.8 1 
7.9 1 
8 1 
8.1 1 
8.2 1 
8.3 1 
8.4 1 
8.5 1 
8.6 1 
8.7 1 
8.8 1 
8.9 1 
9 1 
9.1 1 
9.2 1 
9.3 1 
9.4 1 
9.5 1 
9.6 1 
9.7 1 
9.8 1 
9.9 1 
10 1 
10.1 0.999999 
10.2 0.999999 
10.3 0.999999 
10.4 0.999999 
10.5 0.999999 
10.6 0.999999 
10.7 0.999999 
10.8 0.999999 
10.9 0.999999 
11 0.999999 
11.1 0.999999 
11.2 0.999999 
11.3 0.999999 
11.4 0.999999 
11.5 0.999999 
11.6 0.999999 
11.7 0.999999 
11.8 0.999999 
11.9 0.999999 
12 0.999999 
12.1 0.999999 
12.2 0.999999 
12.3 0.999999 
12.4 0.999999 
12.5 0.999999 
12.6 0.999999 
12.7 0.999999 
12.8 0.999999 
12.9 0.999999 
13 0.999999 
13.1 0.999999 
13.2 0.999999 
13.3 0.999999 
13.4 0.999999 
13.5 0.999999 
13.6 0.999998 
13.7 0.999998 
13.8 0.999998 
13.9 0.999998 
14 0.999998 
14.1 0.999998 
14.2 0.999998 
14.3 0.999998 
14.4 0.999998 
14.5 0.999998 
14.6 0.999998 
14.7 0.999998 
14.8 0.999998 
14.9 0.999998 
15 0.999998 
15.1 0.999998 
15.2 0.999998 
15.3 0.999998 
15.4 0.999997 
15.5 0.999997 
15.6 0.999997 
15.7 0.999997 
15.8 0.999997 
15.9 0.999997 
16 0.999997 
16.1 0.999997 
16.2 0.999997 
16.3 0.999997 
16.4 0.999997 
16.5 0.999997 
16.6 0.999997 
16.7 0.999997 
16.8 0.999997 
16.9 0.999997 
17 0.999997 
17.1 0.999996 
17.2 0.999996 
17.3 0.999996 
17.4 0.999996 
17.5 0.999996 
17.6 0.999996 
17.7 0.999996 
17.8 0.999996 
17.9 0.999996 
18 0.999996 
18.1 0.999996 
18.2 0.999996 
18.3 0.999995 
18.4 0.999995 
18.5 0.999995 
18.6 0.999995 
18.7 0.999995 
18.8 0.999995 
18.9 0.999995 
19 0.999995 
19.1 0.999995 
19.2 0.999994 
19.3 0.999994 
19.4 0.999994 
19.5 0.999994 
19.6 0.999994 
19.7 0.999994 
19.8 0.999994 
19.9 0.999994 
20 0.999993 
20.1 0.999993 
20.2 0.999993 
20.3 0.999993 
20.4 0.999993 
20.5 0.999993 
20.6 0.999993 
20.7 0.999993 
20.8 0.999993 
20.9 0.999992 
21 0.999992 
21.1 0.999992 
21.2 0.999992 
21.3 0.999992 
21.4 0.999992 
21.5 0.999992 
21.6 0.999992 
21.7 0.999991 
21.8 0.999991 
21.9 0.999991 
22 0.999991 
22.1 0.999991 
22.2 0.999991 
22.3 0.999991 
22.4 0.99999 
22.5 0.99999 
22.6 0.99999 
22.7 0.99999 
22.8 0.99999 
22.9 0.999989 
23 0.999989 
23.1 0.999989 
23.2 0.999989 
23.3 0.999989 
23.4 0.999988 
23.5 0.999988 
23.6 0.999988 
23.7 0.999988 
23.8 0.999987 
23.9 0.999987 
24 0.999987 
24.1 0.999987 
24.2 0.999987 
24.3 0.999986 
24.4 0.999986 
24.5 0.999986 
24.6 0.999986 
24.7 0.999985 
24.8 0.999985 
24.9 0.999985 
25 0.999985 
25.1 0.999984 
25.2 0.999984 
25.3 0.999984 
25.4 0.999984 
25.5 0.999983 
25.6 0.999983 
25.7 0.999983 
25.8 0.999983 
25.9 0.999982 
26 0.999982 
26.1 0.999982 
26.2 0.999982 
26.3 0.999981 
26.4 0.999981 
26.5 0.999981 
26.6 0.99998 
26.7 0.99998 
26.8 0.99998 
26.9 0.999979 
27 0.999979 
27.1 0.999979 
27.2 0.999978 
27.3 0.999978 
27.4 0.999978 
27.5 0.999977 
27.6 0.999977 
27.7 0.999977 
27.8 0.999976 
27.9 0.999976 
28 0.999975 
28.1 0.999975 
28.2 0.999974 
28.3 0.999974 
28.4 0.999974 
28.5 0.999973 
28.6 0.999973 
28.7 0.999972 
28.8 0.999972 
28.9 0.999971 
29 0.999971 
29.1 0.99997 
29.2 0.99997 
29.3 0.999969 
29.4 0.999969 
29.5 0.999968 
29.6 0.999968 
29.7 0.999967 
29.8 0.999967 
29.9 0.999966 
30 0.999966 
30.1 0.999965 
30.2 0.999965 
30.3 0.999964 
30.4 0.999964 
30.5 0.999963 
30.6 0.999963 
30.7 0.999962 
30.8 0.999962 
30.9 0.999961 
31 0.99996 
31.1 0.99996 
31.2 0.999959 
31.3 0.999959 
31.4 0.999958 
31.5 0.999957 
31.6 0.999957 
31.7 0.999956 
31.8 0.999955 
31.9 0.999954 
32 0.999954 
32.1 0.999953 
32.2 0.999952 
32.3 0.999952 
32.4 0.999951 
32.5 0.99995 
32.6 0.999949 
32.7 0.999948 
32.8 0.999948 
32.9 0.999947 
33 0.999946 
33.1 0.999945 
33.2 0.999944 
33.3 0.999943 
33.4 0.999943 
33.5 0.999942 
33.6 0.999941 
33.7 0.99994 
33.8 0.999939 
33.9 0.999938 
34 0.999937 
34.1 0.999936 
34.2 0.999935 
34.3 0.999934 
34.4 0.999933 
34.5 0.999932 
34.6 0.999931 
34.7 0.99993 
34.8 0.999929 
34.9 0.999928 
35 0.999927 
35.1 0.999926 
35.2 0.999925 
35.3 0.999924 
35.4 0.999923 
35.5 0.999922 
35.6 0.999921 
35.7 0.999919 
35.8 0.999918 
35.9 0.999917 
36 0.999916 
36.1 0.999915 
36.2 0.999913 
36.3 0.999912 
36.4 0.999911 
36.5 0.99991 
36.6 0.999908 
36.7 0.999907 
36.8 0.999906 
36.9 0.999904 
37 0.999903 
37.1 0.999901 
37.2 0.9999 
37.3 0.999899 
37.4 0.999897 
37.5 0.999896 
37.6 0.999894 
37.7 0.999893 
37.8 0.999891 
37.9 0.99989 
38 0.999888 
38.1 0.999887 
38.2 0.999885 
38.3 0.999884 
38.4 0.999882 
38.5 0.99988 
38.6 0.999879 
38.7 0.999877 
38.8 0.999875 
38.9 0.999874 
39 0.999872 
39.1 0.99987 
39.2 0.999868 
39.3 0.999867 
39.4 0.999865 
39.5 0.999863 
39.6 0.999861 
39.7 0.999859 
39.8 0.999857 
39.9 0.999856 
40 0.999854 
40.1 0.999852 
40.2 0.99985 
40.3 0.999848 
40.4 0.999846 
40.5 0.999844 
40.6 0.999842 
40.7 0.99984 
40.8 0.999837 
40.9 0.999835 
41 0.999833 
41.1 0.999831 
41.2 0.999829 
41.3 0.999827 
41.4 0.999824 
41.5 0.999822 
41.6 0.99982 
41.7 0.999818 
41.8 0.999815 
41.9 0.999813 
42 0.999811 
42.1 0.999808 
42.2 0.999806 
42.3 0.999803 
42.4 0.999801 
42.5 0.999798 
42.6 0.999796 
42.7 0.999793 
42.8 0.999791 
42.9 0.999788 
43 0.999786 
43.1 0.999783 
43.2 0.99978 
43.3 0.999778 
43.4 0.999775 
43.5 0.999772 
43.6 0.99977 
43.7 0.999767 
43.8 0.999764 
43.9 0.999761 
44 0.999758 
44.1 0.999755 
44.2 0.999753 
44.3 0.99975 
44.4 0.999747 
44.5 0.999744 
44.6 0.999741 
44.7 0.999738 
44.8 0.999734 
44.9 0.999731 
45 0.999728 
45.1 0.999725 
45.2 0.999722 
45.3 0.999719 
45.4 0.999715 
45.5 0.999712 
45.6 0.999709 
45.7 0.999706 
45.8 0.999702 
45.9 0.999699 
46 0.999695 
46.1 0.999692 
46.2 0.999689 
46.3 0.999685 
46.4 0.999682 
46.5 0.999678 
46.6 0.999674 
46.7 0.999671 
46.8 0.999667 
46.9 0.999664 
47 0.99966 
47.1 0.999656 
47.2 0.999652 
47.3 0.999649 
47.4 0.999645 
47.5 0.999641 
47.6 0.999637 
47.7 0.999633 
47.8 0.999629 
47.9 0.999625 
48 0.999621 
48.1 0.999617 
48.2 0.999613 
48.3 0.999609 
48.4 0.999605 
48.5 0.999601 
48.6 0.999596 
48.7 0.999592 
48.8 0.999588 
48.9 0.999584 
49 0.999579 
49.1 0.999575 
49.2 0.999571 
49.3 0.999566 
49.4 0.999562 
49.5 0.999557 
49.6 0.999553 
49.7 0.999548 
49.8 0.999543 
49.9 0.999539 
50 0.999534 
50.1 0.999529 
50.2 0.999525 
50.3 0.99952 
50.4 0.999515 
50.5 0.99951 
50.6 0.999505 
50.7 0.9995 
50.8 0.999495 
50.9 0.99949 
51 0.999485 
51.1 0.99948 
51.2 0.999475 
51.3 0.99947 
51.4 0.999465 
51.5 0.99946 
51.6 0.999454 
51.7 0.999449 
51.8 0.999444 
51.9 0.999438 
52 0.999433 
52.1 0.999427 
52.2 0.999422 
52.3 0.999416 
52.4 0.999411 
52.5 0.999405 
52.6 0.999399 
52.7 0.999394 
52.8 0.999388 
52.9 0.999382 
53 0.999376 
53.1 0.999371 
53.2 0.999365 
53.3 0.999359 
53.4 0.999353 
53.5 0.999347 
53.6 0.999341 
53.7 0.999334 
53.8 0.999328 
53.9 0.999322 
54 0.999316 
54.1 0.99931 
54.2 0.999303 
54.3 0.999297 
54.4 0.99929 
54.5 0.999284 
54.6 0.999277 
54.7 0.999271 
54.8 0.999264 
54.9 0.999258 
55 0.999251 
55.1 0.999244 
55.2 0.999237 
55.3 0.999231 
55.4 0.999224 
55.5 0.999217 
55.6 0.99921 
55.7 0.999203 
55.8 0.999196 
55.9 0.999188 
56 0.999181 
56.1 0.999174 
56.2 0.999167 
56.3 0.999159 
56.4 0.999152 
56.5 0.999145 
56.6 0.999137 
56.7 0.99913 
56.8 0.999122 
56.9 0.999114 
57 0.999107 
57.1 0.999099 
57.2 0.999091 
57.3 0.999083 
57.4 0.999075 
57.5 0.999067 
57.6 0.999059 
57.7 0.999051 
57.8 0.999043 
57.9 0.999035 
58 0.999027 
58.1 0.999019 
58.2 0.99901 
58.3 0.999002 
58.4 0.998993 
58.5 0.998985 
58.6 0.998976 
58.7 0.998968 
58.8 0.998959 
58.9 0.99895 
59 0.998942 
59.1 0.998933 
59.2 0.998924 
59.3 0.998915 
59.4 0.998906 
59.5 0.998897 
59.6 0.998888 
59.7 0.998879 
59.8 0.998869 
59.9 0.99886 
60 0.998851 
60.1 0.998841 
60.2 0.998832 
60.3 0.998822 
60.4 0.998813 
60.5 0.998803 
60.6 0.998793 
60.7 0.998784 
60.8 0.998774 
60.9 0.998764 
61 0.998754 
61.1 0.998744 
61.2 0.998734 
61.3 0.998723 
61.4 0.998713 
61.5 0.998703 
61.6 0.998692 
61.7 0.998682 
61.8 0.998672 
61.9 0.998661 
62 0.99865 
62.1 0.99864 
62.2 0.998629 
62.3 0.998618 
62.4 0.998607 
62.5 0.998596 
62.6 0.998585 
62.7 0.998574 
62.8 0.998563 
62.9 0.998552 
63 0.998541 
63.1 0.998529 
63.2 0.998518 
63.3 0.998506 
63.4 0.998495 
63.5 0.998483 
63.6 0.998472 
63.7 0.99846 
63.8 0.998448 
63.9 0.998437 
64 0.998425 
64.1 0.998413 
64.2 0.998401 
64.3 0.998389 
64.4 0.998377 
64.5 0.998365 
64.6 0.998352 
64.7 0.99834 
64.8 0.998328 
64.9 0.998316 
65 0.998303 
65.1 0.998291 
65.2 0.998278 
65.3 0.998265 
65.4 0.998253 
65.5 0.99824 
65.6 0.998227 
65.7 0.998214 
65.8 0.998201 
65.9 0.998188 
66 0.998175 
66.1 0.998162 
66.2 0.998149 
66.3 0.998136 
66.4 0.998122 
66.5 0.998109 
66.6 0.998096 
66.7 0.998082 
66.8 0.998069 
66.9 0.998055 
67 0.998042 
67.1 0.998028 
67.2 0.998014 
67.3 0.998 
67.4 0.997987 
67.5 0.997973 
67.6 0.997959 
67.7 0.997945 
67.8 0.997931 
67.9 0.997917 
68 0.997903 
68.1 0.997889 
68.2 0.997875 
68.3 0.997861 
68.4 0.997847 
68.5 0.997833 
68.6 0.997819 
68.7 0.997804 
68.8 0.99779 
68.9 0.997776 
69 0.997762 
69.1 0.997748 
69.2 0.997733 
69.3 0.997719 
69.4 0.997705 
69.5 0.99769 
69.6 0.997676 
69.7 0.997662 
69.8 0.997647 
69.9 0.997633 
70 0.997619 
70.1 0.997604 
70.2 0.99759 
70.3 0.997576 
70.4 0.997561 
70.5 0.997547 
70.6 0.997533 
70.7 0.997518 
70.8 0.997504 
70.9 0.99749 
71 0.997475 
71.1 0.997461 
71.2 0.997447 
71.3 0.997433 
71.4 0.997418 
71.5 0.997404 
71.6 0.99739 
71.7 0.997376 
71.8 0.997362 
71.9 0.997347 
72 0.997333 
72.1 0.997319 
72.2 0.997305 
72.3 0.997291 
72.4 0.997277 
72.5 0.997263 
72.6 0.99725 
72.7 0.997236 
72.8 0.997222 
72.9 0.997208 
73 0.997195 
73.1 0.997181 
73.2 0.997168 
73.3 0.997154 
73.4 0.997141 
73.5 0.997128 
73.6 0.997115 
73.7 0.997102 
73.8 0.997089 
73.9 0.997076 
74 0.997063 
74.1 0.99705 
74.2 0.997038 
74.3 0.997025 
74.4 0.997013 
74.5 0.997001 
74.6 0.996989 
74.7 0.996977 
74.8 0.996965 
74.9 0.996953 
75 0.996941 
75.1 0.996929 
75.2 0.996918 
75.3 0.996907 
75.4 0.996895 
75.5 0.996884 
75.6 0.996873 
75.7 0.996862 
75.8 0.996852 
75.9 0.996841 
76 0.996831 
76.1 0.99682 
76.2 0.99681 
76.3 0.9968 
76.4 0.99679 
76.5 0.99678 
76.6 0.996771 
76.7 0.996761 
76.8 0.996752 
76.9 0.996742 
77 0.996733 
77.1 0.996724 
77.2 0.996715 
77.3 0.996707 
77.4 0.996698 
77.5 0.99669 
77.6 0.996682 
77.7 0.996674 
77.8 0.996666 
77.9 0.996658 
78 0.99665 
78.1 0.996643 
78.2 0.996635 
78.3 0.996628 
78.4 0.996621 
78.5 0.996615 
78.6 0.996608 
78.7 0.996601 
78.8 0.996595 
78.9 0.996589 
79 0.996583 
79.1 0.996577 
79.2 0.996572 
79.3 0.996566 
79.4 0.996561 
79.5 0.996556 
79.6 0.996551 
79.7 0.996546 
79.8 0.996541 
79.9 0.996537 
80 0.996532 
80.1 0.996528 
80.2 0.996524 
80.3 0.99652 
80.4 0.996517 
80.5 0.996513 
80.6 0.99651 
80.7 0.996506 
80.8 0.996503 
80.9 0.9965 
81 0.996498 
81.1 0.996495 
81.2 0.996492 
81.3 0.99649 
81.4 0.996488 
81.5 0.996486 
81.6 0.996484 
81.7 0.996482 
81.8 0.99648 
81.9 0.996479 
82 0.996477 
82.1 0.996476 
82.2 0.996475 
82.3 0.996474 
82.4 0.996473 
82.5 0.996472 
82.6 0.996472 
82.7 0.996471 
82.8 0.996471 
82.9 0.99647 
83 0.99647 
83.1 0.99647 
83.2 0.99647 
83.3 0.99647 
83.4 0.99647 
83.5 0.996471 
83.6 0.996471 
83.7 0.996472 
83.8 0.996472 
83.9 0.996473 
84 0.996474 
84.1 0.996475 
84.2 0.996476 
84.3 0.996477 
84.4 0.996478 
84.5 0.99648 
84.6 0.996481 
84.7 0.996482 
84.8 0.996484 
84.9 0.996485 
85 0.996487 
85.1 0.996489 
85.2 0.99649 
85.3 0.996492 
85.4 0.996494 
85.5 0.996496 
85.6 0.996498 
85.7 0.9965 
85.8 0.996502 
85.9 0.996504 
86 0.996506 
86.1 0.996508 
86.2 0.99651 
86.3 0.996513 
86.4 0.996515 
86.5 0.996517 
86.6 0.996519 
86.7 0.996522 
86.8 0.996524 
86.9 0.996526 
87 0.996529 
87.1 0.996531 
87.2 0.996534 
87.3 0.996536 
87.4 0.996539 
87.5 0.996541 
87.6 0.996544 
87.7 0.996546 
87.8 0.996548 
87.9 0.996551 
88 0.996553 
88.1 0.996556 
88.2 0.996558 
88.3 0.996561 
88.4 0.996563 
88.5 0.996566 
88.6 0.996568 
88.7 0.996571 
88.8 0.996573 
88.9 0.996576 
89 0.996578 
89.1 0.996581 
89.2 0.996583 
89.3 0.996586 
89.4 0.996588 
89.5 0.99659 
89.6 0.996593 
89.7 0.996595 
89.8 0.996597 
89.9 0.9966 
90 0.996602 
90.1 0.996604 
90.2 0.996606 
90.3 0.996608 
90.4 0.996611 
90.5 0.996613 
90.6 0.996615 
90.7 0.996616 
90.8 0.996618 
90.9 0.99662 
91 0.996622 
91.1 0.996624 
91.2 0.996625 
91.3 0.996627 
91.4 0.996628 
91.5 0.99663 
91.6 0.996631 
91.7 0.996633 
91.8 0.996634 
91.9 0.996635 
92 0.996636 
92.1 0.996637 
92.2 0.996638 
92.3 0.996639 
92.4 0.99664 
92.5 0.996641 
92.6 0.996641 
92.7 0.996642 
92.8 0.996642 
92.9 0.996643 
93 0.996643 
93.1 0.996643 
93.2 0.996643 
93.3 0.996643 
93.4 0.996643 
93.5 0.996643 
93.6 0.996643 
93.7 0.996643 
93.8 0.996642 
93.9 0.996642 
94 0.996642 
94.1 0.996641 
94.2 0.99664 
94.3 0.99664 
94.4 0.996639 
94.5 0.996638 
94.6 0.996637 
94.7 0.996636 
94.8 0.996635 
94.9 0.996633 
95 0.996632 
95.1 0.996631 
95.2 0.996629 
95.3 0.996628 
95.4 0.996626 
95.5 0.996624 
95.6 0.996622 
95.7 0.99662 
95.8 0.996618 
95.9 0.996616 
96 0.996614 
96.1 0.996611 
96.2 0.996609 
96.3 0.996606 
96.4 0.996604 
96.5 0.996601 
96.6 0.996598 
96.7 0.996595 
96.8 0.996592 
96.9 0.996589 
97 0.996585 
97.1 0.996582 
97.2 0.996578 
97.3 0.996575 
97.4 0.996571 
97.5 0.996567 
97.6 0.996563 
97.7 0.996558 
97.8 0.996554 
97.9 0.996549 
98 0.996545 
98.1 0.99654 
98.2 0.996535 
98.3 0.99653 
98.4 0.996524 
98.5 0.996519 
98.6 0.996513 
98.7 0.996508 
98.8 0.996502 
98.9 0.996496 
99 0.996489 
99.1 0.996483 
99.2 0.996477 
99.3 0.99647 
99.4 0.996463 
99.5 0.996456 
99.6 0.996449 
99.7 0.996442 
99.8 0.996434 
99.9 0.996427 
100 0.996419 
100.1 0.996411 
100.2 0.996403 
100.3 0.996395 
100.4 0.996386 
100.5 0.996378 
100.6 0.996369 
100.7 0.99636 
100.8 0.996351 
100.9 0.996342 
101 0.996332 
101.1 0.996323 
101.2 0.996313 
101.3 0.996303 
101.4 0.996293 
101.5 0.996283 
101.6 0.996273 
101.7 0.996262 
101.8 0.996252 
101.9 0.996241 
102 0.99623 
102.1 0.996218 
102.2 0.996207 
102.3 0.996195 
102.4 0.996184 
102.5 0.996172 
102.6 0.996159 
102.7 0.996147 
102.8 0.996135 
102.9 0.996122 
103 0.996109 
103.1 0.996096 
103.2 0.996082 
103.3 0.996069 
103.4 0.996055 
103.5 0.996041 
103.6 0.996026 
103.7 0.996012 
103.8 0.995997 
103.9 0.995982 
104 0.995967 
104.1 0.995951 
104.2 0.995936 
104.3 0.99592 
104.4 0.995903 
104.5 0.995887 
104.6 0.99587 
104.7 0.995853 
104.8 0.995835 
104.9 0.995818 
105 0.9958 
105.1 0.995781 
105.2 0.995763 
105.3 0.995744 
105.4 0.995725 
105.5 0.995705 
105.6 0.995685 
105.7 0.995665 
105.8 0.995645 
105.9 0.995624 
106 0.995603 
106.1 0.995581 
106.2 0.995559 
106.3 0.995537 
106.4 0.995514 
106.5 0.995492 
106.6 0.995468 
106.7 0.995445 
106.8 0.995421 
106.9 0.995396 
107 0.995372 
107.1 0.995346 
107.2 0.995321 
107.3 0.995295 
107.4 0.995269 
107.5 0.995242 
107.6 0.995215 
107.7 0.995187 
107.8 0.995159 
107.9 0.995131 
108 0.995102 
108.1 0.995073 
108.2 0.995044 
108.3 0.995014 
108.4 0.994983 
108.5 0.994952 
108.6 0.994921 
108.7 0.994889 
108.8 0.994856 
108.9 0.994824 
109 0.99479 
109.1 0.994756 
109.2 0.994722 
109.3 0.994687 
109.4 0.994652 
109.5 0.994616 
109.6 0.994579 
109.7 0.994542 
109.8 0.994505 
109.9 0.994467 
110 0.994428 
110.1 0.994388 
110.2 0.994348 
110.3 0.994308 
110.4 0.994266 
110.5 0.994224 
110.6 0.994182 
110.7 0.994139 
110.8 0.994095 
110.9 0.99405 
111 0.994004 
111.1 0.993958 
111.2 0.993911 
111.3 0.993863 
111.4 0.993815 
111.5 0.993765 
111.6 0.993715 
111.7 0.993664 
111.8 0.993612 
111.9 0.993559 
112 0.993506 
112.1 0.993451 
112.2 0.993395 
112.3 0.993339 
112.4 0.993281 
112.5 0.993222 
112.6 0.993163 
112.7 0.993102 
112.8 0.99304 
112.9 0.992977 
113 0.992913 
113.1 0.992848 
113.2 0.992781 
113.3 0.992713 
113.4 0.992644 
113.5 0.992574 
113.6 0.992503 
113.7 0.99243 
113.8 0.992356 
113.9 0.99228 
114 0.992203 
114.1 0.992125 
114.2 0.992045 
114.3 0.991963 
114.4 0.99188 
114.5 0.991796 
114.6 0.991709 
114.7 0.991622 
114.8 0.991532 
114.9 0.991441 
115 0.991348 
115.1 0.991253 
115.2 0.991156 
115.3 0.991057 
115.4 0.990957 
115.5 0.990854 
115.6 0.99075 
115.7 0.990643 
115.8 0.990534 
115.9 0.990423 
116 0.99031 
116.1 0.990194 
116.2 0.990076 
116.3 0.989955 
116.4 0.989832 
116.5 0.989707 
116.6 0.989579 
116.7 0.989448 
116.8 0.989314 
116.9 0.989178 
117 0.989039 
117.1 0.988896 
117.2 0.988751 
117.3 0.988602 
117.4 0.98845 
117.5 0.988295 
117.6 0.988136 
117.7 0.987974 
117.8 0.987808 
117.9 0.987639 
118 0.987465 
118.1 0.987287 
118.2 0.987106 
118.3 0.98692 
118.4 0.98673 
118.5 0.986535 
118.6 0.986336 
118.7 0.986132 
118.8 0.985923 
118.9 0.985708 
119 0.985489 
119.1 0.985264 
119.2 0.985034 
119.3 0.984798 
119.4 0.984556 
119.5 0.984308 
119.6 0.984054 
119.7 0.983793 
119.8 0.983525 
119.9 0.98325 
120 0.982969 
120.1 0.98268 
120.2 0.982383 
120.3 0.982078 
120.4 0.981765 
120.5 0.981444 
120.6 0.981114 
120.7 0.980775 
120.8 0.980426 
120.9 0.980069 
121 0.979701 
121.1 0.979323 
121.2 0.978934 
121.3 0.978534 
121.4 0.978123 
121.5 0.977701 
121.6 0.977266 
121.7 0.976819 
121.8 0.976359 
121.9 0.975886 
122 0.975399 
122.1 0.974897 
122.2 0.974382 
122.3 0.973851 
122.4 0.973304 
122.5 0.972741 
122.6 0.972162 
122.7 0.971566 
122.8 0.970952 
122.9 0.97032 
123 0.96967 
123.1 0.969 
123.2 0.968311 
123.3 0.967601 
123.4 0.966871 
123.5 0.966119 
123.6 0.965345 
123.7 0.96455 
123.8 0.963731 
123.9 0.962889 
124 0.962023 
124.1 0.961133 
124.2 0.960219 
124.3 0.959279 
124.4 0.958315 
124.5 0.957325 
124.6 0.95631 
124.7 0.955269 
124.8 0.954203 
124.9 0.953111 
125 0.951994 
125.1 0.950853 
125.2 0.949687 
125.3 0.948498 
125.4 0.947287 
125.5 0.946054 
125.6 0.944802 
125.7 0.943531 
125.8 0.942243 
125.9 0.940941 
126 0.939627 
126.1 0.938304 
126.2 0.936975 
126.3 0.935644 
126.4 0.934313 
126.5 0.932988 
126.6 0.931672 
126.7 0.930371 
126.8 0.92909 
126.9 0.927835 
127 0.92661 
127.1 0.925422 
127.2 0.924278 
127.3 0.923184 
127.4 0.922146 
127.5 0.921171 
127.6 0.920265 
127.7 0.919435 
127.8 0.918687 
127.9 0.918026 
128 0.917457 
128.1 0.916987 
128.2 0.916618 
128.3 0.916355 
128.4 0.9162 
128.5 0.916155 
128.6 0.916221 
128.7 0.916399 
128.8 0.916688 
128.9 0.917087 
129 0.917592 
129.1 0.918201 
129.2 0.91891 
129.3 0.919714 
129.4 0.920608 
129.5 0.921586 
129.6 0.922643 
129.7 0.923771 
129.8 0.924963 
129.9 0.926213 
130 0.927515 
130.1 0.92886 
130.2 0.930242 
130.3 0.931656 
130.4 0.933093 
130.5 0.934549 
130.6 0.936018 
130.7 0.937494 
130.8 0.938972 
130.9 0.940448 
131 0.941918 
131.1 0.943377 
131.2 0.944822 
131.3 0.946251 
131.4 0.947661 
131.5 0.949049 
131.6 0.950413 
131.7 0.951752 
131.8 0.953064 
131.9 0.954349 
132 0.955604 
132.1 0.95683 
132.2 0.958027 
132.3 0.959192 
132.4 0.960328 
132.5 0.961432 
132.6 0.962507 
132.7 0.963551 
132.8 0.964565 
132.9 0.96555 
133 0.966506 
133.1 0.967433 
133.2 0.968332 
133.3 0.969204 
133.4 0.970049 
133.5 0.970868 
133.6 0.971661 
133.7 0.97243 
133.8 0.973174 
133.9 0.973895 
134 0.974593 
134.1 0.975269 
134.2 0.975924 
134.3 0.976558 
134.4 0.977172 
134.5 0.977766 
134.6 0.978342 
134.7 0.978899 
134.8 0.979439 
134.9 0.979962 
135 0.980468 
135.1 0.980959 
135.2 0.981434 
135.3 0.981895 
135.4 0.982341 
135.5 0.982774 
135.6 0.983193 
135.7 0.9836 
135.8 0.983994 
135.9 0.984376 
136 0.984746 
136.1 0.985106 
136.2 0.985454 
136.3 0.985792 
136.4 0.986121 
136.5 0.986439 
136.6 0.986749 
136.7 0.987049 
136.8 0.98734 
136.9 0.987624 
137 0.987899 
137.1 0.988166 
137.2 0.988426 
137.3 0.988678 
137.4 0.988923 
137.5 0.989162 
137.6 0.989393 
137.7 0.989619 
137.8 0.989838 
137.9 0.990052 
138 0.990259 
138.1 0.990461 
138.2 0.990658 
138.3 0.990849 
138.4 0.991035 
138.5 0.991217 
138.6 0.991394 
138.7 0.991566 
138.8 0.991733 
138.9 0.991897 
139 0.992056 
139.1 0.992211 
139.2 0.992362 
139.3 0.99251 
139.4 0.992654 
139.5 0.992794 
139.6 0.992931 
139.7 0.993064 
139.8 0.993195 
139.9 0.993322 
140 0.993446 
140.1 0.993567 
140.2 0.993685 
140.3 0.993801 
140.4 0.993913 
140.5 0.994023 
140.6 0.994131 
140.7 0.994236 
140.8 0.994339 
140.9 0.994439 
141 0.994537 
141.1 0.994633 
141.2 0.994727 
141.3 0.994818 
141.4 0.994908 
141.5 0.994995 
141.6 0.995081 
141.7 0.995165 
141.8 0.995247 
141.9 0.995327 
142 0.995406 
142.1 0.995482 
142.2 0.995558 
142.3 0.995631 
142.4 0.995703 
142.5 0.995774 
142.6 0.995843 
142.7 0.995911 
142.8 0.995977 
142.9 0.996042 
143 0.996106 
143.1 0.996168 
143.2 0.996229 
143.3 0.996289 
143.4 0.996348 
143.5 0.996405 
143.6 0.996462 
143.7 0.996517 
143.8 0.996571 
143.9 0.996624 
144 0.996676 
144.1 0.996728 
144.2 0.996778 
144.3 0.996827 
144.4 0.996875 
144.5 0.996923 
144.6 0.996969 
144.7 0.997015 
144.8 0.997059 
144.9 0.997103 
145 0.997147 
145.1 0.997189 
145.2 0.997231 
145.3 0.997271 
145.4 0.997312 
145.5 0.997351 
145.6 0.99739 
145.7 0.997428 
145.8 0.997465 
145.9 0.997502 
146 0.997538 
146.1 0.997573 
146.2 0.997608 
146.3 0.997642 
146.4 0.997676 
146.5 0.997709 
146.6 0.997741 
146.7 0.997773 
146.8 0.997805 
146.9 0.997835 
147 0.997866 
147.1 0.997896 
147.2 0.997925 
147.3 0.997954 
147.4 0.997982 
147.5 0.99801 
147.6 0.998038 
147.7 0.998065 
147.8 0.998091 
147.9 0.998117 
148 0.998143 
148.1 0.998169 
148.2 0.998194 
148.3 0.998218 
148.4 0.998242 
148.5 0.998266 
148.6 0.998289 
148.7 0.998313 
148.8 0.998335 
148.9 0.998358 
149 0.99838 
149.1 0.998401 
149.2 0.998423 
149.3 0.998444 
149.4 0.998464 
149.5 0.998485 
149.6 0.998505 
149.7 0.998525 
149.8 0.998544 
149.9 0.998563 
150 0.998582 
150.1 0.998601 
150.2 0.998619 
150.3 0.998637 
150.4 0.998655 
150.5 0.998673 
150.6 0.99869 
150.7 0.998707 
150.8 0.998724 
150.9 0.998741 
151 0.998757 
151.1 0.998773 
151.2 0.998789 
151.3 0.998805 
151.4 0.99882 
151.5 0.998835 
151.6 0.99885 
151.7 0.998865 
151.8 0.99888 
151.9 0.998894 
152 0.998908 
152.1 0.998922 
152.2 0.998936 
152.3 0.99895 
152.4 0.998963 
152.5 0.998977 
152.6 0.99899 
152.7 0.999003 
152.8 0.999015 
152.9 0.999028 
153 0.99904 
153.1 0.999053 
153.2 0.999065 
153.3 0.999076 
153.4 0.999088 
153.5 0.9991 
153.6 0.999111 
153.7 0.999123 
153.8 0.999134 
153.9 0.999145 
154 0.999156 
154.1 0.999166 
154.2 0.999177 
154.3 0.999187 
154.4 0.999198 
154.5 0.999208 
154.6 0.999218 
154.7 0.999228 
154.8 0.999238 
154.9 0.999247 
155 0.999257 
155.1 0.999266 
155.2 0.999276 
155.3 0.999285 
155.4 0.999294 
155.5 0.999303 
155.6 0.999312 
155.7 0.999321 
155.8 0.999329 
155.9 0.999338 
156 0.999346 
156.1 0.999354 
156.2 0.999363 
156.3 0.999371 
156.4 0.999379 
156.5 0.999387 
156.6 0.999395 
156.7 0.999402 
156.8 0.99941 
156.9 0.999418 
157 0.999425 
157.1 0.999432 
157.2 0.99944 
157.3 0.999447 
157.4 0.999454 
157.5 0.999461 
157.6 0.999468 
157.7 0.999475 
157.8 0.999482 
157.9 0.999488 
158 0.999495 
158.1 0.999501 
158.2 0.999508 
158.3 0.999514 
158.4 0.999521 
158.5 0.999527 
158.6 0.999533 
158.7 0.999539 
158.8 0.999545 
158.9 0.999551 
159 0.999557 
159.1 0.999563 
159.2 0.999569 
159.3 0.999574 
159.4 0.99958 
159.5 0.999585 
159.6 0.999591 
159.7 0.999596 
159.8 0.999602 
159.9 0.999607 
160 0.999612 
160.1 0.999617 
160.2 0.999622 
160.3 0.999628 
160.4 0.999633 
160.5 0.999637 
160.6 0.999642 
160.7 0.999647 
160.8 0.999652 
160.9 0.999657 
161 0.999661 
161.1 0.999666 
161.2 0.999671 
161.3 0.999675 
161.4 0.99968 
161.5 0.999684 
161.6 0.999688 
161.7 0.999693 
161.8 0.999697 
161.9 0.999701 
162 0.999705 
162.1 0.99971 
162.2 0.999714 
162.3 0.999718 
162.4 0.999722 
162.5 0.999726 
162.6 0.999729 
162.7 0.999733 
162.8 0.999737 
162.9 0.999741 
163 0.999745 
163.1 0.999748 
163.2 0.999752 
163.3 0.999756 
163.4 0.999759 
163.5 0.999763 
163.6 0.999766 
163.7 0.99977 
163.8 0.999773 
163.9 0.999776 
164 0.99978 
164.1 0.999783 
164.2 0.999786 
164.3 0.99979 
164.4 0.999793 
164.5 0.999796 
164.6 0.999799 
164.7 0.999802 
164.8 0.999805 
164.9 0.999808 
165 0.999811 
165.1 0.999814 
165.2 0.999817 
165.3 0.99982 
165.4 0.999823 
165.5 0.999826 
165.6 0.999828 
165.7 0.999831 
165.8 0.999834 
165.9 0.999837 
166 0.999839 
166.1 0.999842 
166.2 0.999844 
166.3 0.999847 
166.4 0.99985 
166.5 0.999852 
166.6 0.999855 
166.7 0.999857 
166.8 0.999859 
166.9 0.999862 
167 0.999864 
167.1 0.999867 
167.2 0.999869 
167.3 0.999871 
167.4 0.999873 
167.5 0.999876 
167.6 0.999878 
167.7 0.99988 
167.8 0.999882 
167.9 0.999884 
168 0.999887 
168.1 0.999889 
168.2 0.999891 
168.3 0.999893 
168.4 0.999895 
168.5 0.999897 
168.6 0.999899 
168.7 0.999901 
168.8 0.999903 
168.9 0.999904 
169 0.999906 
169.1 0.999908 
169.2 0.99991 
169.3 0.999912 
169.4 0.999914 
169.5 0.999915 
169.6 0.999917 
169.7 0.999919 
169.8 0.99992 
169.9 0.999922 
170 0.999924 
170.1 0.999925 
170.2 0.999927 
170.3 0.999929 
170.4 0.99993 
170.5 0.999932 
170.6 0.999933 
170.7 0.999935 
170.8 0.999936 
170.9 0.999938 
171 0.999939 
171.1 0.999941 
171.2 0.999942 
171.3 0.999943 
171.4 0.999945 
171.5 0.999946 
171.6 0.999947 
171.7 0.999949 
171.8 0.99995 
171.9 0.999951 
172 0.999953 
172.1 0.999954 
172.2 0.999955 
172.3 0.999956 
172.4 0.999957 
172.5 0.999958 
172.6 0.99996 
172.7 0.999961 
172.8 0.999962 
172.9 0.999963 
173 0.999964 
173.1 0.999965 
173.2 0.999966 
173.3 0.999967 
173.4 0.999968 
173.5 0.999969 
173.6 0.99997 
173.7 0.999971 
173.8 0.999972 
173.9 0.999973 
174 0.999974 
174.1 0.999975 
174.2 0.999976 
174.3 0.999976 
174.4 0.999977 
174.5 0.999978 
174.6 0.999979 
174.7 0.99998 
174.8 0.99998 
174.9 0.999981 
175 0.999982 
175.1 0.999983 
175.2 0.999983 
175.3 0.999984 
175.4 0.999985 
175.5 0.999985 
175.6 0.999986 
175.7 0.999987 
175.8 0.999987 
175.9 0.999988 
176 0.999989 
176.1 0.999989 
176.2 0.99999 
176.3 0.99999 
176.4 0.999991 
176.5 0.999991 
176.6 0.999992 
176.7 0.999992 
176.8 0.999993 
176.9 0.999993 
177 0.999994 
177.1 0.999994 
177.2 0.999994 
177.3 0.999995 
177.4 0.999995 
177.5 0.999996 
177.6 0.999996 
177.7 0.999996 
177.8 0.999997 
177.9 0.999997 
178 0.999997 
178.1 0.999997 
178.2 0.999998 
178.3 0.999998 
178.4 0.999998 
178.5 0.999998 
178.6 0.999999 
178.7 0.999999 
178.8 0.999999 
178.9 0.999999 
179 0.999999 
179.1 0.999999 
179.2 1 
179.3 1 
179.4 1 
179.5 1 
179.6 1 
179.7 1 
179.8 1 
