0.1 1 
0.2 1 
0.3 1 
0.4 1 
0.5 1 
0.6 1 
0.7 1 
0.8 1 
0.9 1 
1 1 
1.1 1 
1.2 1 
1.3 1 
1.4 1 
1.5 1 
1.6 1 
1.7 1 
1.8 1 
1.9 1 
2 1 
2.1 1 
2.2 1 
2.3 1 
2.4 1 
2.5 1 
2.6 1 
2.7 1 
2.8 1 
2.9 1 
3 1 
3.1 1 
3.2 1 
3.3 1 
3.4 1 
3.5 1 
3.6 1 
3.7 1 
3.8 1 
3.9 1 
4 1 
4.1 1 
4.2 1 
4.3 1 
4.4 1 
4.5 1 
4.6 1 
4.7 1 
4.8 1 
4.9 1 
5 1 
5.1 1 
5.2 1 
5.3 1 
5.4 1 
5.5 1 
5.6 1 
5.7 1 
5.8 1 
5.9 1 
6 1 
6.1 1 
6.2 1 
6.3 1 
6.4 1 
6.5 1 
6.6 1 
6.7 1 
6.8 1 
6.9 1 
7 1 
7.1 1 
7.2 1 
7.3 1 
7.4 1 
7.5 0.999999 
7.6 0.999999 
7.7 0.999999 
7.8 0.999999 
7.9 0.999999 
8 0.999999 
8.1 0.999999 
8.2 0.999999 
8.3 0.999999 
8.4 0.999999 
8.5 0.999999 
8.6 0.999999 
8.7 0.999999 
8.8 0.999999 
8.9 0.999999 
9 0.999999 
9.1 0.999999 
9.2 0.999999 
9.3 0.999999 
9.4 0.999999 
9.5 0.999999 
9.6 0.999999 
9.7 0.999998 
9.8 0.999998 
9.9 0.999998 
10 0.999998 
10.1 0.999998 
10.2 0.999998 
10.3 0.999998 
10.4 0.999998 
10.5 0.999998 
10.6 0.999998 
10.7 0.999998 
10.8 0.999997 
10.9 0.999997 
11 0.999997 
11.1 0.999997 
11.2 0.999997 
11.3 0.999997 
11.4 0.999997 
11.5 0.999997 
11.6 0.999996 
11.7 0.999996 
11.8 0.999996 
11.9 0.999996 
12 0.999996 
12.1 0.999996 
12.2 0.999995 
12.3 0.999995 
12.4 0.999995 
12.5 0.999995 
12.6 0.999995 
12.7 0.999994 
12.8 0.999994 
12.9 0.999994 
13 0.999994 
13.1 0.999993 
13.2 0.999993 
13.3 0.999993 
13.4 0.999992 
13.5 0.999992 
13.6 0.999992 
13.7 0.999991 
13.8 0.999991 
13.9 0.999991 
14 0.99999 
14.1 0.99999 
14.2 0.99999 
14.3 0.999989 
14.4 0.999989 
14.5 0.999988 
14.6 0.999988 
14.7 0.999987 
14.8 0.999987 
14.9 0.999986 
15 0.999986 
15.1 0.999985 
15.2 0.999985 
15.3 0.999984 
15.4 0.999984 
15.5 0.999983 
15.6 0.999982 
15.7 0.999982 
15.8 0.999981 
15.9 0.999981 
16 0.99998 
16.1 0.999979 
16.2 0.999978 
16.3 0.999978 
16.4 0.999977 
16.5 0.999976 
16.6 0.999975 
16.7 0.999975 
16.8 0.999974 
16.9 0.999973 
17 0.999972 
17.1 0.999971 
17.2 0.99997 
17.3 0.999969 
17.4 0.999968 
17.5 0.999967 
17.6 0.999966 
17.7 0.999965 
17.8 0.999964 
17.9 0.999963 
18 0.999962 
18.1 0.999961 
18.2 0.999959 
18.3 0.999958 
18.4 0.999957 
18.5 0.999955 
18.6 0.999954 
18.7 0.999953 
18.8 0.999951 
18.9 0.99995 
19 0.999948 
19.1 0.999947 
19.2 0.999945 
19.3 0.999944 
19.4 0.999942 
19.5 0.99994 
19.6 0.999939 
19.7 0.999937 
19.8 0.999935 
19.9 0.999934 
20 0.999932 
20.1 0.99993 
20.2 0.999928 
20.3 0.999926 
20.4 0.999924 
20.5 0.999922 
20.6 0.99992 
20.7 0.999918 
20.8 0.999916 
20.9 0.999914 
21 0.999912 
21.1 0.99991 
21.2 0.999908 
21.3 0.999905 
21.4 0.999903 
21.5 0.999901 
21.6 0.999898 
21.7 0.999896 
21.8 0.999893 
21.9 0.999891 
22 0.999888 
22.1 0.999886 
22.2 0.999883 
22.3 0.99988 
22.4 0.999878 
22.5 0.999875 
22.6 0.999872 
22.7 0.999869 
22.8 0.999866 
22.9 0.999863 
23 0.99986 
23.1 0.999857 
23.2 0.999854 
23.3 0.999851 
23.4 0.999848 
23.5 0.999844 
23.6 0.999841 
23.7 0.999838 
23.8 0.999834 
23.9 0.999831 
24 0.999827 
24.1 0.999824 
24.2 0.99982 
24.3 0.999817 
24.4 0.999813 
24.5 0.999809 
24.6 0.999805 
24.7 0.999802 
24.8 0.999798 
24.9 0.999794 
25 0.99979 
25.1 0.999786 
25.2 0.999782 
25.3 0.999778 
25.4 0.999774 
25.5 0.99977 
25.6 0.999766 
25.7 0.999761 
25.8 0.999757 
25.9 0.999753 
26 0.999748 
26.1 0.999744 
26.2 0.999739 
26.3 0.999735 
26.4 0.99973 
26.5 0.999725 
26.6 0.999721 
26.7 0.999716 
26.8 0.999711 
26.9 0.999706 
27 0.999701 
27.1 0.999696 
27.2 0.999691 
27.3 0.999686 
27.4 0.99968 
27.5 0.999675 
27.6 0.99967 
27.7 0.999664 
27.8 0.999659 
27.9 0.999653 
28 0.999648 
28.1 0.999642 
28.2 0.999636 
28.3 0.99963 
28.4 0.999624 
28.5 0.999619 
28.6 0.999613 
28.7 0.999606 
28.8 0.9996 
28.9 0.999594 
29 0.999588 
29.1 0.999582 
29.2 0.999575 
29.3 0.999569 
29.4 0.999562 
29.5 0.999556 
29.6 0.999549 
29.7 0.999543 
29.8 0.999536 
29.9 0.999529 
30 0.999522 
30.1 0.999515 
30.2 0.999508 
30.3 0.999501 
30.4 0.999494 
30.5 0.999487 
30.6 0.99948 
30.7 0.999472 
30.8 0.999465 
30.9 0.999457 
31 0.999449 
31.1 0.999442 
31.2 0.999434 
31.3 0.999426 
31.4 0.999418 
31.5 0.99941 
31.6 0.999402 
31.7 0.999393 
31.8 0.999385 
31.9 0.999376 
32 0.999368 
32.1 0.999359 
32.2 0.99935 
32.3 0.999341 
32.4 0.999332 
32.5 0.999323 
32.6 0.999314 
32.7 0.999305 
32.8 0.999295 
32.9 0.999286 
33 0.999276 
33.1 0.999266 
33.2 0.999257 
33.3 0.999247 
33.4 0.999237 
33.5 0.999226 
33.6 0.999216 
33.7 0.999206 
33.8 0.999195 
33.9 0.999185 
34 0.999174 
34.1 0.999164 
34.2 0.999153 
34.3 0.999142 
34.4 0.999131 
34.5 0.99912 
34.6 0.999108 
34.7 0.999097 
34.8 0.999085 
34.9 0.999074 
35 0.999062 
35.1 0.99905 
35.2 0.999038 
35.3 0.999026 
35.4 0.999013 
35.5 0.999001 
35.6 0.998988 
35.7 0.998975 
35.8 0.998962 
35.9 0.998949 
36 0.998936 
36.1 0.998923 
36.2 0.998909 
36.3 0.998895 
36.4 0.998881 
36.5 0.998867 
36.6 0.998853 
36.7 0.998838 
36.8 0.998824 
36.9 0.998809 
37 0.998794 
37.1 0.998779 
37.2 0.998763 
37.3 0.998748 
37.4 0.998732 
37.5 0.998716 
37.6 0.9987 
37.7 0.998683 
37.8 0.998667 
37.9 0.99865 
38 0.998634 
38.1 0.998617 
38.2 0.998599 
38.3 0.998582 
38.4 0.998564 
38.5 0.998547 
38.6 0.998529 
38.7 0.998511 
38.8 0.998492 
38.9 0.998474 
39 0.998455 
39.1 0.998436 
39.2 0.998417 
39.3 0.998398 
39.4 0.998379 
39.5 0.998359 
39.6 0.998339 
39.7 0.998319 
39.8 0.998299 
39.9 0.998278 
40 0.998257 
40.1 0.998236 
40.2 0.998215 
40.3 0.998193 
40.4 0.998171 
40.5 0.998149 
40.6 0.998126 
40.7 0.998104 
40.8 0.998081 
40.9 0.998057 
41 0.998034 
41.1 0.99801 
41.2 0.997986 
41.3 0.997961 
41.4 0.997936 
41.5 0.997911 
41.6 0.997886 
41.7 0.99786 
41.8 0.997834 
41.9 0.997808 
42 0.997781 
42.1 0.997754 
42.2 0.997727 
42.3 0.997699 
42.4 0.997671 
42.5 0.997643 
42.6 0.997615 
42.7 0.997586 
42.8 0.997557 
42.9 0.997527 
43 0.997498 
43.1 0.997468 
43.2 0.997438 
43.3 0.997407 
43.4 0.997377 
43.5 0.997346 
43.6 0.997314 
43.7 0.997283 
43.8 0.997251 
43.9 0.997219 
44 0.997186 
44.1 0.997153 
44.2 0.99712 
44.3 0.997087 
44.4 0.997053 
44.5 0.997019 
44.6 0.996985 
44.7 0.99695 
44.8 0.996915 
44.9 0.996879 
45 0.996844 
45.1 0.996807 
45.2 0.996771 
45.3 0.996734 
45.4 0.996696 
45.5 0.996659 
45.6 0.99662 
45.7 0.996582 
45.8 0.996543 
45.9 0.996503 
46 0.996463 
46.1 0.996423 
46.2 0.996383 
46.3 0.996342 
46.4 0.9963 
46.5 0.996258 
46.6 0.996216 
46.7 0.996174 
46.8 0.996131 
46.9 0.996088 
47 0.996044 
47.1 0.996 
47.2 0.995956 
47.3 0.995911 
47.4 0.995867 
47.5 0.995822 
47.6 0.995776 
47.7 0.995731 
47.8 0.995685 
47.9 0.995639 
48 0.995593 
48.1 0.995546 
48.2 0.9955 
48.3 0.995453 
48.4 0.995406 
48.5 0.995359 
48.6 0.995311 
48.7 0.995264 
48.8 0.995216 
48.9 0.995168 
49 0.99512 
49.1 0.995072 
49.2 0.995024 
49.3 0.994975 
49.4 0.994926 
49.5 0.994878 
49.6 0.994828 
49.7 0.994779 
49.8 0.99473 
49.9 0.99468 
50 0.99463 
50.1 0.99458 
50.2 0.99453 
50.3 0.99448 
50.4 0.994429 
50.5 0.994378 
50.6 0.994328 
50.7 0.994276 
50.8 0.994225 
50.9 0.994174 
51 0.994123 
51.1 0.994071 
51.2 0.99402 
51.3 0.993968 
51.4 0.993917 
51.5 0.993865 
51.6 0.993814 
51.7 0.993762 
51.8 0.993711 
51.9 0.99366 
52 0.993609 
52.1 0.993558 
52.2 0.993507 
52.3 0.993456 
52.4 0.993406 
52.5 0.993356 
52.6 0.993307 
52.7 0.993257 
52.8 0.993208 
52.9 0.99316 
53 0.993111 
53.1 0.993063 
53.2 0.993016 
53.3 0.992969 
53.4 0.992922 
53.5 0.992876 
53.6 0.99283 
53.7 0.992785 
53.8 0.99274 
53.9 0.992696 
54 0.992652 
54.1 0.992608 
54.2 0.992565 
54.3 0.992523 
54.4 0.992481 
54.5 0.992439 
54.6 0.992397 
54.7 0.992356 
54.8 0.992316 
54.9 0.992276 
55 0.992236 
55.1 0.992197 
55.2 0.992158 
55.3 0.992119 
55.4 0.992081 
55.5 0.992043 
55.6 0.992006 
55.7 0.991969 
55.8 0.991933 
55.9 0.991897 
56 0.991861 
56.1 0.991826 
56.2 0.991792 
56.3 0.991758 
56.4 0.991724 
56.5 0.991691 
56.6 0.991659 
56.7 0.991627 
56.8 0.991596 
56.9 0.991565 
57 0.991535 
57.1 0.991505 
57.2 0.991476 
57.3 0.991448 
57.4 0.991421 
57.5 0.991394 
57.6 0.991368 
57.7 0.991342 
57.8 0.991317 
57.9 0.991293 
58 0.991269 
58.1 0.991247 
58.2 0.991224 
58.3 0.991203 
58.4 0.991182 
58.5 0.991162 
58.6 0.991142 
58.7 0.991123 
58.8 0.991104 
58.9 0.991086 
59 0.991069 
59.1 0.991052 
59.2 0.991035 
59.3 0.991019 
59.4 0.991004 
59.5 0.990988 
59.6 0.990974 
59.7 0.990959 
59.8 0.990945 
59.9 0.990932 
60 0.990918 
60.1 0.990905 
60.2 0.990892 
60.3 0.99088 
60.4 0.990867 
60.5 0.990855 
60.6 0.990844 
60.7 0.990832 
60.8 0.990821 
60.9 0.990809 
61 0.990798 
61.1 0.990788 
61.2 0.990777 
61.3 0.990767 
61.4 0.990757 
61.5 0.990747 
61.6 0.990737 
61.7 0.990727 
61.8 0.990718 
61.9 0.990709 
62 0.9907 
62.1 0.990691 
62.2 0.990683 
62.3 0.990675 
62.4 0.990666 
62.5 0.990658 
62.6 0.990651 
62.7 0.990643 
62.8 0.990636 
62.9 0.990629 
63 0.990622 
63.1 0.990615 
63.2 0.990608 
63.3 0.990602 
63.4 0.990596 
63.5 0.990589 
63.6 0.990583 
63.7 0.990577 
63.8 0.990571 
63.9 0.990565 
64 0.990559 
64.1 0.990553 
64.2 0.990548 
64.3 0.990542 
64.4 0.990536 
64.5 0.99053 
64.6 0.990523 
64.7 0.990517 
64.8 0.990511 
64.9 0.990504 
65 0.990498 
65.1 0.990491 
65.2 0.990484 
65.3 0.990477 
65.4 0.990469 
65.5 0.990461 
65.6 0.990454 
65.7 0.990445 
65.8 0.990437 
65.9 0.990428 
66 0.990419 
66.1 0.99041 
66.2 0.990401 
66.3 0.990391 
66.4 0.990381 
66.5 0.99037 
66.6 0.99036 
66.7 0.990349 
66.8 0.990338 
66.9 0.990326 
67 0.990314 
67.1 0.990302 
67.2 0.99029 
67.3 0.990278 
67.4 0.990265 
67.5 0.990252 
67.6 0.990238 
67.7 0.990225 
67.8 0.990211 
67.9 0.990197 
68 0.990182 
68.1 0.990168 
68.2 0.990153 
68.3 0.990137 
68.4 0.990122 
68.5 0.990106 
68.6 0.99009 
68.7 0.990073 
68.8 0.990057 
68.9 0.99004 
69 0.990022 
69.1 0.990004 
69.2 0.989986 
69.3 0.989968 
69.4 0.989949 
69.5 0.98993 
69.6 0.98991 
69.7 0.98989 
69.8 0.989869 
69.9 0.989848 
70 0.989826 
70.1 0.989804 
70.2 0.989781 
70.3 0.989758 
70.4 0.989735 
70.5 0.98971 
70.6 0.989685 
70.7 0.98966 
70.8 0.989634 
70.9 0.989607 
71 0.98958 
71.1 0.989552 
71.2 0.989523 
71.3 0.989494 
71.4 0.989464 
71.5 0.989434 
71.6 0.989402 
71.7 0.98937 
71.8 0.989338 
71.9 0.989304 
72 0.98927 
72.1 0.989236 
72.2 0.9892 
72.3 0.989164 
72.4 0.989128 
72.5 0.98909 
72.6 0.989052 
72.7 0.989013 
72.8 0.988974 
72.9 0.988933 
73 0.988893 
73.1 0.988851 
73.2 0.988808 
73.3 0.988765 
73.4 0.988722 
73.5 0.988677 
73.6 0.988632 
73.7 0.988586 
73.8 0.988539 
73.9 0.988491 
74 0.988443 
74.1 0.988393 
74.2 0.988343 
74.3 0.988293 
74.4 0.988241 
74.5 0.988188 
74.6 0.988135 
74.7 0.98808 
74.8 0.988025 
74.9 0.987969 
75 0.987911 
75.1 0.987853 
75.2 0.987794 
75.3 0.987733 
75.4 0.987672 
75.5 0.987609 
75.6 0.987546 
75.7 0.987481 
75.8 0.987415 
75.9 0.987347 
76 0.987279 
76.1 0.987209 
76.2 0.987138 
76.3 0.987066 
76.4 0.986992 
76.5 0.986917 
76.6 0.98684 
76.7 0.986762 
76.8 0.986682 
76.9 0.986602 
77 0.986519 
77.1 0.986435 
77.2 0.986349 
77.3 0.986262 
77.4 0.986174 
77.5 0.986083 
77.6 0.985991 
77.7 0.985897 
77.8 0.985802 
77.9 0.985705 
78 0.985606 
78.1 0.985505 
78.2 0.985403 
78.3 0.985298 
78.4 0.985192 
78.5 0.985084 
78.6 0.984974 
78.7 0.984862 
78.8 0.984748 
78.9 0.984632 
79 0.984514 
79.1 0.984394 
79.2 0.984271 
79.3 0.984147 
79.4 0.98402 
79.5 0.983891 
79.6 0.98376 
79.7 0.983626 
79.8 0.98349 
79.9 0.983352 
80 0.983211 
80.1 0.983067 
80.2 0.98292 
80.3 0.982771 
80.4 0.982619 
80.5 0.982464 
80.6 0.982307 
80.7 0.982146 
80.8 0.981982 
80.9 0.981815 
81 0.981644 
81.1 0.981471 
81.2 0.981293 
81.3 0.981112 
81.4 0.980928 
81.5 0.98074 
81.6 0.980548 
81.7 0.980352 
81.8 0.980152 
81.9 0.979947 
82 0.979739 
82.1 0.979526 
82.2 0.979308 
82.3 0.979086 
82.4 0.978859 
82.5 0.978627 
82.6 0.978391 
82.7 0.978149 
82.8 0.977902 
82.9 0.977649 
83 0.977391 
83.1 0.977127 
83.2 0.976857 
83.3 0.976581 
83.4 0.976299 
83.5 0.976011 
83.6 0.975716 
83.7 0.975415 
83.8 0.975106 
83.9 0.974791 
84 0.974469 
84.1 0.974138 
84.2 0.973801 
84.3 0.973455 
84.4 0.973102 
84.5 0.97274 
84.6 0.972369 
84.7 0.97199 
84.8 0.971602 
84.9 0.971204 
85 0.970797 
85.1 0.97038 
85.2 0.969953 
85.3 0.969515 
85.4 0.969066 
85.5 0.968606 
85.6 0.968135 
85.7 0.967651 
85.8 0.967156 
85.9 0.966647 
86 0.966125 
86.1 0.96559 
86.2 0.965041 
86.3 0.964477 
86.4 0.963897 
86.5 0.963303 
86.6 0.962692 
86.7 0.962064 
86.8 0.961419 
86.9 0.960756 
87 0.960074 
87.1 0.959373 
87.2 0.958652 
87.3 0.95791 
87.4 0.957146 
87.5 0.95636 
87.6 0.955551 
87.7 0.954718 
87.8 0.95386 
87.9 0.952976 
88 0.952064 
88.1 0.951125 
88.2 0.950157 
88.3 0.949158 
88.4 0.948128 
88.5 0.947065 
88.6 0.945968 
88.7 0.944836 
88.8 0.943668 
88.9 0.942461 
89 0.941214 
89.1 0.939926 
89.2 0.938596 
89.3 0.93722 
89.4 0.935798 
89.5 0.934328 
89.6 0.932807 
89.7 0.931234 
89.8 0.929606 
89.9 0.927921 
90 0.926177 
90.1 0.924372 
90.2 0.922502 
90.3 0.920566 
90.4 0.91856 
90.5 0.916481 
90.6 0.914327 
90.7 0.912095 
90.8 0.909781 
90.9 0.907382 
91 0.904895 
91.1 0.902315 
91.2 0.89964 
91.3 0.896866 
91.4 0.893988 
91.5 0.891004 
91.6 0.887908 
91.7 0.884697 
91.8 0.881367 
91.9 0.877914 
92 0.874334 
92.1 0.870622 
92.2 0.866775 
92.3 0.86279 
92.4 0.858662 
92.5 0.854388 
92.6 0.849965 
92.7 0.845392 
92.8 0.840664 
92.9 0.835783 
93 0.830746 
93.1 0.825554 
93.2 0.820207 
93.3 0.81471 
93.4 0.809065 
93.5 0.803277 
93.6 0.797354 
93.7 0.791305 
93.8 0.785141 
93.9 0.778875 
94 0.772524 
94.1 0.766105 
94.2 0.759642 
94.3 0.753158 
94.4 0.746682 
94.5 0.740244 
94.6 0.733878 
94.7 0.727622 
94.8 0.721515 
94.9 0.715599 
95 0.709919 
95.1 0.704519 
95.2 0.699447 
95.3 0.694748 
95.4 0.690467 
95.5 0.686648 
95.6 0.68333 
95.7 0.680552 
95.8 0.678344 
95.9 0.676733 
96 0.675739 
96.1 0.675374 
96.2 0.675645 
96.3 0.67655 
96.4 0.678078 
96.5 0.680215 
96.6 0.682937 
96.7 0.686214 
96.8 0.690011 
96.9 0.694291 
97 0.699011 
97.1 0.704125 
97.2 0.709588 
97.3 0.715352 
97.4 0.721372 
97.5 0.7276 
97.6 0.733995 
97.7 0.740513 
97.8 0.747116 
97.9 0.753769 
98 0.760436 
98.1 0.76709 
98.2 0.773703 
98.3 0.780251 
98.4 0.786714 
98.5 0.793075 
98.6 0.799319 
98.7 0.805433 
98.8 0.811407 
98.9 0.817234 
99 0.822907 
99.1 0.828422 
99.2 0.833775 
99.3 0.838967 
99.4 0.843995 
99.5 0.84886 
99.6 0.853564 
99.7 0.858109 
99.8 0.862498 
99.9 0.866732 
100 0.870817 
100.1 0.874755 
100.2 0.878551 
100.3 0.882208 
100.4 0.885731 
100.5 0.889125 
100.6 0.892393 
100.7 0.89554 
100.8 0.89857 
100.9 0.901488 
101 0.904297 
101.1 0.907003 
101.2 0.909608 
101.3 0.912117 
101.4 0.914533 
101.5 0.916861 
101.6 0.919104 
101.7 0.921265 
101.8 0.923348 
101.9 0.925356 
102 0.927291 
102.1 0.929158 
102.2 0.930958 
102.3 0.932694 
102.4 0.93437 
102.5 0.935988 
102.6 0.937549 
102.7 0.939057 
102.8 0.940513 
102.9 0.94192 
103 0.94328 
103.1 0.944594 
103.2 0.945864 
103.3 0.947093 
103.4 0.948282 
103.5 0.949432 
103.6 0.950545 
103.7 0.951622 
103.8 0.952666 
103.9 0.953677 
104 0.954656 
104.1 0.955605 
104.2 0.956524 
104.3 0.957416 
104.4 0.958281 
104.5 0.95912 
104.6 0.959933 
104.7 0.960723 
104.8 0.96149 
104.9 0.962234 
105 0.962957 
105.1 0.963659 
105.2 0.964342 
105.3 0.965005 
105.4 0.965649 
105.5 0.966276 
105.6 0.966885 
105.7 0.967477 
105.8 0.968053 
105.9 0.968614 
106 0.96916 
106.1 0.969691 
106.2 0.970208 
106.3 0.970711 
106.4 0.971201 
106.5 0.971678 
106.6 0.972143 
106.7 0.972596 
106.8 0.973038 
106.9 0.973468 
107 0.973887 
107.1 0.974296 
107.2 0.974695 
107.3 0.975084 
107.4 0.975463 
107.5 0.975832 
107.6 0.976193 
107.7 0.976545 
107.8 0.976889 
107.9 0.977224 
108 0.977551 
108.1 0.977871 
108.2 0.978183 
108.3 0.978487 
108.4 0.978785 
108.5 0.979075 
108.6 0.979359 
108.7 0.979636 
108.8 0.979907 
108.9 0.980172 
109 0.980431 
109.1 0.980684 
109.2 0.980931 
109.3 0.981173 
109.4 0.981409 
109.5 0.981641 
109.6 0.981867 
109.7 0.982088 
109.8 0.982304 
109.9 0.982516 
110 0.982723 
110.1 0.982926 
110.2 0.983125 
110.3 0.983319 
110.4 0.983509 
110.5 0.983696 
110.6 0.983878 
110.7 0.984057 
110.8 0.984232 
110.9 0.984403 
111 0.984571 
111.1 0.984736 
111.2 0.984897 
111.3 0.985055 
111.4 0.98521 
111.5 0.985362 
111.6 0.985511 
111.7 0.985657 
111.8 0.9858 
111.9 0.98594 
112 0.986078 
112.1 0.986213 
112.2 0.986345 
112.3 0.986475 
112.4 0.986603 
112.5 0.986728 
112.6 0.98685 
112.7 0.986971 
112.8 0.987089 
112.9 0.987205 
113 0.987319 
113.1 0.98743 
113.2 0.98754 
113.3 0.987648 
113.4 0.987753 
113.5 0.987857 
113.6 0.987958 
113.7 0.988058 
113.8 0.988156 
113.9 0.988253 
114 0.988347 
114.1 0.98844 
114.2 0.988531 
114.3 0.98862 
114.4 0.988708 
114.5 0.988794 
114.6 0.988879 
114.7 0.988962 
114.8 0.989043 
114.9 0.989123 
115 0.989202 
115.1 0.989279 
115.2 0.989354 
115.3 0.989429 
115.4 0.989502 
115.5 0.989573 
115.6 0.989643 
115.7 0.989712 
115.8 0.98978 
115.9 0.989846 
116 0.989911 
116.1 0.989975 
116.2 0.990037 
116.3 0.990099 
116.4 0.990159 
116.5 0.990218 
116.6 0.990276 
116.7 0.990333 
116.8 0.990388 
116.9 0.990443 
117 0.990497 
117.1 0.990549 
117.2 0.9906 
117.3 0.990651 
117.4 0.9907 
117.5 0.990749 
117.6 0.990796 
117.7 0.990843 
117.8 0.990888 
117.9 0.990933 
118 0.990976 
118.1 0.991019 
118.2 0.991061 
118.3 0.991102 
118.4 0.991142 
118.5 0.991181 
118.6 0.99122 
118.7 0.991257 
118.8 0.991294 
118.9 0.99133 
119 0.991365 
119.1 0.9914 
119.2 0.991433 
119.3 0.991466 
119.4 0.991498 
119.5 0.991529 
119.6 0.99156 
119.7 0.99159 
119.8 0.991619 
119.9 0.991647 
120 0.991675 
120.1 0.991702 
120.2 0.991728 
120.3 0.991754 
120.4 0.991779 
120.5 0.991803 
120.6 0.991827 
120.7 0.991849 
120.8 0.991872 
120.9 0.991893 
121 0.991914 
121.1 0.991935 
121.2 0.991954 
121.3 0.991974 
121.4 0.991992 
121.5 0.99201 
121.6 0.992027 
121.7 0.992044 
121.8 0.99206 
121.9 0.992075 
122 0.99209 
122.1 0.992104 
122.2 0.992117 
122.3 0.99213 
122.4 0.992143 
122.5 0.992154 
122.6 0.992165 
122.7 0.992176 
122.8 0.992186 
122.9 0.992195 
123 0.992204 
123.1 0.992212 
123.2 0.992219 
123.3 0.992226 
123.4 0.992232 
123.5 0.992238 
123.6 0.992243 
123.7 0.992248 
123.8 0.992251 
123.9 0.992255 
124 0.992257 
124.1 0.992259 
124.2 0.99226 
124.3 0.992261 
124.4 0.992261 
124.5 0.992261 
124.6 0.99226 
124.7 0.992258 
124.8 0.992255 
124.9 0.992252 
125 0.992248 
125.1 0.992244 
125.2 0.992239 
125.3 0.992233 
125.4 0.992227 
125.5 0.99222 
125.6 0.992212 
125.7 0.992203 
125.8 0.992194 
125.9 0.992184 
126 0.992174 
126.1 0.992162 
126.2 0.992151 
126.3 0.992138 
126.4 0.992124 
126.5 0.99211 
126.6 0.992095 
126.7 0.99208 
126.8 0.992063 
126.9 0.992046 
127 0.992028 
127.1 0.99201 
127.2 0.99199 
127.3 0.99197 
127.4 0.991949 
127.5 0.991927 
127.6 0.991904 
127.7 0.99188 
127.8 0.991856 
127.9 0.991831 
128 0.991805 
128.1 0.991777 
128.2 0.99175 
128.3 0.991721 
128.4 0.991691 
128.5 0.99166 
128.6 0.991629 
128.7 0.991596 
128.8 0.991562 
128.9 0.991528 
129 0.991492 
129.1 0.991455 
129.2 0.991418 
129.3 0.991379 
129.4 0.991339 
129.5 0.991298 
129.6 0.991256 
129.7 0.991213 
129.8 0.991168 
129.9 0.991123 
130 0.991076 
130.1 0.991028 
130.2 0.990979 
130.3 0.990928 
130.4 0.990876 
130.5 0.990823 
130.6 0.990768 
130.7 0.990712 
130.8 0.990655 
130.9 0.990596 
131 0.990535 
131.1 0.990473 
131.2 0.99041 
131.3 0.990345 
131.4 0.990278 
131.5 0.990209 
131.6 0.990139 
131.7 0.990067 
131.8 0.989993 
131.9 0.989918 
132 0.98984 
132.1 0.98976 
132.2 0.989679 
132.3 0.989595 
132.4 0.989509 
132.5 0.989421 
132.6 0.989331 
132.7 0.989238 
132.8 0.989144 
132.9 0.989046 
133 0.988946 
133.1 0.988844 
133.2 0.988739 
133.3 0.988631 
133.4 0.98852 
133.5 0.988407 
133.6 0.98829 
133.7 0.98817 
133.8 0.988048 
133.9 0.987922 
134 0.987792 
134.1 0.987659 
134.2 0.987523 
134.3 0.987382 
134.4 0.987238 
134.5 0.98709 
134.6 0.986938 
134.7 0.986782 
134.8 0.986621 
134.9 0.986456 
135 0.986286 
135.1 0.986111 
135.2 0.985931 
135.3 0.985746 
135.4 0.985556 
135.5 0.98536 
135.6 0.985159 
135.7 0.984951 
135.8 0.984737 
135.9 0.984517 
136 0.984291 
136.1 0.984057 
136.2 0.983816 
136.3 0.983568 
136.4 0.983312 
136.5 0.983048 
136.6 0.982776 
136.7 0.982496 
136.8 0.982206 
136.9 0.981907 
137 0.981598 
137.1 0.981279 
137.2 0.98095 
137.3 0.98061 
137.4 0.980258 
137.5 0.979895 
137.6 0.979519 
137.7 0.97913 
137.8 0.978728 
137.9 0.978312 
138 0.977882 
138.1 0.977436 
138.2 0.976975 
138.3 0.976497 
138.4 0.976001 
138.5 0.975488 
138.6 0.974956 
138.7 0.974404 
138.8 0.973832 
138.9 0.973239 
139 0.972623 
139.1 0.971984 
139.2 0.971321 
139.3 0.970633 
139.4 0.969918 
139.5 0.969175 
139.6 0.968404 
139.7 0.967603 
139.8 0.966771 
139.9 0.965906 
140 0.965007 
140.1 0.964073 
140.2 0.963102 
140.3 0.962093 
140.4 0.961046 
140.5 0.959957 
140.6 0.958826 
140.7 0.957652 
140.8 0.956433 
140.9 0.955168 
141 0.953856 
141.1 0.952496 
141.2 0.951087 
141.3 0.949629 
141.4 0.948122 
141.5 0.946565 
141.6 0.944958 
141.7 0.943304 
141.8 0.941602 
141.9 0.939856 
142 0.938068 
142.1 0.93624 
142.2 0.934379 
142.3 0.932488 
142.4 0.930576 
142.5 0.928648 
142.6 0.926714 
142.7 0.924785 
142.8 0.922871 
142.9 0.920987 
143 0.919145 
143.1 0.917361 
143.2 0.915653 
143.3 0.914037 
143.4 0.912532 
143.5 0.911155 
143.6 0.909926 
143.7 0.908861 
143.8 0.907978 
143.9 0.907292 
144 0.906815 
144.1 0.906558 
144.2 0.906529 
144.3 0.906733 
144.4 0.90717 
144.5 0.907837 
144.6 0.90873 
144.7 0.909837 
144.8 0.911148 
144.9 0.912647 
145 0.914316 
145.1 0.916138 
145.2 0.918093 
145.3 0.92016 
145.4 0.922318 
145.5 0.924549 
145.6 0.926832 
145.7 0.92915 
145.8 0.931486 
145.9 0.933825 
146 0.936154 
146.1 0.93846 
146.2 0.940732 
146.3 0.942963 
146.4 0.945145 
146.5 0.947272 
146.6 0.949339 
146.7 0.951344 
146.8 0.953282 
146.9 0.955153 
147 0.956957 
147.1 0.958691 
147.2 0.960358 
147.3 0.961958 
147.4 0.963491 
147.5 0.96496 
147.6 0.966366 
147.7 0.96771 
147.8 0.968996 
147.9 0.970225 
148 0.971399 
148.1 0.97252 
148.2 0.97359 
148.3 0.974612 
148.4 0.975588 
148.5 0.97652 
148.6 0.97741 
148.7 0.978259 
148.8 0.97907 
148.9 0.979845 
149 0.980585 
149.1 0.981292 
149.2 0.981968 
149.3 0.982613 
149.4 0.983231 
149.5 0.983821 
149.6 0.984386 
149.7 0.984926 
149.8 0.985443 
149.9 0.985938 
150 0.986412 
150.1 0.986866 
150.2 0.987302 
150.3 0.987719 
150.4 0.988119 
150.5 0.988503 
150.6 0.988871 
150.7 0.989224 
150.8 0.989563 
150.9 0.989889 
151 0.990202 
151.1 0.990503 
151.2 0.990792 
151.3 0.99107 
151.4 0.991338 
151.5 0.991596 
151.6 0.991843 
151.7 0.992082 
151.8 0.992312 
151.9 0.992533 
152 0.992747 
152.1 0.992952 
152.2 0.993151 
152.3 0.993342 
152.4 0.993527 
152.5 0.993705 
152.6 0.993877 
152.7 0.994044 
152.8 0.994204 
152.9 0.994359 
153 0.994509 
153.1 0.994654 
153.2 0.994794 
153.3 0.99493 
153.4 0.995061 
153.5 0.995188 
153.6 0.995311 
153.7 0.99543 
153.8 0.995545 
153.9 0.995657 
154 0.995765 
154.1 0.99587 
154.2 0.995971 
154.3 0.99607 
154.4 0.996166 
154.5 0.996258 
154.6 0.996348 
154.7 0.996435 
154.8 0.99652 
154.9 0.996603 
155 0.996682 
155.1 0.99676 
155.2 0.996835 
155.3 0.996909 
155.4 0.99698 
155.5 0.997049 
155.6 0.997116 
155.7 0.997182 
155.8 0.997245 
155.9 0.997307 
156 0.997368 
156.1 0.997426 
156.2 0.997483 
156.3 0.997539 
156.4 0.997593 
156.5 0.997645 
156.6 0.997697 
156.7 0.997747 
156.8 0.997795 
156.9 0.997843 
157 0.997889 
157.1 0.997934 
157.2 0.997978 
157.3 0.998021 
157.4 0.998063 
157.5 0.998103 
157.6 0.998143 
157.7 0.998182 
157.8 0.99822 
157.9 0.998257 
158 0.998293 
158.1 0.998328 
158.2 0.998362 
158.3 0.998396 
158.4 0.998428 
158.5 0.99846 
158.6 0.998492 
158.7 0.998522 
158.8 0.998552 
158.9 0.998581 
159 0.99861 
159.1 0.998637 
159.2 0.998665 
159.3 0.998691 
159.4 0.998717 
159.5 0.998743 
159.6 0.998768 
159.7 0.998792 
159.8 0.998816 
159.9 0.998839 
160 0.998862 
160.1 0.998884 
160.2 0.998906 
160.3 0.998927 
160.4 0.998948 
160.5 0.998969 
160.6 0.998989 
160.7 0.999008 
160.8 0.999027 
160.9 0.999046 
161 0.999065 
161.1 0.999083 
161.2 0.9991 
161.3 0.999118 
161.4 0.999135 
161.5 0.999151 
161.6 0.999167 
161.7 0.999183 
161.8 0.999199 
161.9 0.999214 
162 0.999229 
162.1 0.999244 
162.2 0.999259 
162.3 0.999273 
162.4 0.999287 
162.5 0.9993 
162.6 0.999314 
162.7 0.999327 
162.8 0.999339 
162.9 0.999352 
163 0.999364 
163.1 0.999376 
163.2 0.999388 
163.3 0.9994 
163.4 0.999411 
163.5 0.999423 
163.6 0.999434 
163.7 0.999445 
163.8 0.999455 
163.9 0.999466 
164 0.999476 
164.1 0.999486 
164.2 0.999496 
164.3 0.999505 
164.4 0.999515 
164.5 0.999524 
164.6 0.999533 
164.7 0.999542 
164.8 0.999551 
164.9 0.99956 
165 0.999568 
165.1 0.999577 
165.2 0.999585 
165.3 0.999593 
165.4 0.999601 
165.5 0.999609 
165.6 0.999616 
165.7 0.999624 
165.8 0.999631 
165.9 0.999639 
166 0.999646 
166.1 0.999653 
166.2 0.99966 
166.3 0.999666 
166.4 0.999673 
166.5 0.99968 
166.6 0.999686 
166.7 0.999692 
166.8 0.999699 
166.9 0.999705 
167 0.999711 
167.1 0.999717 
167.2 0.999722 
167.3 0.999728 
167.4 0.999734 
167.5 0.999739 
167.6 0.999745 
167.7 0.99975 
167.8 0.999755 
167.9 0.99976 
168 0.999765 
168.1 0.99977 
168.2 0.999775 
168.3 0.99978 
168.4 0.999785 
168.5 0.999789 
168.6 0.999794 
168.7 0.999798 
168.8 0.999803 
168.9 0.999807 
169 0.999811 
169.1 0.999815 
169.2 0.99982 
169.3 0.999824 
169.4 0.999828 
169.5 0.999831 
169.6 0.999835 
169.7 0.999839 
169.8 0.999843 
169.9 0.999846 
170 0.99985 
170.1 0.999854 
170.2 0.999857 
170.3 0.99986 
170.4 0.999864 
170.5 0.999867 
170.6 0.99987 
170.7 0.999874 
170.8 0.999877 
170.9 0.99988 
171 0.999883 
171.1 0.999886 
171.2 0.999889 
171.3 0.999892 
171.4 0.999894 
171.5 0.999897 
171.6 0.9999 
171.7 0.999902 
171.8 0.999905 
171.9 0.999908 
172 0.99991 
172.1 0.999913 
172.2 0.999915 
172.3 0.999918 
172.4 0.99992 
172.5 0.999922 
172.6 0.999924 
172.7 0.999927 
172.8 0.999929 
172.9 0.999931 
173 0.999933 
173.1 0.999935 
173.2 0.999937 
173.3 0.999939 
173.4 0.999941 
173.5 0.999943 
173.6 0.999945 
173.7 0.999947 
173.8 0.999948 
173.9 0.99995 
174 0.999952 
174.1 0.999954 
174.2 0.999955 
174.3 0.999957 
174.4 0.999959 
174.5 0.99996 
174.6 0.999962 
174.7 0.999963 
174.8 0.999964 
174.9 0.999966 
175 0.999967 
175.1 0.999969 
175.2 0.99997 
175.3 0.999971 
175.4 0.999972 
175.5 0.999974 
175.6 0.999975 
175.7 0.999976 
175.8 0.999977 
175.9 0.999978 
176 0.999979 
176.1 0.99998 
176.2 0.999981 
176.3 0.999982 
176.4 0.999983 
176.5 0.999984 
176.6 0.999985 
176.7 0.999986 
176.8 0.999987 
176.9 0.999988 
177 0.999989 
177.1 0.999989 
177.2 0.99999 
177.3 0.999991 
177.4 0.999991 
177.5 0.999992 
177.6 0.999993 
177.7 0.999993 
177.8 0.999994 
177.9 0.999994 
178 0.999995 
178.1 0.999995 
178.2 0.999996 
178.3 0.999996 
178.4 0.999997 
178.5 0.999997 
178.6 0.999998 
178.7 0.999998 
178.8 0.999998 
178.9 0.999998 
179 0.999999 
179.1 0.999999 
179.2 0.999999 
179.3 0.999999 
179.4 1 
179.5 1 
179.6 1 
179.7 1 
179.8 1 
