0.1 -2.82379e-05 
0.2 -5.61901e-05 
0.3 -8.3575e-05 
0.4 -0.000110118 
0.5 -0.000135559 
0.6 -0.000159648 
0.7 -0.00018216 
0.8 -0.000202886 
0.9 -0.000221646 
1 -0.000238286 
1.1 -0.000252679 
1.2 -0.000264731 
1.3 -0.00027438 
1.4 -0.000281597 
1.5 -0.000286384 
1.6 -0.000288779 
1.7 -0.000288851 
1.8 -0.000286699 
1.9 -0.000282454 
2 -0.000276275 
2.1 -0.000268343 
2.2 -0.000258867 
2.3 -0.000248073 
2.4 -0.000236204 
2.5 -0.000223518 
2.6 -0.000210281 
2.7 -0.000196766 
2.8 -0.000183249 
2.9 -0.000170004 
3 -0.0001573 
3.1 -0.000145396 
3.2 -0.00013454 
3.3 -0.000124965 
3.4 -0.000116882 
3.5 -0.000110485 
3.6 -0.000105939 
3.7 -0.000103388 
3.8 -0.000102943 
3.9 -0.00010469 
4 -0.000108682 
4.1 -0.000114945 
4.2 -0.000123472 
4.3 -0.000134228 
4.4 -0.000147149 
4.5 -0.000162144 
4.6 -0.000179099 
4.7 -0.000197874 
4.8 -0.000218313 
4.9 -0.00024024 
5 -0.000263469 
5.1 -0.000287802 
5.2 -0.000313034 
5.3 -0.000338961 
5.4 -0.000365378 
5.5 -0.000392086 
5.6 -0.000418893 
5.7 -0.000445623 
5.8 -0.000472111 
5.9 -0.000498214 
6 -0.000523807 
6.1 -0.00054879 
6.2 -0.000573085 
6.3 -0.000596642 
6.4 -0.000619436 
6.5 -0.00064147 
6.6 -0.000662771 
6.7 -0.000683393 
6.8 -0.000703414 
6.9 -0.000722934 
7 -0.000742074 
7.1 -0.000760973 
7.2 -0.000779785 
7.3 -0.000798674 
7.4 -0.000817816 
7.5 -0.00083739 
7.6 -0.000857578 
7.7 -0.00087856 
7.8 -0.000900512 
7.9 -0.000923599 
8 -0.000947979 
8.1 -0.000973791 
8.2 -0.00100116 
8.3 -0.0010302 
8.4 -0.00106098 
8.5 -0.00109358 
8.6 -0.00112803 
8.7 -0.00116436 
8.8 -0.00120256 
8.9 -0.0012426 
9 -0.00128444 
9.1 -0.00132801 
9.2 -0.00137322 
9.3 -0.00141998 
9.4 -0.00146818 
9.5 -0.00151769 
9.6 -0.00156838 
9.7 -0.00162013 
9.8 -0.0016728 
9.9 -0.00172626 
10 -0.00178039 
10.1 -0.00183508 
10.2 -0.00189021 
10.3 -0.00194569 
10.4 -0.00200145 
10.5 -0.00205742 
10.6 -0.00211356 
10.7 -0.00216983 
10.8 -0.00222624 
10.9 -0.00228278 
11 -0.00233948 
11.1 -0.00239637 
11.2 -0.0024535 
11.3 -0.00251093 
11.4 -0.00256873 
11.5 -0.00262698 
11.6 -0.00268574 
11.7 -0.0027451 
11.8 -0.00280513 
11.9 -0.0028659 
12 -0.00292748 
12.1 -0.00298991 
12.2 -0.00305325 
12.3 -0.00311751 
12.4 -0.0031827 
12.5 -0.00324883 
12.6 -0.00331586 
12.7 -0.00338377 
12.8 -0.00345249 
12.9 -0.00352195 
13 -0.00359206 
13.1 -0.00366273 
13.2 -0.00373384 
13.3 -0.00380527 
13.4 -0.00387689 
13.5 -0.00394857 
13.6 -0.00402019 
13.7 -0.0040916 
13.8 -0.00416269 
13.9 -0.00423334 
14 -0.00430344 
14.1 -0.00437289 
14.2 -0.00444162 
14.3 -0.00450956 
14.4 -0.00457666 
14.5 -0.0046429 
14.6 -0.00470826 
14.7 -0.00477275 
14.8 -0.00483638 
14.9 -0.00489918 
15 -0.00496121 
15.1 -0.0050225 
15.2 -0.00508313 
15.3 -0.00514315 
15.4 -0.00520262 
15.5 -0.00526159 
15.6 -0.0053201 
15.7 -0.0053782 
15.8 -0.0054359 
15.9 -0.00549319 
16 -0.00555004 
16.1 -0.00560642 
16.2 -0.00566225 
16.3 -0.00571742 
16.4 -0.0057718 
16.5 -0.00582524 
16.6 -0.00587755 
16.7 -0.00592853 
16.8 -0.00597793 
16.9 -0.00602551 
17 -0.006071 
17.1 -0.00611412 
17.2 -0.00615457 
17.3 -0.00619206 
17.4 -0.0062263 
17.5 -0.00625701 
17.6 -0.00628392 
17.7 -0.00630676 
17.8 -0.0063253 
17.9 -0.00633935 
18 -0.00634872 
18.1 -0.00635328 
18.2 -0.00635292 
18.3 -0.00634757 
18.4 -0.00633722 
18.5 -0.00632187 
18.6 -0.00630158 
18.7 -0.00627645 
18.8 -0.0062466 
18.9 -0.0062122 
19 -0.00617341 
19.1 -0.00613046 
19.2 -0.00608357 
19.3 -0.00603297 
19.4 -0.00597891 
19.5 -0.00592161 
19.6 -0.0058613 
19.7 -0.00579819 
19.8 -0.00573247 
19.9 -0.0056643 
20 -0.00559379 
20.1 -0.00552105 
20.2 -0.0054461 
20.3 -0.00536895 
20.4 -0.00528956 
20.5 -0.00520781 
20.6 -0.00512358 
20.7 -0.00503667 
20.8 -0.00494684 
20.9 -0.00485382 
21 -0.00475731 
21.1 -0.00465696 
21.2 -0.00455241 
21.3 -0.00444329 
21.4 -0.00432919 
21.5 -0.00420974 
21.6 -0.00408454 
21.7 -0.00395323 
21.8 -0.00381546 
21.9 -0.00367091 
22 -0.0035193 
22.1 -0.00336039 
22.2 -0.00319399 
22.3 -0.00301996 
22.4 -0.00283822 
22.5 -0.00264875 
22.6 -0.00245159 
22.7 -0.00224683 
22.8 -0.00203463 
22.9 -0.0018152 
23 -0.00158879 
23.1 -0.00135574 
23.2 -0.00111637 
23.3 -0.000871073 
23.4 -0.000620267 
23.5 -0.000364379 
23.6 -0.000103849 
23.7 0.000160879 
23.8 0.000429367 
23.9 0.000701194 
24 0.00097596 
24.1 0.0012533 
24.2 0.00153287 
24.3 0.00181439 
24.4 0.00209762 
24.5 0.00238236 
24.6 0.00266849 
24.7 0.00295592 
24.8 0.00324463 
24.9 0.00353466 
25 0.0038261 
25.1 0.00411909 
25.2 0.00441381 
25.3 0.0047105 
25.4 0.00500942 
25.5 0.00531087 
25.6 0.00561516 
25.7 0.00592263 
25.8 0.00623362 
25.9 0.00654845 
26 0.00686746 
26.1 0.00719095 
26.2 0.00751921 
26.3 0.00785248 
26.4 0.00819099 
26.5 0.00853489 
26.6 0.00888431 
26.7 0.00923931 
26.8 0.00959993 
26.9 0.0099661 
27 0.0103377 
27.1 0.0107147 
27.2 0.0110968 
27.3 0.0114838 
27.4 0.0118753 
27.5 0.0122711 
27.6 0.0126708 
27.7 0.013074 
27.8 0.0134803 
27.9 0.0138893 
28 0.0143004 
28.1 0.0147134 
28.2 0.0151278 
28.3 0.0155431 
28.4 0.015959 
28.5 0.0163751 
28.6 0.0167912 
28.7 0.0172069 
28.8 0.0176219 
28.9 0.0180361 
29 0.0184493 
29.1 0.0188615 
29.2 0.0192725 
29.3 0.0196823 
29.4 0.0200909 
29.5 0.0204985 
29.6 0.0209052 
29.7 0.0213109 
29.8 0.021716 
29.9 0.0221207 
30 0.022525 
30.1 0.0229294 
30.2 0.0233338 
30.3 0.0237387 
30.4 0.0241442 
30.5 0.0245506 
30.6 0.0249579 
30.7 0.0253665 
30.8 0.0257763 
30.9 0.0261876 
31 0.0266004 
31.1 0.0270147 
31.2 0.0274307 
31.3 0.0278481 
31.4 0.028267 
31.5 0.0286873 
31.6 0.0291088 
31.7 0.0295313 
31.8 0.0299548 
31.9 0.0303788 
32 0.0308032 
32.1 0.0312277 
32.2 0.0316521 
32.3 0.032076 
32.4 0.0324992 
32.5 0.0329214 
32.6 0.0333422 
32.7 0.0337614 
32.8 0.0341788 
32.9 0.034594 
33 0.0350069 
33.1 0.0354173 
33.2 0.0358249 
33.3 0.0362296 
33.4 0.0366313 
33.5 0.0370299 
33.6 0.0374253 
33.7 0.0378175 
33.8 0.0382064 
33.9 0.038592 
34 0.0389744 
34.1 0.0393535 
34.2 0.0397295 
34.3 0.0401024 
34.4 0.0404722 
34.5 0.040839 
34.6 0.041203 
34.7 0.0415641 
34.8 0.0419225 
34.9 0.0422782 
35 0.0426312 
35.1 0.0429815 
35.2 0.0433293 
35.3 0.0436744 
35.4 0.0440169 
35.5 0.0443567 
35.6 0.0446938 
35.7 0.045028 
35.8 0.0453592 
35.9 0.0456874 
36 0.0460124 
36.1 0.046334 
36.2 0.0466522 
36.3 0.0469666 
36.4 0.0472771 
36.5 0.0475836 
36.6 0.0478859 
36.7 0.0481837 
36.8 0.0484768 
36.9 0.0487652 
37 0.0490486 
37.1 0.0493268 
37.2 0.0495997 
37.3 0.0498672 
37.4 0.050129 
37.5 0.0503852 
37.6 0.0506356 
37.7 0.05088 
37.8 0.0511185 
37.9 0.051351 
38 0.0515774 
38.1 0.0517976 
38.2 0.0520116 
38.3 0.0522194 
38.4 0.052421 
38.5 0.0526163 
38.6 0.0528053 
38.7 0.0529879 
38.8 0.0531641 
38.9 0.0533338 
39 0.0534971 
39.1 0.0536537 
39.2 0.0538036 
39.3 0.0539467 
39.4 0.0540829 
39.5 0.054212 
39.6 0.0543339 
39.7 0.0544483 
39.8 0.0545552 
39.9 0.0546542 
40 0.0547451 
40.1 0.0548278 
40.2 0.054902 
40.3 0.0549674 
40.4 0.0550237 
40.5 0.0550708 
40.6 0.0551083 
40.7 0.0551361 
40.8 0.0551538 
40.9 0.0551612 
41 0.0551581 
41.1 0.0551443 
41.2 0.0551196 
41.3 0.0550838 
41.4 0.0550367 
41.5 0.0549783 
41.6 0.0549084 
41.7 0.0548268 
41.8 0.0547337 
41.9 0.0546287 
42 0.0545121 
42.1 0.0543836 
42.2 0.0542433 
42.3 0.0540912 
42.4 0.0539274 
42.5 0.0537517 
42.6 0.0535644 
42.7 0.0533652 
42.8 0.0531543 
42.9 0.0529317 
43 0.0526974 
43.1 0.0524512 
43.2 0.0521933 
43.3 0.0519234 
43.4 0.0516416 
43.5 0.0513477 
43.6 0.0510415 
43.7 0.0507228 
43.8 0.0503916 
43.9 0.0500475 
44 0.0496902 
44.1 0.0493195 
44.2 0.0489351 
44.3 0.0485367 
44.4 0.0481238 
44.5 0.0476961 
44.6 0.0472532 
44.7 0.0467948 
44.8 0.0463204 
44.9 0.0458296 
45 0.0453221 
45.1 0.0447974 
45.2 0.0442553 
45.3 0.0436953 
45.4 0.0431172 
45.5 0.0425207 
45.6 0.0419055 
45.7 0.0412713 
45.8 0.0406181 
45.9 0.0399457 
46 0.039254 
46.1 0.0385429 
46.2 0.0378125 
46.3 0.0370627 
46.4 0.0362937 
46.5 0.0355056 
46.6 0.0346985 
46.7 0.0338726 
46.8 0.0330281 
46.9 0.0321653 
47 0.0312845 
47.1 0.0303858 
47.2 0.0294697 
47.3 0.0285364 
47.4 0.0275862 
47.5 0.0266194 
47.6 0.0256362 
47.7 0.024637 
47.8 0.0236219 
47.9 0.0225912 
48 0.0215451 
48.1 0.0204837 
48.2 0.0194071 
48.3 0.0183154 
48.4 0.0172086 
48.5 0.0160869 
48.6 0.01495 
48.7 0.0137981 
48.8 0.0126309 
48.9 0.0114484 
49 0.0102504 
49.1 0.00903686 
49.2 0.00780749 
49.3 0.00656217 
49.4 0.00530071 
49.5 0.00402295 
49.6 0.00272874 
49.7 0.00141794 
49.8 9.04626e-05 
49.9 -0.00125377 
50 -0.00261479 
50.1 -0.00399257 
50.2 -0.00538704 
50.3 -0.00679809 
50.4 -0.00822551 
50.5 -0.00966907 
50.6 -0.0111284 
50.7 -0.0126032 
50.8 -0.014093 
50.9 -0.0155973 
51 -0.0171155 
51.1 -0.0186469 
51.2 -0.0201909 
51.3 -0.0217467 
51.4 -0.0233134 
51.5 -0.0248904 
51.6 -0.0264766 
51.7 -0.0280712 
51.8 -0.0296733 
51.9 -0.0312819 
52 -0.032896 
52.1 -0.0345148 
52.2 -0.0361372 
52.3 -0.0377624 
52.4 -0.0393895 
52.5 -0.0410175 
52.6 -0.0426457 
52.7 -0.0442733 
52.8 -0.0458995 
52.9 -0.0475236 
53 -0.049145 
53.1 -0.050763 
53.2 -0.0523772 
53.3 -0.053987 
53.4 -0.0555919 
53.5 -0.0571916 
53.6 -0.0587856 
53.7 -0.0603738 
53.8 -0.0619556 
53.9 -0.063531 
54 -0.0650996 
54.1 -0.0666613 
54.2 -0.0682157 
54.3 -0.0697627 
54.4 -0.071302 
54.5 -0.0728335 
54.6 -0.0743568 
54.7 -0.0758718 
54.8 -0.077378 
54.9 -0.0788752 
55 -0.0803631 
55.1 -0.0818411 
55.2 -0.0833089 
55.3 -0.0847661 
55.4 -0.086212 
55.5 -0.0876461 
55.6 -0.0890679 
55.7 -0.0904768 
55.8 -0.091872 
55.9 -0.0932528 
56 -0.0946187 
56.1 -0.0959688 
56.2 -0.0973024 
56.3 -0.0986188 
56.4 -0.0999172 
56.5 -0.101197 
56.6 -0.102457 
56.7 -0.103697 
56.8 -0.104917 
56.9 -0.106115 
57 -0.107291 
57.1 -0.108444 
57.2 -0.109574 
57.3 -0.110681 
57.4 -0.111764 
57.5 -0.112822 
57.6 -0.113855 
57.7 -0.114864 
57.8 -0.115848 
57.9 -0.116806 
58 -0.117739 
58.1 -0.118647 
58.2 -0.119529 
58.3 -0.120386 
58.4 -0.121217 
58.5 -0.122024 
58.6 -0.122806 
58.7 -0.123563 
58.8 -0.124295 
58.9 -0.125004 
59 -0.125688 
59.1 -0.126348 
59.2 -0.126985 
59.3 -0.127599 
59.4 -0.12819 
59.5 -0.128758 
59.6 -0.129304 
59.7 -0.129827 
59.8 -0.130329 
59.9 -0.130808 
60 -0.131266 
60.1 -0.131702 
60.2 -0.132117 
60.3 -0.132511 
60.4 -0.132884 
60.5 -0.133235 
60.6 -0.133566 
60.7 -0.133876 
60.8 -0.134165 
60.9 -0.134433 
61 -0.134681 
61.1 -0.134908 
61.2 -0.135115 
61.3 -0.135301 
61.4 -0.135467 
61.5 -0.135613 
61.6 -0.135739 
61.7 -0.135844 
61.8 -0.13593 
61.9 -0.135996 
62 -0.136043 
62.1 -0.136071 
62.2 -0.136079 
62.3 -0.136069 
62.4 -0.13604 
62.5 -0.135992 
62.6 -0.135927 
62.7 -0.135844 
62.8 -0.135744 
62.9 -0.135626 
63 -0.135492 
63.1 -0.135342 
63.2 -0.135175 
63.3 -0.134993 
63.4 -0.134796 
63.5 -0.134584 
63.6 -0.134357 
63.7 -0.134116 
63.8 -0.133861 
63.9 -0.133592 
64 -0.133311 
64.1 -0.133016 
64.2 -0.132708 
64.3 -0.132389 
64.4 -0.132057 
64.5 -0.131713 
64.6 -0.131358 
64.7 -0.130991 
64.8 -0.130613 
64.9 -0.130224 
65 -0.129825 
65.1 -0.129414 
65.2 -0.128994 
65.3 -0.128563 
65.4 -0.128121 
65.5 -0.12767 
65.6 -0.127209 
65.7 -0.126739 
65.8 -0.126258 
65.9 -0.125769 
66 -0.12527 
66.1 -0.124762 
66.2 -0.124245 
66.3 -0.123719 
66.4 -0.123185 
66.5 -0.122643 
66.6 -0.122092 
66.7 -0.121533 
66.8 -0.120967 
66.9 -0.120392 
67 -0.119811 
67.1 -0.119222 
67.2 -0.118626 
67.3 -0.118024 
67.4 -0.117415 
67.5 -0.1168 
67.6 -0.116179 
67.7 -0.115552 
67.8 -0.11492 
67.9 -0.114282 
68 -0.11364 
68.1 -0.112992 
68.2 -0.11234 
68.3 -0.111683 
68.4 -0.111021 
68.5 -0.110356 
68.6 -0.109686 
68.7 -0.109013 
68.8 -0.108336 
68.9 -0.107655 
69 -0.10697 
69.1 -0.106282 
69.2 -0.10559 
69.3 -0.104895 
69.4 -0.104196 
69.5 -0.103494 
69.6 -0.102789 
69.7 -0.10208 
69.8 -0.101367 
69.9 -0.100651 
70 -0.0999314 
70.1 -0.0992082 
70.2 -0.0984814 
70.3 -0.0977509 
70.4 -0.0970166 
70.5 -0.0962785 
70.6 -0.0955367 
70.7 -0.0947909 
70.8 -0.0940413 
70.9 -0.0932877 
71 -0.0925303 
71.1 -0.0917689 
71.2 -0.0910035 
71.3 -0.0902343 
71.4 -0.0894612 
71.5 -0.0886842 
71.6 -0.0879035 
71.7 -0.087119 
71.8 -0.0863309 
71.9 -0.0855392 
72 -0.0847441 
72.1 -0.0839456 
72.2 -0.0831438 
72.3 -0.0823389 
72.4 -0.081531 
72.5 -0.0807202 
72.6 -0.0799067 
72.7 -0.0790904 
72.8 -0.0782717 
72.9 -0.0774506 
73 -0.0766272 
73.1 -0.0758017 
73.2 -0.074974 
73.3 -0.0741444 
73.4 -0.073313 
73.5 -0.0724796 
73.6 -0.0716445 
73.7 -0.0708077 
73.8 -0.0699692 
73.9 -0.0691289 
74 -0.068287 
74.1 -0.0674433 
74.2 -0.0665978 
74.3 -0.0657505 
74.4 -0.0649012 
74.5 -0.0640499 
74.6 -0.0631965 
74.7 -0.0623409 
74.8 -0.0614829 
74.9 -0.0606223 
75 -0.059759 
75.1 -0.0588929 
75.2 -0.0580237 
75.3 -0.0571513 
75.4 -0.0562755 
75.5 -0.0553961 
75.6 -0.0545129 
75.7 -0.0536257 
75.8 -0.0527343 
75.9 -0.0518385 
76 -0.0509382 
76.1 -0.0500331 
76.2 -0.0491232 
76.3 -0.0482082 
76.4 -0.0472879 
76.5 -0.0463624 
76.6 -0.0454314 
76.7 -0.0444947 
76.8 -0.0435524 
76.9 -0.0426044 
77 -0.0416505 
77.1 -0.0406906 
77.2 -0.0397248 
77.3 -0.038753 
77.4 -0.0377752 
77.5 -0.0367913 
77.6 -0.0358013 
77.7 -0.0348053 
77.8 -0.0338032 
77.9 -0.0327951 
78 -0.0317808 
78.1 -0.0307606 
78.2 -0.0297343 
78.3 -0.0287019 
78.4 -0.0276636 
78.5 -0.0266192 
78.6 -0.0255687 
78.7 -0.0245122 
78.8 -0.0234495 
78.9 -0.0223808 
79 -0.0213058 
79.1 -0.0202245 
79.2 -0.0191369 
79.3 -0.0180428 
79.4 -0.016942 
79.5 -0.0158346 
79.6 -0.0147202 
79.7 -0.0135986 
79.8 -0.0124698 
79.9 -0.0113334 
80 -0.0101893 
80.1 -0.00903704 
80.2 -0.00787646 
80.3 -0.00670723 
80.4 -0.00552903 
80.5 -0.00434151 
80.6 -0.00314431 
80.7 -0.00193707 
80.8 -0.000719395 
80.9 0.000509113 
81 0.00174886 
81.1 0.00300027 
81.2 0.00426377 
81.3 0.00553978 
81.4 0.00682876 
81.5 0.00813114 
81.6 0.00944738 
81.7 0.0107779 
81.8 0.0121232 
81.9 0.0134837 
82 0.0148598 
82.1 0.016252 
82.2 0.0176607 
82.3 0.0190863 
82.4 0.0205294 
82.5 0.0219903 
82.6 0.0234694 
82.7 0.0249672 
82.8 0.0264841 
82.9 0.0280206 
83 0.0295769 
83.1 0.0311535 
83.2 0.032751 
83.3 0.0343696 
83.4 0.0360097 
83.5 0.037672 
83.6 0.0393566 
83.7 0.0410642 
83.8 0.0427951 
83.9 0.0445498 
84 0.0463288 
84.1 0.0481326 
84.2 0.0499618 
84.3 0.0518168 
84.4 0.0536982 
84.5 0.0556066 
84.6 0.0575427 
84.7 0.0595071 
84.8 0.0615005 
84.9 0.0635236 
85 0.0655772 
85.1 0.0676621 
85.2 0.0697791 
85.3 0.0719291 
85.4 0.0741131 
85.5 0.076332 
85.6 0.0785869 
85.7 0.0808789 
85.8 0.0832091 
85.9 0.0855787 
86 0.087989 
86.1 0.0904412 
86.2 0.0929366 
86.3 0.0954769 
86.4 0.0980633 
86.5 0.100697 
86.6 0.103381 
86.7 0.106115 
86.8 0.108902 
86.9 0.111744 
87 0.114642 
87.1 0.117598 
87.2 0.120614 
87.3 0.123692 
87.4 0.126834 
87.5 0.130043 
87.6 0.133321 
87.7 0.136669 
87.8 0.14009 
87.9 0.143587 
88 0.147163 
88.1 0.150818 
88.2 0.154558 
88.3 0.158383 
88.4 0.162296 
88.5 0.166302 
88.6 0.170402 
88.7 0.174599 
88.8 0.178898 
88.9 0.1833 
89 0.187809 
89.1 0.192429 
89.2 0.197162 
89.3 0.202013 
89.4 0.206986 
89.5 0.212083 
89.6 0.217309 
89.7 0.222668 
89.8 0.228163 
89.9 0.2338 
90 0.239581 
90.1 0.245512 
90.2 0.251597 
90.3 0.257841 
90.4 0.264247 
90.5 0.270821 
90.6 0.277567 
90.7 0.28449 
90.8 0.291595 
90.9 0.298886 
91 0.306368 
91.1 0.314046 
91.2 0.321924 
91.3 0.330006 
91.4 0.338296 
91.5 0.346799 
91.6 0.355517 
91.7 0.364455 
91.8 0.373613 
91.9 0.382995 
92 0.392601 
92.1 0.402431 
92.2 0.412485 
92.3 0.422762 
92.4 0.433257 
92.5 0.443966 
92.6 0.454882 
92.7 0.465996 
92.8 0.477299 
92.9 0.488775 
93 0.500408 
93.1 0.51218 
93.2 0.524066 
93.3 0.53604 
93.4 0.54807 
93.5 0.560121 
93.6 0.57215 
93.7 0.584113 
93.8 0.595957 
93.9 0.607625 
94 0.619053 
94.1 0.630173 
94.2 0.640908 
94.3 0.651177 
94.4 0.660895 
94.5 0.669969 
94.6 0.678306 
94.7 0.685805 
94.8 0.692368 
94.9 0.697894 
95 0.702285 
95.1 0.705444 
95.2 0.707283 
95.3 0.707718 
95.4 0.706678 
95.5 0.704103 
95.6 0.699947 
95.7 0.694181 
95.8 0.686793 
95.9 0.677789 
96 0.667196 
96.1 0.655058 
96.2 0.641442 
96.3 0.626428 
96.4 0.610114 
96.5 0.592614 
96.6 0.57405 
96.7 0.554555 
96.8 0.534267 
96.9 0.513329 
97 0.491881 
97.1 0.470065 
97.2 0.448015 
97.3 0.42586 
97.4 0.40372 
97.5 0.381706 
97.6 0.359919 
97.7 0.338448 
97.8 0.317372 
97.9 0.296759 
98 0.276666 
98.1 0.257139 
98.2 0.238215 
98.3 0.219924 
98.4 0.202285 
98.5 0.185311 
98.6 0.169008 
98.7 0.153379 
98.8 0.138418 
98.9 0.124118 
99 0.110468 
99.1 0.0974536 
99.2 0.0850577 
99.3 0.0732625 
99.4 0.0620482 
99.5 0.0513943 
99.6 0.0412795 
99.7 0.0316823 
99.8 0.0225809 
99.9 0.0139537 
100 0.00577925 
100.1 -0.00196348 
100.2 -0.00929505 
100.3 -0.0162355 
100.4 -0.0228041 
100.5 -0.0290197 
100.6 -0.0349003 
100.7 -0.0404631 
100.8 -0.0457247 
100.9 -0.0507009 
101 -0.0554069 
101.1 -0.0598569 
101.2 -0.0640646 
101.3 -0.0680431 
101.4 -0.0718046 
101.5 -0.0753609 
101.6 -0.0787229 
101.7 -0.0819012 
101.8 -0.0849056 
101.9 -0.0877454 
102 -0.0904296 
102.1 -0.0929664 
102.2 -0.0953638 
102.3 -0.0976292 
102.4 -0.0997696 
102.5 -0.101792 
102.6 -0.103701 
102.7 -0.105505 
102.8 -0.107208 
102.9 -0.108816 
103 -0.110333 
103.1 -0.111764 
103.2 -0.113114 
103.3 -0.114387 
103.4 -0.115586 
103.5 -0.116716 
103.6 -0.11778 
103.7 -0.118781 
103.8 -0.119723 
103.9 -0.120608 
104 -0.121439 
104.1 -0.122219 
104.2 -0.122951 
104.3 -0.123636 
104.4 -0.124278 
104.5 -0.124877 
104.6 -0.125437 
104.7 -0.12596 
104.8 -0.126446 
104.9 -0.126898 
105 -0.127318 
105.1 -0.127707 
105.2 -0.128066 
105.3 -0.128398 
105.4 -0.128703 
105.5 -0.128982 
105.6 -0.129238 
105.7 -0.129471 
105.8 -0.129682 
105.9 -0.129873 
106 -0.130044 
106.1 -0.130197 
106.2 -0.130332 
106.3 -0.13045 
106.4 -0.130553 
106.5 -0.13064 
106.6 -0.130714 
106.7 -0.130774 
106.8 -0.130821 
106.9 -0.130857 
107 -0.130881 
107.1 -0.130894 
107.2 -0.130897 
107.3 -0.13089 
107.4 -0.130875 
107.5 -0.130851 
107.6 -0.130819 
107.7 -0.130779 
107.8 -0.130733 
107.9 -0.130679 
108 -0.13062 
108.1 -0.130554 
108.2 -0.130483 
108.3 -0.130407 
108.4 -0.130326 
108.5 -0.130241 
108.6 -0.130151 
108.7 -0.130057 
108.8 -0.12996 
108.9 -0.129859 
109 -0.129754 
109.1 -0.129647 
109.2 -0.129537 
109.3 -0.129424 
109.4 -0.129309 
109.5 -0.129192 
109.6 -0.129072 
109.7 -0.128951 
109.8 -0.128827 
109.9 -0.128702 
110 -0.128576 
110.1 -0.128448 
110.2 -0.128318 
110.3 -0.128187 
110.4 -0.128055 
110.5 -0.127922 
110.6 -0.127788 
110.7 -0.127653 
110.8 -0.127518 
110.9 -0.127381 
111 -0.127244 
111.1 -0.127106 
111.2 -0.126968 
111.3 -0.126829 
111.4 -0.126689 
111.5 -0.12655 
111.6 -0.12641 
111.7 -0.126269 
111.8 -0.126129 
111.9 -0.125988 
112 -0.125847 
112.1 -0.125706 
112.2 -0.125565 
112.3 -0.125424 
112.4 -0.125284 
112.5 -0.125143 
112.6 -0.125003 
112.7 -0.124862 
112.8 -0.124722 
112.9 -0.124583 
113 -0.124444 
113.1 -0.124305 
113.2 -0.124167 
113.3 -0.124029 
113.4 -0.123893 
113.5 -0.123756 
113.6 -0.123621 
113.7 -0.123486 
113.8 -0.123352 
113.9 -0.123219 
114 -0.123087 
114.1 -0.122956 
114.2 -0.122826 
114.3 -0.122697 
114.4 -0.12257 
114.5 -0.122443 
114.6 -0.122318 
114.7 -0.122194 
114.8 -0.122071 
114.9 -0.12195 
115 -0.121831 
115.1 -0.121713 
115.2 -0.121596 
115.3 -0.121481 
115.4 -0.121367 
115.5 -0.121256 
115.6 -0.121146 
115.7 -0.121037 
115.8 -0.120931 
115.9 -0.120826 
116 -0.120723 
116.1 -0.120622 
116.2 -0.120523 
116.3 -0.120426 
116.4 -0.120331 
116.5 -0.120237 
116.6 -0.120146 
116.7 -0.120057 
116.8 -0.119969 
116.9 -0.119884 
117 -0.119801 
117.1 -0.11972 
117.2 -0.119641 
117.3 -0.119564 
117.4 -0.119489 
117.5 -0.119416 
117.6 -0.119346 
117.7 -0.119277 
117.8 -0.119211 
117.9 -0.119147 
118 -0.119084 
118.1 -0.119024 
118.2 -0.118966 
118.3 -0.118911 
118.4 -0.118857 
118.5 -0.118806 
118.6 -0.118756 
118.7 -0.118709 
118.8 -0.118664 
118.9 -0.118621 
119 -0.11858 
119.1 -0.118541 
119.2 -0.118505 
119.3 -0.11847 
119.4 -0.118438 
119.5 -0.118408 
119.6 -0.11838 
119.7 -0.118354 
119.8 -0.11833 
119.9 -0.118308 
120 -0.118289 
120.1 -0.118271 
120.2 -0.118256 
120.3 -0.118243 
120.4 -0.118233 
120.5 -0.118224 
120.6 -0.118218 
120.7 -0.118213 
120.8 -0.118212 
120.9 -0.118212 
121 -0.118214 
121.1 -0.118219 
121.2 -0.118227 
121.3 -0.118236 
121.4 -0.118248 
121.5 -0.118262 
121.6 -0.118279 
121.7 -0.118298 
121.8 -0.118319 
121.9 -0.118343 
122 -0.11837 
122.1 -0.118399 
122.2 -0.11843 
122.3 -0.118465 
122.4 -0.118501 
122.5 -0.118541 
122.6 -0.118583 
122.7 -0.118628 
122.8 -0.118676 
122.9 -0.118726 
123 -0.118779 
123.1 -0.118835 
123.2 -0.118894 
123.3 -0.118956 
123.4 -0.119022 
123.5 -0.11909 
123.6 -0.119161 
123.7 -0.119235 
123.8 -0.119312 
123.9 -0.119393 
124 -0.119477 
124.1 -0.119564 
124.2 -0.119654 
124.3 -0.119748 
124.4 -0.119846 
124.5 -0.119946 
124.6 -0.120051 
124.7 -0.120158 
124.8 -0.12027 
124.9 -0.120385 
125 -0.120504 
125.1 -0.120626 
125.2 -0.120753 
125.3 -0.120883 
125.4 -0.121017 
125.5 -0.121155 
125.6 -0.121297 
125.7 -0.121443 
125.8 -0.121593 
125.9 -0.121747 
126 -0.121906 
126.1 -0.122068 
126.2 -0.122235 
126.3 -0.122407 
126.4 -0.122583 
126.5 -0.122763 
126.6 -0.122947 
126.7 -0.123137 
126.8 -0.12333 
126.9 -0.123529 
127 -0.123732 
127.1 -0.12394 
127.2 -0.124153 
127.3 -0.124371 
127.4 -0.124594 
127.5 -0.124822 
127.6 -0.125055 
127.7 -0.125293 
127.8 -0.125536 
127.9 -0.125785 
128 -0.126039 
128.1 -0.126298 
128.2 -0.126563 
128.3 -0.126834 
128.4 -0.12711 
128.5 -0.127393 
128.6 -0.127681 
128.7 -0.127974 
128.8 -0.128274 
128.9 -0.12858 
129 -0.128893 
129.1 -0.129211 
129.2 -0.129536 
129.3 -0.129868 
129.4 -0.130206 
129.5 -0.13055 
129.6 -0.130902 
129.7 -0.131261 
129.8 -0.131626 
129.9 -0.131999 
130 -0.132379 
130.1 -0.132766 
130.2 -0.133161 
130.3 -0.133564 
130.4 -0.133975 
130.5 -0.134393 
130.6 -0.13482 
130.7 -0.135255 
130.8 -0.135698 
130.9 -0.13615 
131 -0.136611 
131.1 -0.13708 
131.2 -0.137559 
131.3 -0.138047 
131.4 -0.138544 
131.5 -0.139051 
131.6 -0.139568 
131.7 -0.140095 
131.8 -0.140632 
131.9 -0.14118 
132 -0.141738 
132.1 -0.142308 
132.2 -0.142888 
132.3 -0.14348 
132.4 -0.144083 
132.5 -0.144698 
132.6 -0.145326 
132.7 -0.145966 
132.8 -0.146618 
132.9 -0.147284 
133 -0.147962 
133.1 -0.148655 
133.2 -0.149361 
133.3 -0.150081 
133.4 -0.150816 
133.5 -0.151566 
133.6 -0.152331 
133.7 -0.153111 
133.8 -0.153908 
133.9 -0.15472 
134 -0.155549 
134.1 -0.156396 
134.2 -0.15726 
134.3 -0.158142 
134.4 -0.159042 
134.5 -0.159961 
134.6 -0.160899 
134.7 -0.161857 
134.8 -0.162835 
134.9 -0.163834 
135 -0.164854 
135.1 -0.165896 
135.2 -0.16696 
135.3 -0.168047 
135.4 -0.169157 
135.5 -0.170291 
135.6 -0.17145 
135.7 -0.172635 
135.8 -0.173845 
135.9 -0.175082 
136 -0.176346 
136.1 -0.177637 
136.2 -0.178958 
136.3 -0.180308 
136.4 -0.181688 
136.5 -0.183098 
136.6 -0.184541 
136.7 -0.186016 
136.8 -0.187524 
136.9 -0.189066 
137 -0.190643 
137.1 -0.192256 
137.2 -0.193906 
137.3 -0.195593 
137.4 -0.197319 
137.5 -0.199084 
137.6 -0.20089 
137.7 -0.202736 
137.8 -0.204625 
137.9 -0.206557 
138 -0.208533 
138.1 -0.210554 
138.2 -0.212621 
138.3 -0.214734 
138.4 -0.216895 
138.5 -0.219104 
138.6 -0.221363 
138.7 -0.223672 
138.8 -0.226031 
138.9 -0.228441 
139 -0.230903 
139.1 -0.233416 
139.2 -0.235982 
139.3 -0.238601 
139.4 -0.241271 
139.5 -0.243994 
139.6 -0.246767 
139.7 -0.249592 
139.8 -0.252465 
139.9 -0.255387 
140 -0.258355 
140.1 -0.261366 
140.2 -0.264419 
140.3 -0.267508 
140.4 -0.270631 
140.5 -0.273782 
140.6 -0.276955 
140.7 -0.280144 
140.8 -0.283341 
140.9 -0.286536 
141 -0.289721 
141.1 -0.292881 
141.2 -0.296006 
141.3 -0.299078 
141.4 -0.302081 
141.5 -0.304996 
141.6 -0.307802 
141.7 -0.310474 
141.8 -0.312986 
141.9 -0.315309 
142 -0.317412 
142.1 -0.319259 
142.2 -0.320814 
142.3 -0.322036 
142.4 -0.322883 
142.5 -0.323309 
142.6 -0.323268 
142.7 -0.322711 
142.8 -0.32159 
142.9 -0.319856 
143 -0.317461 
143.1 -0.314361 
143.2 -0.310513 
143.3 -0.305881 
143.4 -0.300436 
143.5 -0.294155 
143.6 -0.287028 
143.7 -0.279054 
143.8 -0.270245 
143.9 -0.260624 
144 -0.250232 
144.1 -0.239119 
144.2 -0.22735 
144.3 -0.215002 
144.4 -0.202162 
144.5 -0.188925 
144.6 -0.175392 
144.7 -0.161667 
144.8 -0.147856 
144.9 -0.134061 
145 -0.120383 
145.1 -0.106912 
145.2 -0.0937331 
145.3 -0.0809215 
145.4 -0.0685414 
145.5 -0.0566464 
145.6 -0.0452792 
145.7 -0.0344722 
145.8 -0.0242476 
145.9 -0.0146187 
146 -0.00559029 
146.1 0.00283981 
146.2 0.0106801 
146.3 0.017944 
146.4 0.0246493 
146.5 0.0308169 
146.6 0.0364703 
146.7 0.0416343 
146.8 0.0463351 
146.9 0.0505993 
147 0.0544536 
147.1 0.0579243 
147.2 0.0610374 
147.3 0.0638178 
147.4 0.0662895 
147.5 0.0684756 
147.6 0.0703978 
147.7 0.0720768 
147.8 0.073532 
147.9 0.0747816 
148 0.0758426 
148.1 0.0767308 
148.2 0.0774609 
148.3 0.0780466 
148.4 0.0785005 
148.5 0.0788344 
148.6 0.0790589 
148.7 0.0791841 
148.8 0.0792191 
148.9 0.0791722 
149 0.0790513 
149.1 0.0788634 
149.2 0.0786151 
149.3 0.0783123 
149.4 0.0779605 
149.5 0.0775647 
149.6 0.0771295 
149.7 0.0766591 
149.8 0.0761573 
149.9 0.0756277 
150 0.0750734 
150.1 0.0744975 
150.2 0.0739026 
150.3 0.073291 
150.4 0.0726652 
150.5 0.072027 
150.6 0.0713784 
150.7 0.0707211 
150.8 0.0700565 
150.9 0.0693862 
151 0.0687113 
151.1 0.0680331 
151.2 0.0673525 
151.3 0.0666707 
151.4 0.0659883 
151.5 0.0653062 
151.6 0.0646252 
151.7 0.0639458 
151.8 0.0632687 
151.9 0.0625943 
152 0.0619232 
152.1 0.0612557 
152.2 0.0605923 
152.3 0.0599333 
152.4 0.0592789 
152.5 0.0586295 
152.6 0.0579853 
152.7 0.0573465 
152.8 0.0567132 
152.9 0.0560857 
153 0.0554641 
153.1 0.0548484 
153.2 0.0542389 
153.3 0.0536355 
153.4 0.0530383 
153.5 0.0524474 
153.6 0.0518629 
153.7 0.0512847 
153.8 0.0507129 
153.9 0.0501475 
154 0.0495885 
154.1 0.0490358 
154.2 0.0484895 
154.3 0.0479496 
154.4 0.047416 
154.5 0.0468887 
154.6 0.0463676 
154.7 0.0458527 
154.8 0.045344 
154.9 0.0448415 
155 0.044345 
155.1 0.0438545 
155.2 0.04337 
155.3 0.0428914 
155.4 0.0424186 
155.5 0.0419516 
155.6 0.0414904 
155.7 0.0410348 
155.8 0.0405847 
155.9 0.0401403 
156 0.0397012 
156.1 0.0392676 
156.2 0.0388393 
156.3 0.0384163 
156.4 0.0379984 
156.5 0.0375857 
156.6 0.037178 
156.7 0.0367754 
156.8 0.0363776 
156.9 0.0359848 
157 0.0355967 
157.1 0.0352133 
157.2 0.0348346 
157.3 0.0344605 
157.4 0.0340909 
157.5 0.0337258 
157.6 0.0333651 
157.7 0.0330088 
157.8 0.0326567 
157.9 0.0323088 
158 0.0319651 
158.1 0.0316255 
158.2 0.03129 
158.3 0.0309584 
158.4 0.0306307 
158.5 0.0303069 
158.6 0.0299869 
158.7 0.0296707 
158.8 0.0293582 
158.9 0.0290493 
159 0.028744 
159.1 0.0284422 
159.2 0.0281439 
159.3 0.027849 
159.4 0.0275576 
159.5 0.0272694 
159.6 0.0269846 
159.7 0.026703 
159.8 0.0264245 
159.9 0.0261492 
160 0.025877 
160.1 0.0256079 
160.2 0.0253418 
160.3 0.0250786 
160.4 0.0248183 
160.5 0.0245609 
160.6 0.0243064 
160.7 0.0240546 
160.8 0.0238056 
160.9 0.0235593 
161 0.0233156 
161.1 0.0230746 
161.2 0.0228362 
161.3 0.0226003 
161.4 0.022367 
161.5 0.0221361 
161.6 0.0219077 
161.7 0.0216817 
161.8 0.021458 
161.9 0.0212367 
162 0.0210177 
162.1 0.020801 
162.2 0.0205865 
162.3 0.0203742 
162.4 0.0201641 
162.5 0.0199562 
162.6 0.0197503 
162.7 0.0195466 
162.8 0.0193449 
162.9 0.0191452 
163 0.0189475 
163.1 0.0187518 
163.2 0.018558 
163.3 0.0183661 
163.4 0.0181761 
163.5 0.017988 
163.6 0.0178017 
163.7 0.0176172 
163.8 0.0174345 
163.9 0.0172535 
164 0.0170743 
164.1 0.0168968 
164.2 0.0167209 
164.3 0.0165467 
164.4 0.0163742 
164.5 0.0162032 
164.6 0.0160339 
164.7 0.0158661 
164.8 0.0156998 
164.9 0.0155351 
165 0.0153719 
165.1 0.0152101 
165.2 0.0150499 
165.3 0.014891 
165.4 0.0147336 
165.5 0.0145776 
165.6 0.0144229 
165.7 0.0142696 
165.8 0.0141177 
165.9 0.0139671 
166 0.0138177 
166.1 0.0136697 
166.2 0.0135229 
166.3 0.0133774 
166.4 0.0132331 
166.5 0.0130901 
166.6 0.0129482 
166.7 0.0128075 
166.8 0.012668 
166.9 0.0125296 
167 0.0123924 
167.1 0.0122563 
167.2 0.0121213 
167.3 0.0119873 
167.4 0.0118545 
167.5 0.0117227 
167.6 0.0115919 
167.7 0.0114622 
167.8 0.0113334 
167.9 0.0112057 
168 0.011079 
168.1 0.0109532 
168.2 0.0108284 
168.3 0.0107045 
168.4 0.0105816 
168.5 0.0104596 
168.6 0.0103384 
168.7 0.0102182 
168.8 0.0100989 
168.9 0.00998038 
169 0.00986275 
169.1 0.00974596 
169.2 0.00963 
169.3 0.00951486 
169.4 0.00940053 
169.5 0.00928698 
169.6 0.00917422 
169.7 0.00906223 
169.8 0.00895101 
169.9 0.00884053 
170 0.00873078 
170.1 0.00862177 
170.2 0.00851347 
170.3 0.00840588 
170.4 0.00829898 
170.5 0.00819277 
170.6 0.00808723 
170.7 0.00798236 
170.8 0.00787814 
170.9 0.00777456 
171 0.00767162 
171.1 0.00756931 
171.2 0.00746761 
171.3 0.00736652 
171.4 0.00726602 
171.5 0.00716612 
171.6 0.00706679 
171.7 0.00696802 
171.8 0.00686982 
171.9 0.00677217 
172 0.00667507 
172.1 0.00657849 
172.2 0.00648244 
172.3 0.00638691 
172.4 0.00629189 
172.5 0.00619736 
172.6 0.00610333 
172.7 0.00600978 
172.8 0.0059167 
172.9 0.00582409 
173 0.00573194 
173.1 0.00564024 
173.2 0.00554898 
173.3 0.00545816 
173.4 0.00536776 
173.5 0.00527778 
173.6 0.00518822 
173.7 0.00509905 
173.8 0.00501029 
173.9 0.00492191 
174 0.00483392 
174.1 0.0047463 
174.2 0.00465905 
174.3 0.00457216 
174.4 0.00448562 
174.5 0.00439942 
174.6 0.00431357 
174.7 0.00422804 
174.8 0.00414284 
174.9 0.00405796 
175 0.00397339 
175.1 0.00388913 
175.2 0.00380516 
175.3 0.00372148 
175.4 0.00363808 
175.5 0.00355496 
175.6 0.00347212 
175.7 0.00338953 
175.8 0.00330721 
175.9 0.00322513 
176 0.0031433 
176.1 0.00306171 
176.2 0.00298035 
176.3 0.00289922 
176.4 0.0028183 
176.5 0.0027376 
176.6 0.0026571 
176.7 0.0025768 
176.8 0.0024967 
176.9 0.00241679 
177 0.00233705 
177.1 0.0022575 
177.2 0.00217811 
177.3 0.00209889 
177.4 0.00201982 
177.5 0.00194091 
177.6 0.00186214 
177.7 0.00178351 
177.8 0.00170501 
177.9 0.00162664 
178 0.00154839 
178.1 0.00147026 
178.2 0.00139224 
178.3 0.00131432 
178.4 0.0012365 
178.5 0.00115878 
178.6 0.00108113 
178.7 0.00100357 
178.8 0.000926089 
178.9 0.000848673 
179 0.00077132 
179.1 0.000694024 
179.2 0.00061678 
179.3 0.000539582 
179.4 0.000462425 
179.5 0.000385301 
179.6 0.000308207 
179.7 0.000231135 
179.8 0.00015408 
179.9 7.70373e-05 
