0.1 -7.10028e-06 
0.2 -1.40833e-05 
0.3 -2.08331e-05 
0.4 -2.72359e-05 
0.5 -3.31818e-05 
0.6 -3.85653e-05 
0.7 -4.3287e-05 
0.8 -4.72541e-05 
0.9 -5.03821e-05 
1 -5.25949e-05 
1.1 -5.38264e-05 
1.2 -5.40212e-05 
1.3 -5.31347e-05 
1.4 -5.11343e-05 
1.5 -4.79999e-05 
1.6 -4.37238e-05 
1.7 -3.83112e-05 
1.8 -3.17804e-05 
1.9 -2.41626e-05 
2 -1.55016e-05 
2.1 -5.8536e-06 
2.2 4.71344e-06 
2.3 1.61205e-05 
2.4 2.82783e-05 
2.5 4.10885e-05 
2.6 5.44447e-05 
2.7 6.8234e-05 
2.8 8.23384e-05 
2.9 9.66364e-05 
3 0.000111005 
3.1 0.00012532 
3.2 0.000139462 
3.3 0.000153313 
3.4 0.000166761 
3.5 0.000179704 
3.6 0.000192047 
3.7 0.000203708 
3.8 0.000214618 
3.9 0.000224721 
4 0.000233978 
4.1 0.000242367 
4.2 0.000249881 
4.3 0.000256534 
4.4 0.000262355 
4.5 0.000267391 
4.6 0.000271708 
4.7 0.000275385 
4.8 0.000278516 
4.9 0.00028121 
5 0.000283584 
5.1 0.000285766 
5.2 0.000287889 
5.3 0.000290089 
5.4 0.000292505 
5.5 0.000295272 
5.6 0.000298521 
5.7 0.000302377 
5.8 0.000306954 
5.9 0.000312353 
6 0.000318661 
6.1 0.000325951 
6.2 0.000334277 
6.3 0.000343674 
6.4 0.000354158 
6.5 0.000365728 
6.6 0.000378362 
6.7 0.000392021 
6.8 0.00040665 
6.9 0.000422176 
7 0.000438516 
7.1 0.000455576 
7.2 0.000473253 
7.3 0.000491438 
7.4 0.000510021 
7.5 0.000528892 
7.6 0.000547944 
7.7 0.000567077 
7.8 0.0005862 
7.9 0.000605231 
8 0.000624105 
8.1 0.000642767 
8.2 0.000661182 
8.3 0.000679329 
8.4 0.000697205 
8.5 0.000714823 
8.6 0.00073221 
8.7 0.000749408 
8.8 0.000766473 
8.9 0.000783467 
9 0.000800464 
9.1 0.000817538 
9.2 0.00083477 
9.3 0.000852235 
9.4 0.000870008 
9.5 0.000888153 
9.6 0.000906728 
9.7 0.000925776 
9.8 0.000945329 
9.9 0.000965399 
10 0.000985986 
10.1 0.00100707 
10.2 0.00102861 
10.3 0.00105056 
10.4 0.00107285 
10.5 0.00109538 
10.6 0.00111808 
10.7 0.00114082 
10.8 0.0011635 
10.9 0.001186 
11 0.00120819 
11.1 0.00122998 
11.2 0.00125123 
11.3 0.00127186 
11.4 0.00129177 
11.5 0.00131089 
11.6 0.00132916 
11.7 0.00134655 
11.8 0.00136303 
11.9 0.00137861 
12 0.00139332 
12.1 0.00140721 
12.2 0.00142034 
12.3 0.0014328 
12.4 0.00144471 
12.5 0.00145617 
12.6 0.00146733 
12.7 0.00147833 
12.8 0.00148931 
12.9 0.00150041 
13 0.00151178 
13.1 0.00152356 
13.2 0.00153587 
13.3 0.00154882 
13.4 0.00156249 
13.5 0.00157695 
13.6 0.00159224 
13.7 0.00160837 
13.8 0.00162534 
13.9 0.00164309 
14 0.00166154 
14.1 0.00168059 
14.2 0.00170012 
14.3 0.00171995 
14.4 0.0017399 
14.5 0.00175977 
14.6 0.00177935 
14.7 0.00179839 
14.8 0.00181667 
14.9 0.00183393 
15 0.00184994 
15.1 0.00186447 
15.2 0.0018773 
15.3 0.00188823 
15.4 0.00189708 
15.5 0.00190371 
15.6 0.00190799 
15.7 0.00190983 
15.8 0.00190919 
15.9 0.00190605 
16 0.00190043 
16.1 0.0018924 
16.2 0.00188205 
16.3 0.00186952 
16.4 0.00185499 
16.5 0.00183863 
16.6 0.00182069 
16.7 0.00180139 
16.8 0.00178099 
16.9 0.00175977 
17 0.001738 
17.1 0.00171594 
17.2 0.00169385 
17.3 0.00167199 
17.4 0.00165058 
17.5 0.00162981 
17.6 0.00160987 
17.7 0.00159088 
17.8 0.00157294 
17.9 0.00155612 
18 0.00154042 
18.1 0.00152581 
18.2 0.00151222 
18.3 0.00149954 
18.4 0.00148759 
18.5 0.0014762 
18.6 0.00146511 
18.7 0.00145408 
18.8 0.0014428 
18.9 0.00143098 
19 0.00141829 
19.1 0.00140439 
19.2 0.00138896 
19.3 0.00137168 
19.4 0.00135223 
19.5 0.00133032 
19.6 0.00130567 
19.7 0.00127806 
19.8 0.00124728 
19.9 0.00121317 
20 0.00117561 
20.1 0.00113453 
20.2 0.0010899 
20.3 0.00104174 
20.4 0.000990124 
20.5 0.00093517 
20.6 0.000877034 
20.7 0.000815918 
20.8 0.000752055 
20.9 0.000685715 
21 0.000617188 
21.1 0.000546789 
21.2 0.000474841 
21.3 0.000401677 
21.4 0.000327629 
21.5 0.000253019 
21.6 0.000178158 
21.7 0.000103334 
21.8 2.88112e-05 
21.9 -4.51794e-05 
22 -0.000118443 
22.1 -0.000190823 
22.2 -0.000262208 
22.3 -0.00033253 
22.4 -0.000401767 
22.5 -0.000469944 
22.6 -0.000537129 
22.7 -0.000603435 
22.8 -0.000669015 
22.9 -0.000734057 
23 -0.000798782 
23.1 -0.00086344 
23.2 -0.0009283 
23.3 -0.000993648 
23.4 -0.00105978 
23.5 -0.00112699 
23.6 -0.00119557 
23.7 -0.00126581 
23.8 -0.00133797 
23.9 -0.00141231 
24 -0.00148903 
24.1 -0.00156832 
24.2 -0.00165034 
24.3 -0.0017352 
24.4 -0.00182297 
24.5 -0.00191367 
24.6 -0.00200731 
24.7 -0.00210382 
24.8 -0.0022031 
24.9 -0.00230503 
25 -0.00240944 
25.1 -0.00251611 
25.2 -0.00262484 
25.3 -0.00273535 
25.4 -0.0028474 
25.5 -0.00296068 
25.6 -0.00307493 
25.7 -0.00318985 
25.8 -0.00330515 
25.9 -0.00342058 
26 -0.00353586 
26.1 -0.00365076 
26.2 -0.00376507 
26.3 -0.00387861 
26.4 -0.00399121 
26.5 -0.00410276 
26.6 -0.00421316 
26.7 -0.00432236 
26.8 -0.00443033 
26.9 -0.00453708 
27 -0.00464266 
27.1 -0.00474713 
27.2 -0.00485059 
27.3 -0.00495315 
27.4 -0.00505495 
27.5 -0.00515614 
27.6 -0.00525687 
27.7 -0.00535731 
27.8 -0.00545762 
27.9 -0.00555797 
28 -0.0056585 
28.1 -0.00575936 
28.2 -0.00586066 
28.3 -0.00596252 
28.4 -0.00606501 
28.5 -0.0061682 
28.6 -0.00627212 
28.7 -0.00637679 
28.8 -0.00648219 
28.9 -0.00658827 
29 -0.00669499 
29.1 -0.00680224 
29.2 -0.00690992 
29.3 -0.00701792 
29.4 -0.00712608 
29.5 -0.00723427 
29.6 -0.00734231 
29.7 -0.00745006 
29.8 -0.00755734 
29.9 -0.007664 
30 -0.00776988 
30.1 -0.00787484 
30.2 -0.00797873 
30.3 -0.00808145 
30.4 -0.00818288 
30.5 -0.00828294 
30.6 -0.00838157 
30.7 -0.00847871 
30.8 -0.00857434 
30.9 -0.00866844 
31 -0.00876102 
31.1 -0.00885211 
31.2 -0.00894173 
31.3 -0.00902994 
31.4 -0.00911679 
31.5 -0.00920234 
31.6 -0.00928667 
31.7 -0.00936983 
31.8 -0.00945189 
31.9 -0.00953291 
32 -0.00961294 
32.1 -0.00969201 
32.2 -0.00977015 
32.3 -0.00984737 
32.4 -0.00992366 
32.5 -0.009999 
32.6 -0.0100733 
32.7 -0.0101466 
32.8 -0.0102188 
32.9 -0.0102898 
33 -0.0103594 
33.1 -0.0104276 
33.2 -0.0104942 
33.3 -0.010559 
33.4 -0.0106221 
33.5 -0.0106831 
33.6 -0.0107419 
33.7 -0.0107985 
33.8 -0.0108527 
33.9 -0.0109043 
34 -0.0109533 
34.1 -0.0109995 
34.2 -0.0110429 
34.3 -0.0110835 
34.4 -0.0111212 
34.5 -0.011156 
34.6 -0.0111879 
34.7 -0.0112169 
34.8 -0.0112432 
34.9 -0.0112668 
35 -0.0112878 
35.1 -0.0113064 
35.2 -0.0113226 
35.3 -0.0113366 
35.4 -0.0113485 
35.5 -0.0113586 
35.6 -0.0113669 
35.7 -0.0113736 
35.8 -0.0113789 
35.9 -0.0113828 
36 -0.0113856 
36.1 -0.0113873 
36.2 -0.0113879 
36.3 -0.0113875 
36.4 -0.0113862 
36.5 -0.011384 
36.6 -0.0113807 
36.7 -0.0113764 
36.8 -0.0113709 
36.9 -0.0113641 
37 -0.0113559 
37.1 -0.0113462 
37.2 -0.0113346 
37.3 -0.011321 
37.4 -0.0113052 
37.5 -0.011287 
37.6 -0.011266 
37.7 -0.011242 
37.8 -0.0112148 
37.9 -0.0111842 
38 -0.0111498 
38.1 -0.0111116 
38.2 -0.0110693 
38.3 -0.0110227 
38.4 -0.0109717 
38.5 -0.0109163 
38.6 -0.0108562 
38.7 -0.0107916 
38.8 -0.0107224 
38.9 -0.0106485 
39 -0.0105702 
39.1 -0.0104876 
39.2 -0.0104006 
39.3 -0.0103096 
39.4 -0.0102148 
39.5 -0.0101163 
39.6 -0.0100144 
39.7 -0.00990939 
39.8 -0.00980154 
39.9 -0.00969112 
40 -0.00957841 
40.1 -0.0094637 
40.2 -0.00934724 
40.3 -0.00922929 
40.4 -0.00911008 
40.5 -0.00898981 
40.6 -0.00886866 
40.7 -0.00874676 
40.8 -0.00862423 
40.9 -0.00850113 
41 -0.00837749 
41.1 -0.00825329 
41.2 -0.00812849 
41.3 -0.00800298 
41.4 -0.00787663 
41.5 -0.00774928 
41.6 -0.00762071 
41.7 -0.0074907 
41.8 -0.00735898 
41.9 -0.00722527 
42 -0.00708928 
42.1 -0.0069507 
42.2 -0.00680922 
42.3 -0.00666451 
42.4 -0.00651629 
42.5 -0.00636424 
42.6 -0.00620811 
42.7 -0.00604763 
42.8 -0.00588259 
42.9 -0.00571278 
43 -0.00553806 
43.1 -0.00535831 
43.2 -0.00517345 
43.3 -0.00498345 
43.4 -0.00478833 
43.5 -0.00458813 
43.6 -0.00438296 
43.7 -0.00417296 
43.8 -0.00395832 
43.9 -0.00373924 
44 -0.00351598 
44.1 -0.00328882 
44.2 -0.00305806 
44.3 -0.00282402 
44.4 -0.00258705 
44.5 -0.00234747 
44.6 -0.00210564 
44.7 -0.0018619 
44.8 -0.00161657 
44.9 -0.00136998 
45 -0.0011224 
45.1 -0.000874118 
45.2 -0.000625362 
45.3 -0.000376335 
45.4 -0.000127203 
45.5 0.00012191 
45.6 0.00037092 
45.7 0.000619787 
45.8 0.000868515 
45.9 0.00111715 
46 0.00136578 
46.1 0.00161453 
46.2 0.00186357 
46.3 0.00211309 
46.4 0.00236332 
46.5 0.00261452 
46.6 0.00286695 
46.7 0.00312091 
46.8 0.00337669 
46.9 0.0036346 
47 0.00389492 
47.1 0.00415796 
47.2 0.004424 
47.3 0.00469329 
47.4 0.00496608 
47.5 0.00524258 
47.6 0.00552296 
47.7 0.00580738 
47.8 0.00609594 
47.9 0.0063887 
48 0.00668571 
48.1 0.00698695 
48.2 0.00729235 
48.3 0.00760184 
48.4 0.00791527 
48.5 0.00823247 
48.6 0.00855324 
48.7 0.00887735 
48.8 0.00920453 
48.9 0.0095345 
49 0.00986695 
49.1 0.0102016 
49.2 0.010538 
49.3 0.010876 
49.4 0.0112152 
49.5 0.0115553 
49.6 0.0118959 
49.7 0.0122368 
49.8 0.0125778 
49.9 0.0129185 
50 0.0132588 
50.1 0.0135985 
50.2 0.0139374 
50.3 0.0142754 
50.4 0.0146125 
50.5 0.0149486 
50.6 0.0152837 
50.7 0.0156178 
50.8 0.015951 
50.9 0.0162835 
51 0.0166152 
51.1 0.0169464 
51.2 0.0172773 
51.3 0.017608 
51.4 0.0179388 
51.5 0.0182699 
51.6 0.0186015 
51.7 0.0189338 
51.8 0.019267 
51.9 0.0196014 
52 0.0199372 
52.1 0.0202746 
52.2 0.0206138 
52.3 0.0209548 
52.4 0.0212978 
52.5 0.021643 
52.6 0.0219904 
52.7 0.02234 
52.8 0.0226918 
52.9 0.0230459 
53 0.0234021 
53.1 0.0237604 
53.2 0.0241207 
53.3 0.0244828 
53.4 0.0248466 
53.5 0.0252119 
53.6 0.0255784 
53.7 0.025946 
53.8 0.0263145 
53.9 0.0266835 
54 0.0270528 
54.1 0.0274223 
54.2 0.0277915 
54.3 0.0281604 
54.4 0.0285287 
54.5 0.0288961 
54.6 0.0292624 
54.7 0.0296276 
54.8 0.0299913 
54.9 0.0303534 
55 0.0307139 
55.1 0.0310726 
55.2 0.0314294 
55.3 0.0317843 
55.4 0.0321373 
55.5 0.0324884 
55.6 0.0328375 
55.7 0.0331848 
55.8 0.0335302 
55.9 0.0338739 
56 0.0342159 
56.1 0.0345564 
56.2 0.0348954 
56.3 0.035233 
56.4 0.0355694 
56.5 0.0359047 
56.6 0.036239 
56.7 0.0365724 
56.8 0.0369049 
56.9 0.0372368 
57 0.037568 
57.1 0.0378987 
57.2 0.0382289 
57.3 0.0385585 
57.4 0.0388877 
57.5 0.0392164 
57.6 0.0395446 
57.7 0.0398722 
57.8 0.0401992 
57.9 0.0405256 
58 0.0408511 
58.1 0.0411758 
58.2 0.0414995 
58.3 0.041822 
58.4 0.0421433 
58.5 0.0424631 
58.6 0.0427814 
58.7 0.0430979 
58.8 0.0434126 
58.9 0.0437252 
59 0.0440356 
59.1 0.0443436 
59.2 0.0446492 
59.3 0.0449522 
59.4 0.0452524 
59.5 0.0455497 
59.6 0.0458441 
59.7 0.0461355 
59.8 0.0464237 
59.9 0.0467088 
60 0.0469906 
60.1 0.0472691 
60.2 0.0475444 
60.3 0.0478163 
60.4 0.0480849 
60.5 0.0483501 
60.6 0.048612 
60.7 0.0488705 
60.8 0.0491258 
60.9 0.0493777 
61 0.0496263 
61.1 0.0498717 
61.2 0.0501137 
61.3 0.0503525 
61.4 0.0505879 
61.5 0.0508201 
61.6 0.0510489 
61.7 0.0512743 
61.8 0.0514963 
61.9 0.0517148 
62 0.0519298 
62.1 0.0521412 
62.2 0.0523488 
62.3 0.0525527 
62.4 0.0527526 
62.5 0.0529485 
62.6 0.0531402 
62.7 0.0533277 
62.8 0.0535107 
62.9 0.0536892 
63 0.0538629 
63.1 0.0540319 
63.2 0.0541958 
63.3 0.0543546 
63.4 0.0545082 
63.5 0.0546565 
63.6 0.0547992 
63.7 0.0549364 
63.8 0.0550679 
63.9 0.0551936 
64 0.0553135 
64.1 0.0554275 
64.2 0.0555356 
64.3 0.0556377 
64.4 0.0557337 
64.5 0.0558237 
64.6 0.0559077 
64.7 0.0559857 
64.8 0.0560576 
64.9 0.0561236 
65 0.0561835 
65.1 0.0562375 
65.2 0.0562856 
65.3 0.0563278 
65.4 0.0563641 
65.5 0.0563945 
65.6 0.0564191 
65.7 0.0564379 
65.8 0.0564508 
65.9 0.0564579 
66 0.0564591 
66.1 0.0564543 
66.2 0.0564436 
66.3 0.0564268 
66.4 0.0564038 
66.5 0.0563746 
66.6 0.056339 
66.7 0.0562969 
66.8 0.0562482 
66.9 0.0561926 
67 0.0561301 
67.1 0.0560603 
67.2 0.0559832 
67.3 0.0558984 
67.4 0.0558059 
67.5 0.0557054 
67.6 0.0555966 
67.7 0.0554793 
67.8 0.0553534 
67.9 0.0552187 
68 0.0550749 
68.1 0.0549218 
68.2 0.0547594 
68.3 0.0545874 
68.4 0.0544056 
68.5 0.0542141 
68.6 0.0540126 
68.7 0.0538012 
68.8 0.0535797 
68.9 0.0533481 
69 0.0531064 
69.1 0.0528546 
69.2 0.0525928 
69.3 0.052321 
69.4 0.0520392 
69.5 0.0517476 
69.6 0.0514463 
69.7 0.0511354 
69.8 0.0508151 
69.9 0.0504854 
70 0.0501466 
70.1 0.0497988 
70.2 0.0494422 
70.3 0.0490769 
70.4 0.0487031 
70.5 0.0483209 
70.6 0.0479306 
70.7 0.0475321 
70.8 0.0471258 
70.9 0.0467115 
71 0.0462896 
71.1 0.0458599 
71.2 0.0454226 
71.3 0.0449777 
71.4 0.0445253 
71.5 0.0440652 
71.6 0.0435975 
71.7 0.043122 
71.8 0.0426389 
71.9 0.0421478 
72 0.0416488 
72.1 0.0411417 
72.2 0.0406264 
72.3 0.0401027 
72.4 0.0395704 
72.5 0.0390295 
72.6 0.0384797 
72.7 0.0379208 
72.8 0.0373528 
72.9 0.0367754 
73 0.0361885 
73.1 0.0355919 
73.2 0.0349857 
73.3 0.0343695 
73.4 0.0337435 
73.5 0.0331075 
73.6 0.0324614 
73.7 0.0318054 
73.8 0.0311393 
73.9 0.0304633 
74 0.0297775 
74.1 0.0290819 
74.2 0.0283767 
74.3 0.0276621 
74.4 0.0269382 
74.5 0.0262054 
74.6 0.0254638 
74.7 0.0247137 
74.8 0.0239554 
74.9 0.0231893 
75 0.0224156 
75.1 0.0216348 
75.2 0.0208471 
75.3 0.020053 
75.4 0.0192528 
75.5 0.018447 
75.6 0.0176358 
75.7 0.0168196 
75.8 0.0159989 
75.9 0.0151739 
76 0.014345 
76.1 0.0135125 
76.2 0.0126768 
76.3 0.0118381 
76.4 0.0109967 
76.5 0.0101528 
76.6 0.0093067 
76.7 0.00845856 
76.8 0.00760856 
76.9 0.00675687 
77 0.00590362 
77.1 0.00504891 
77.2 0.00419283 
77.3 0.00333546 
77.4 0.00247685 
77.5 0.00161704 
77.6 0.000756039 
77.7 -0.000106132 
77.8 -0.000969474 
77.9 -0.00183399 
78 -0.0026997 
78.1 -0.0035666 
78.2 -0.00443471 
78.3 -0.00530404 
78.4 -0.00617458 
78.5 -0.00704633 
78.6 -0.00791927 
78.7 -0.00879337 
78.8 -0.00966858 
78.9 -0.0105448 
79 -0.0114221 
79.1 -0.0123002 
79.2 -0.013179 
79.3 -0.0140585 
79.4 -0.0149384 
79.5 -0.0158186 
79.6 -0.0166989 
79.7 -0.017579 
79.8 -0.0184588 
79.9 -0.0193379 
80 -0.0202161 
80.1 -0.0210931 
80.2 -0.0219685 
80.3 -0.0228422 
80.4 -0.0237137 
80.5 -0.0245827 
80.6 -0.025449 
80.7 -0.026312 
80.8 -0.0271716 
80.9 -0.0280274 
81 -0.028879 
81.1 -0.0297262 
81.2 -0.0305685 
81.3 -0.0314057 
81.4 -0.0322376 
81.5 -0.0330638 
81.6 -0.033884 
81.7 -0.0346981 
81.8 -0.0355057 
81.9 -0.0363067 
82 -0.0371009 
82.1 -0.0378882 
82.2 -0.0386683 
82.3 -0.0394411 
82.4 -0.0402066 
82.5 -0.0409647 
82.6 -0.0417153 
82.7 -0.0424583 
82.8 -0.0431937 
82.9 -0.0439215 
83 -0.0446417 
83.1 -0.0453544 
83.2 -0.0460595 
83.3 -0.0467571 
83.4 -0.0474473 
83.5 -0.0481301 
83.6 -0.0488055 
83.7 -0.0494737 
83.8 -0.0501347 
83.9 -0.0507886 
84 -0.0514355 
84.1 -0.0520754 
84.2 -0.0527083 
84.3 -0.0533345 
84.4 -0.0539539 
84.5 -0.0545665 
84.6 -0.0551725 
84.7 -0.0557718 
84.8 -0.0563645 
84.9 -0.0569506 
85 -0.0575301 
85.1 -0.058103 
85.2 -0.0586693 
85.3 -0.0592289 
85.4 -0.0597819 
85.5 -0.0603283 
85.6 -0.0608678 
85.7 -0.0614006 
85.8 -0.0619265 
85.9 -0.0624455 
86 -0.0629576 
86.1 -0.0634625 
86.2 -0.0639603 
86.3 -0.0644509 
86.4 -0.0649342 
86.5 -0.0654102 
86.6 -0.0658787 
86.7 -0.0663396 
86.8 -0.066793 
86.9 -0.0672387 
87 -0.0676767 
87.1 -0.068107 
87.2 -0.0685294 
87.3 -0.0689439 
87.4 -0.0693506 
87.5 -0.0697494 
87.6 -0.0701402 
87.7 -0.0705232 
87.8 -0.0708982 
87.9 -0.0712653 
88 -0.0716245 
88.1 -0.071976 
88.2 -0.0723196 
88.3 -0.0726554 
88.4 -0.0729836 
88.5 -0.0733042 
88.6 -0.0736173 
88.7 -0.0739229 
88.8 -0.0742211 
88.9 -0.0745121 
89 -0.0747959 
89.1 -0.0750727 
89.2 -0.0753426 
89.3 -0.0756056 
89.4 -0.0758619 
89.5 -0.0761115 
89.6 -0.0763547 
89.7 -0.0765916 
89.8 -0.0768221 
89.9 -0.0770466 
90 -0.0772649 
90.1 -0.0774774 
90.2 -0.077684 
90.3 -0.0778849 
90.4 -0.0780802 
90.5 -0.07827 
90.6 -0.0784543 
90.7 -0.0786332 
90.8 -0.0788069 
90.9 -0.0789753 
91 -0.0791386 
91.1 -0.0792969 
91.2 -0.0794501 
91.3 -0.0795983 
91.4 -0.0797416 
91.5 -0.0798801 
91.6 -0.0800137 
91.7 -0.0801426 
91.8 -0.0802667 
91.9 -0.0803861 
92 -0.0805008 
92.1 -0.0806108 
92.2 -0.0807162 
92.3 -0.080817 
92.4 -0.0809132 
92.5 -0.0810049 
92.6 -0.081092 
92.7 -0.0811747 
92.8 -0.0812528 
92.9 -0.0813265 
93 -0.0813958 
93.1 -0.0814607 
93.2 -0.0815212 
93.3 -0.0815775 
93.4 -0.0816294 
93.5 -0.081677 
93.6 -0.0817205 
93.7 -0.0817598 
93.8 -0.081795 
93.9 -0.0818261 
94 -0.0818532 
94.1 -0.0818763 
94.2 -0.0818955 
94.3 -0.0819108 
94.4 -0.0819224 
94.5 -0.0819302 
94.6 -0.0819343 
94.7 -0.0819348 
94.8 -0.0819318 
94.9 -0.0819252 
95 -0.0819153 
95.1 -0.081902 
95.2 -0.0818854 
95.3 -0.0818656 
95.4 -0.0818426 
95.5 -0.0818165 
95.6 -0.0817874 
95.7 -0.0817552 
95.8 -0.0817202 
95.9 -0.0816823 
96 -0.0816416 
96.1 -0.0815982 
96.2 -0.081552 
96.3 -0.0815032 
96.4 -0.0814517 
96.5 -0.0813977 
96.6 -0.0813412 
96.7 -0.0812822 
96.8 -0.0812208 
96.9 -0.0811569 
97 -0.0810907 
97.1 -0.0810222 
97.2 -0.0809513 
97.3 -0.0808781 
97.4 -0.0808027 
97.5 -0.080725 
97.6 -0.0806451 
97.7 -0.0805631 
97.8 -0.0804788 
97.9 -0.0803924 
98 -0.0803039 
98.1 -0.0802133 
98.2 -0.0801205 
98.3 -0.0800257 
98.4 -0.0799289 
98.5 -0.0798299 
98.6 -0.079729 
98.7 -0.0796261 
98.8 -0.0795212 
98.9 -0.0794143 
99 -0.0793055 
99.1 -0.0791948 
99.2 -0.0790822 
99.3 -0.0789677 
99.4 -0.0788514 
99.5 -0.0787332 
99.6 -0.0786133 
99.7 -0.0784916 
99.8 -0.0783682 
99.9 -0.0782431 
100 -0.0781163 
100.1 -0.0779879 
100.2 -0.0778578 
100.3 -0.0777262 
100.4 -0.0775931 
100.5 -0.0774584 
100.6 -0.0773223 
100.7 -0.0771847 
100.8 -0.0770457 
100.9 -0.0769053 
101 -0.0767636 
101.1 -0.0766205 
101.2 -0.0764762 
101.3 -0.0763306 
101.4 -0.0761838 
101.5 -0.0760357 
101.6 -0.0758865 
101.7 -0.0757361 
101.8 -0.0755846 
101.9 -0.0754319 
102 -0.0752782 
102.1 -0.0751233 
102.2 -0.0749674 
102.3 -0.0748104 
102.4 -0.0746524 
102.5 -0.0744933 
102.6 -0.0743332 
102.7 -0.074172 
102.8 -0.0740098 
102.9 -0.0738465 
103 -0.0736822 
103.1 -0.0735168 
103.2 -0.0733504 
103.3 -0.0731829 
103.4 -0.0730143 
103.5 -0.0728447 
103.6 -0.0726739 
103.7 -0.072502 
103.8 -0.072329 
103.9 -0.0721549 
104 -0.0719796 
104.1 -0.0718031 
104.2 -0.0716254 
104.3 -0.0714465 
104.4 -0.0712663 
104.5 -0.071085 
104.6 -0.0709023 
104.7 -0.0707184 
104.8 -0.0705332 
104.9 -0.0703467 
105 -0.0701589 
105.1 -0.0699697 
105.2 -0.0697792 
105.3 -0.0695873 
105.4 -0.0693941 
105.5 -0.0691994 
105.6 -0.0690034 
105.7 -0.068806 
105.8 -0.0686073 
105.9 -0.0684071 
106 -0.0682055 
106.1 -0.0680025 
106.2 -0.0677982 
106.3 -0.0675924 
106.4 -0.0673852 
106.5 -0.0671767 
106.6 -0.0669667 
106.7 -0.0667554 
106.8 -0.0665427 
106.9 -0.0663286 
107 -0.0661132 
107.1 -0.0658964 
107.2 -0.0656783 
107.3 -0.0654588 
107.4 -0.0652379 
107.5 -0.0650158 
107.6 -0.0647923 
107.7 -0.0645675 
107.8 -0.0643413 
107.9 -0.0641138 
108 -0.063885 
108.1 -0.0636549 
108.2 -0.0634235 
108.3 -0.0631907 
108.4 -0.0629565 
108.5 -0.062721 
108.6 -0.0624842 
108.7 -0.0622459 
108.8 -0.0620063 
108.9 -0.0617653 
109 -0.0615228 
109.1 -0.0612788 
109.2 -0.0610333 
109.3 -0.0607863 
109.4 -0.0605378 
109.5 -0.0602876 
109.6 -0.0600358 
109.7 -0.0597823 
109.8 -0.0595271 
109.9 -0.0592701 
110 -0.0590112 
110.1 -0.0587505 
110.2 -0.0584878 
110.3 -0.0582231 
110.4 -0.0579563 
110.5 -0.0576873 
110.6 -0.0574162 
110.7 -0.0571427 
110.8 -0.0568669 
110.9 -0.0565886 
111 -0.0563079 
111.1 -0.0560245 
111.2 -0.0557384 
111.3 -0.0554495 
111.4 -0.0551578 
111.5 -0.0548631 
111.6 -0.0545654 
111.7 -0.0542645 
111.8 -0.0539605 
111.9 -0.053653 
112 -0.0533422 
112.1 -0.0530278 
112.2 -0.0527099 
112.3 -0.0523882 
112.4 -0.0520626 
112.5 -0.0517332 
112.6 -0.0513997 
112.7 -0.0510621 
112.8 -0.0507203 
112.9 -0.0503741 
113 -0.0500235 
113.1 -0.0496683 
113.2 -0.0493084 
113.3 -0.0489438 
113.4 -0.0485742 
113.5 -0.0481997 
113.6 -0.04782 
113.7 -0.0474351 
113.8 -0.0470448 
113.9 -0.046649 
114 -0.0462476 
114.1 -0.0458404 
114.2 -0.0454274 
114.3 -0.0450084 
114.4 -0.0445832 
114.5 -0.0441517 
114.6 -0.0437138 
114.7 -0.0432693 
114.8 -0.042818 
114.9 -0.0423598 
115 -0.0418946 
115.1 -0.0414221 
115.2 -0.0409422 
115.3 -0.0404546 
115.4 -0.0399593 
115.5 -0.039456 
115.6 -0.0389444 
115.7 -0.0384244 
115.8 -0.0378958 
115.9 -0.0373582 
116 -0.0368116 
116.1 -0.0362555 
116.2 -0.0356898 
116.3 -0.0351141 
116.4 -0.0345282 
116.5 -0.0339318 
116.6 -0.0333245 
116.7 -0.0327061 
116.8 -0.0320762 
116.9 -0.0314344 
117 -0.0307803 
117.1 -0.0301137 
117.2 -0.029434 
117.3 -0.0287408 
117.4 -0.0280338 
117.5 -0.0273124 
117.6 -0.0265762 
117.7 -0.0258247 
117.8 -0.0250573 
117.9 -0.0242736 
118 -0.0234729 
118.1 -0.0226548 
118.2 -0.0218185 
118.3 -0.0209635 
118.4 -0.0200891 
118.5 -0.0191945 
118.6 -0.0182793 
118.7 -0.0173424 
118.8 -0.0163833 
118.9 -0.0154011 
119 -0.014395 
119.1 -0.0133641 
119.2 -0.0123076 
119.3 -0.0112244 
119.4 -0.0101137 
119.5 -0.00897447 
119.6 -0.00780561 
119.7 -0.00660606 
119.8 -0.00537471 
119.9 -0.00411038 
120 -0.00281187 
120.1 -0.00147791 
120.2 -0.00010719 
120.3 0.00130164 
120.4 0.00274999 
120.5 0.00423934 
120.6 0.0057712 
120.7 0.00734715 
120.8 0.00896884 
120.9 0.010638 
121 0.0123563 
121.1 0.0141257 
121.2 0.0159481 
121.3 0.0178253 
121.4 0.0197596 
121.5 0.021753 
121.6 0.0238077 
121.7 0.0259261 
121.8 0.0281104 
121.9 0.0303631 
122 0.0326869 
122.1 0.0350842 
122.2 0.0375579 
122.3 0.0401108 
122.4 0.0427457 
122.5 0.0454657 
122.6 0.0482738 
122.7 0.0511732 
122.8 0.0541672 
122.9 0.0572592 
123 0.0604525 
123.1 0.0637508 
123.2 0.0671576 
123.3 0.0706765 
123.4 0.0743113 
123.5 0.0780658 
123.6 0.0819438 
123.7 0.0859492 
123.8 0.0900857 
123.9 0.0943573 
124 0.0987677 
124.1 0.103321 
124.2 0.10802 
124.3 0.112869 
124.4 0.117871 
124.5 0.12303 
124.6 0.128348 
124.7 0.133828 
124.8 0.139472 
124.9 0.145282 
125 0.15126 
125.1 0.157406 
125.2 0.16372 
125.3 0.170203 
125.4 0.176851 
125.5 0.183663 
125.6 0.190635 
125.7 0.197763 
125.8 0.205041 
125.9 0.212461 
126 0.220014 
126.1 0.227691 
126.2 0.235477 
126.3 0.24336 
126.4 0.251323 
126.5 0.259347 
126.6 0.267413 
126.7 0.275498 
126.8 0.283577 
126.9 0.291623 
127 0.299609 
127.1 0.307503 
127.2 0.315273 
127.3 0.322885 
127.4 0.330303 
127.5 0.337493 
127.6 0.344416 
127.7 0.351037 
127.8 0.357318 
127.9 0.363225 
128 0.368722 
128.1 0.373777 
128.2 0.37836 
128.3 0.382444 
128.4 0.386004 
128.5 0.389019 
128.6 0.391475 
128.7 0.393358 
128.8 0.394661 
128.9 0.395382 
129 0.395521 
129.1 0.395086 
129.2 0.394087 
129.3 0.392539 
129.4 0.390461 
129.5 0.387874 
129.6 0.384805 
129.7 0.381281 
129.8 0.377331 
129.9 0.372987 
130 0.368282 
130.1 0.363248 
130.2 0.35792 
130.3 0.35233 
130.4 0.346511 
130.5 0.340495 
130.6 0.334313 
130.7 0.327995 
130.8 0.321567 
130.9 0.315057 
131 0.30849 
131.1 0.301887 
131.2 0.295271 
131.3 0.28866 
131.4 0.282071 
131.5 0.275522 
131.6 0.269025 
131.7 0.262594 
131.8 0.256239 
131.9 0.249971 
132 0.243796 
132.1 0.237723 
132.2 0.231758 
132.3 0.225904 
132.4 0.220167 
132.5 0.21455 
132.6 0.209054 
132.7 0.203681 
132.8 0.198433 
132.9 0.19331 
133 0.188312 
133.1 0.183438 
133.2 0.178687 
133.3 0.174059 
133.4 0.169552 
133.5 0.165164 
133.6 0.160894 
133.7 0.156739 
133.8 0.152698 
133.9 0.148767 
134 0.144945 
134.1 0.141229 
134.2 0.137617 
134.3 0.134105 
134.4 0.130692 
134.5 0.127375 
134.6 0.124152 
134.7 0.121019 
134.8 0.117975 
134.9 0.115016 
135 0.112141 
135.1 0.109346 
135.2 0.10663 
135.3 0.103991 
135.4 0.101425 
135.5 0.0989316 
135.6 0.0965073 
135.7 0.0941505 
135.8 0.0918591 
135.9 0.089631 
136 0.0874643 
136.1 0.0853572 
136.2 0.0833077 
136.3 0.0813141 
136.4 0.0793747 
136.5 0.0774877 
136.6 0.0756516 
136.7 0.0738648 
136.8 0.0721256 
136.9 0.0704328 
137 0.0687847 
137.1 0.0671801 
137.2 0.0656175 
137.3 0.0640958 
137.4 0.0626136 
137.5 0.0611697 
137.6 0.059763 
137.7 0.0583923 
137.8 0.0570565 
137.9 0.0557546 
138 0.0544856 
138.1 0.0532484 
138.2 0.0520421 
138.3 0.0508658 
138.4 0.0497185 
138.5 0.0485995 
138.6 0.0475079 
138.7 0.0464428 
138.8 0.0454035 
138.9 0.0443893 
139 0.0433994 
139.1 0.0424331 
139.2 0.0414897 
139.3 0.0405686 
139.4 0.0396692 
139.5 0.0387908 
139.6 0.0379328 
139.7 0.0370946 
139.8 0.0362758 
139.9 0.0354757 
140 0.0346938 
140.1 0.0339297 
140.2 0.0331828 
140.3 0.0324527 
140.4 0.0317389 
140.5 0.031041 
140.6 0.0303585 
140.7 0.0296911 
140.8 0.0290382 
140.9 0.0283997 
141 0.027775 
141.1 0.0271638 
141.2 0.0265658 
141.3 0.0259806 
141.4 0.0254078 
141.5 0.0248473 
141.6 0.0242985 
141.7 0.0237614 
141.8 0.0232354 
141.9 0.0227205 
142 0.0222163 
142.1 0.0217224 
142.2 0.0212388 
142.3 0.0207651 
142.4 0.0203011 
142.5 0.0198466 
142.6 0.0194012 
142.7 0.0189649 
142.8 0.0185373 
142.9 0.0181184 
143 0.0177078 
143.1 0.0173053 
143.2 0.0169109 
143.3 0.0165243 
143.4 0.0161453 
143.5 0.0157737 
143.6 0.0154095 
143.7 0.0150523 
143.8 0.0147021 
143.9 0.0143587 
144 0.0140219 
144.1 0.0136917 
144.2 0.0133678 
144.3 0.0130501 
144.4 0.0127385 
144.5 0.0124328 
144.6 0.012133 
144.7 0.0118389 
144.8 0.0115503 
144.9 0.0112672 
145 0.0109894 
145.1 0.0107169 
145.2 0.0104495 
145.3 0.0101871 
145.4 0.00992957 
145.5 0.00967689 
145.6 0.00942892 
145.7 0.00918556 
145.8 0.00894672 
145.9 0.00871232 
146 0.00848226 
146.1 0.00825645 
146.2 0.00803481 
146.3 0.00781726 
146.4 0.00760372 
146.5 0.0073941 
146.6 0.00718834 
146.7 0.00698636 
146.8 0.00678808 
146.9 0.00659343 
147 0.00640235 
147.1 0.00621476 
147.2 0.0060306 
147.3 0.00584981 
147.4 0.00567232 
147.5 0.00549806 
147.6 0.00532698 
147.7 0.00515902 
147.8 0.00499412 
147.9 0.00483223 
148 0.00467328 
148.1 0.00451723 
148.2 0.00436401 
148.3 0.00421359 
148.4 0.00406591 
148.5 0.00392091 
148.6 0.00377856 
148.7 0.00363879 
148.8 0.00350158 
148.9 0.00336686 
149 0.0032346 
149.1 0.00310475 
149.2 0.00297727 
149.3 0.00285212 
149.4 0.00272925 
149.5 0.00260863 
149.6 0.00249022 
149.7 0.00237397 
149.8 0.00225986 
149.9 0.00214783 
150 0.00203786 
150.1 0.00192992 
150.2 0.00182396 
150.3 0.00171995 
150.4 0.00161786 
150.5 0.00151765 
150.6 0.0014193 
150.7 0.00132277 
150.8 0.00122803 
150.9 0.00113505 
151 0.0010438 
151.1 0.000954252 
151.2 0.000866376 
151.3 0.000780143 
151.4 0.000695527 
151.5 0.000612501 
151.6 0.000531038 
151.7 0.000451112 
151.8 0.000372698 
151.9 0.00029577 
152 0.000220304 
152.1 0.000146275 
152.2 7.36612e-05 
152.3 2.43812e-06 
152.4 -6.74167e-05 
152.5 -0.000135926 
152.6 -0.000203111 
152.7 -0.000268993 
152.8 -0.000333594 
152.9 -0.000396935 
153 -0.000459034 
153.1 -0.000519914 
153.2 -0.000579593 
153.3 -0.00063809 
153.4 -0.000695424 
153.5 -0.000751613 
153.6 -0.000806677 
153.7 -0.000860632 
153.8 -0.000913496 
153.9 -0.000965286 
154 -0.00101602 
154.1 -0.00106571 
154.2 -0.00111438 
154.3 -0.00116204 
154.4 -0.00120871 
154.5 -0.0012544 
154.6 -0.00129913 
154.7 -0.00134291 
154.8 -0.00138576 
154.9 -0.00142768 
155 -0.00146871 
155.1 -0.00150884 
155.2 -0.0015481 
155.3 -0.00158649 
155.4 -0.00162403 
155.5 -0.00166073 
155.6 -0.0016966 
155.7 -0.00173167 
155.8 -0.00176592 
155.9 -0.00179939 
156 -0.00183209 
156.1 -0.00186401 
156.2 -0.00189518 
156.3 -0.00192561 
156.4 -0.0019553 
156.5 -0.00198427 
156.6 -0.00201252 
156.7 -0.00204007 
156.8 -0.00206694 
156.9 -0.00209311 
157 -0.00211862 
157.1 -0.00214346 
157.2 -0.00216765 
157.3 -0.0021912 
157.4 -0.00221411 
157.5 -0.00223639 
157.6 -0.00225806 
157.7 -0.00227911 
157.8 -0.00229957 
157.9 -0.00231943 
158 -0.00233871 
158.1 -0.00235742 
158.2 -0.00237555 
158.3 -0.00239313 
158.4 -0.00241015 
158.5 -0.00242663 
158.6 -0.00244256 
158.7 -0.00245797 
158.8 -0.00247286 
158.9 -0.00248723 
159 -0.00250108 
159.1 -0.00251444 
159.2 -0.0025273 
159.3 -0.00253967 
159.4 -0.00255156 
159.5 -0.00256297 
159.6 -0.00257391 
159.7 -0.00258438 
159.8 -0.0025944 
159.9 -0.00260396 
160 -0.00261308 
160.1 -0.00262176 
160.2 -0.00263 
160.3 -0.00263782 
160.4 -0.00264521 
160.5 -0.00265218 
160.6 -0.00265874 
160.7 -0.00266489 
160.8 -0.00267063 
160.9 -0.00267599 
161 -0.00268094 
161.1 -0.00268551 
161.2 -0.0026897 
161.3 -0.00269351 
161.4 -0.00269695 
161.5 -0.00270002 
161.6 -0.00270273 
161.7 -0.00270507 
161.8 -0.00270707 
161.9 -0.00270871 
162 -0.00271 
162.1 -0.00271096 
162.2 -0.00271158 
162.3 -0.00271186 
162.4 -0.00271182 
162.5 -0.00271145 
162.6 -0.00271076 
162.7 -0.00270975 
162.8 -0.00270843 
162.9 -0.0027068 
163 -0.00270487 
163.1 -0.00270263 
163.2 -0.0027001 
163.3 -0.00269727 
163.4 -0.00269415 
163.5 -0.00269074 
163.6 -0.00268705 
163.7 -0.00268308 
163.8 -0.00267884 
163.9 -0.00267432 
164 -0.00266953 
164.1 -0.00266447 
164.2 -0.00265915 
164.3 -0.00265357 
164.4 -0.00264774 
164.5 -0.00264165 
164.6 -0.00263531 
164.7 -0.00262872 
164.8 -0.00262189 
164.9 -0.00261481 
165 -0.0026075 
165.1 -0.00259995 
165.2 -0.00259217 
165.3 -0.00258416 
165.4 -0.00257592 
165.5 -0.00256746 
165.6 -0.00255878 
165.7 -0.00254988 
165.8 -0.00254076 
165.9 -0.00253143 
166 -0.00252189 
166.1 -0.00251214 
166.2 -0.00250218 
166.3 -0.00249202 
166.4 -0.00248166 
166.5 -0.00247111 
166.6 -0.00246035 
166.7 -0.00244941 
166.8 -0.00243827 
166.9 -0.00242695 
167 -0.00241544 
167.1 -0.00240375 
167.2 -0.00239187 
167.3 -0.00237982 
167.4 -0.00236759 
167.5 -0.00235518 
167.6 -0.00234261 
167.7 -0.00232986 
167.8 -0.00231695 
167.9 -0.00230387 
168 -0.00229062 
168.1 -0.00227722 
168.2 -0.00226366 
168.3 -0.00224993 
168.4 -0.00223606 
168.5 -0.00222203 
168.6 -0.00220785 
168.7 -0.00219352 
168.8 -0.00217904 
168.9 -0.00216442 
169 -0.00214966 
169.1 -0.00213475 
169.2 -0.0021197 
169.3 -0.00210452 
169.4 -0.0020892 
169.5 -0.00207375 
169.6 -0.00205816 
169.7 -0.00204245 
169.8 -0.0020266 
169.9 -0.00201063 
170 -0.00199454 
170.1 -0.00197832 
170.2 -0.00196198 
170.3 -0.00194552 
170.4 -0.00192894 
170.5 -0.00191224 
170.6 -0.00189543 
170.7 -0.00187851 
170.8 -0.00186148 
170.9 -0.00184433 
171 -0.00182708 
171.1 -0.00180972 
171.2 -0.00179226 
171.3 -0.00177469 
171.4 -0.00175702 
171.5 -0.00173925 
171.6 -0.00172138 
171.7 -0.00170341 
171.8 -0.00168535 
171.9 -0.00166719 
172 -0.00164894 
172.1 -0.0016306 
172.2 -0.00161217 
172.3 -0.00159365 
172.4 -0.00157504 
172.5 -0.00155634 
172.6 -0.00153757 
172.7 -0.0015187 
172.8 -0.00149976 
172.9 -0.00148074 
173 -0.00146163 
173.1 -0.00144245 
173.2 -0.0014232 
173.3 -0.00140387 
173.4 -0.00138446 
173.5 -0.00136498 
173.6 -0.00134543 
173.7 -0.00132581 
173.8 -0.00130613 
173.9 -0.00128637 
174 -0.00126655 
174.1 -0.00124666 
174.2 -0.00122672 
174.3 -0.0012067 
174.4 -0.00118663 
174.5 -0.0011665 
174.6 -0.00114631 
174.7 -0.00112606 
174.8 -0.00110576 
174.9 -0.0010854 
175 -0.00106498 
175.1 -0.00104452 
175.2 -0.001024 
175.3 -0.00100343 
175.4 -0.000982813 
175.5 -0.000962148 
175.6 -0.000941435 
175.7 -0.000920677 
175.8 -0.000899874 
175.9 -0.000879028 
176 -0.000858139 
176.1 -0.000837209 
176.2 -0.000816238 
176.3 -0.000795229 
176.4 -0.000774181 
176.5 -0.000753096 
176.6 -0.000731976 
176.7 -0.000710821 
176.8 -0.000689632 
176.9 -0.00066841 
177 -0.000647157 
177.1 -0.000625873 
177.2 -0.000604559 
177.3 -0.000583218 
177.4 -0.000561849 
177.5 -0.000540453 
177.6 -0.000519032 
177.7 -0.000497587 
177.8 -0.000476119 
177.9 -0.000454628 
178 -0.000433117 
178.1 -0.000411585 
178.2 -0.000390034 
178.3 -0.000368465 
178.4 -0.000346879 
178.5 -0.000325277 
178.6 -0.000303659 
178.7 -0.000282028 
178.8 -0.000260384 
178.9 -0.000238727 
179 -0.00021706 
179.1 -0.000195382 
179.2 -0.000173696 
179.3 -0.000152001 
179.4 -0.0001303 
179.5 -0.000108592 
179.6 -8.68799e-05 
179.7 -6.51634e-05 
179.8 -4.3444e-05 
