0.1 0.374166
0.2 0.374166
0.3 0.374166
0.4 0.374166
0.5 0.374167
0.6 0.374167
0.7 0.374167
0.8 0.374167
0.9 0.374167
1 0.374167
1.1 0.374168
1.2 0.374168
1.3 0.374168
1.4 0.374168
1.5 0.374168
1.6 0.374168
1.7 0.374168
1.8 0.374168
1.9 0.374168
2 0.374168
2.1 0.374168
2.2 0.374168
2.3 0.374168
2.4 0.374168
2.5 0.374168
2.6 0.374168
2.7 0.374168
2.8 0.374168
2.9 0.374168
3 0.374168
3.1 0.374168
3.2 0.374168
3.3 0.374168
3.4 0.374168
3.5 0.374168
3.6 0.374168
3.7 0.374167
3.8 0.374167
3.9 0.374167
4 0.374167
4.1 0.374167
4.2 0.374167
4.3 0.374167
4.4 0.374167
4.5 0.374168
4.6 0.374168
4.7 0.374168
4.8 0.374168
4.9 0.374168
5 0.374168
5.1 0.374169
5.2 0.374169
5.3 0.374169
5.4 0.37417
5.5 0.37417
5.6 0.37417
5.7 0.374171
5.8 0.374171
5.9 0.374171
6 0.374172
6.1 0.374172
6.2 0.374173
6.3 0.374173
6.4 0.374173
6.5 0.374174
6.6 0.374174
6.7 0.374174
6.8 0.374175
6.9 0.374175
7 0.374175
7.1 0.374175
7.2 0.374175
7.3 0.374175
7.4 0.374175
7.5 0.374175
7.6 0.374175
7.7 0.374175
7.8 0.374175
7.9 0.374175
8 0.374175
8.1 0.374175
8.2 0.374174
8.3 0.374174
8.4 0.374174
8.5 0.374174
8.6 0.374174
8.7 0.374173
8.8 0.374173
8.9 0.374173
9 0.374173
9.1 0.374173
9.2 0.374173
9.3 0.374173
9.4 0.374173
9.5 0.374173
9.6 0.374173
9.7 0.374173
9.8 0.374173
9.9 0.374173
10 0.374173
10.1 0.374174
10.2 0.374174
10.3 0.374174
10.4 0.374174
10.5 0.374174
10.6 0.374174
10.7 0.374174
10.8 0.374174
10.9 0.374175
11 0.374175
11.1 0.374175
11.2 0.374175
11.3 0.374174
11.4 0.374174
11.5 0.374174
11.6 0.374174
11.7 0.374173
11.8 0.374173
11.9 0.374173
12 0.374172
12.1 0.374171
12.2 0.374171
12.3 0.37417
12.4 0.374169
12.5 0.374168
12.6 0.374167
12.7 0.374167
12.8 0.374166
12.9 0.374165
13 0.374164
13.1 0.374163
13.2 0.374162
13.3 0.374161
13.4 0.37416
13.5 0.374159
13.6 0.374158
13.7 0.374157
13.8 0.374156
13.9 0.374155
14 0.374154
14.1 0.374154
14.2 0.374153
14.3 0.374152
14.4 0.374151
14.5 0.37415
14.6 0.37415
14.7 0.374149
14.8 0.374148
14.9 0.374148
15 0.374147
15.1 0.374146
15.2 0.374145
15.3 0.374144
15.4 0.374143
15.5 0.374142
15.6 0.374142
15.7 0.374141
15.8 0.37414
15.9 0.374139
16 0.374138
16.1 0.374136
16.2 0.374135
16.3 0.374134
16.4 0.374133
16.5 0.374131
16.6 0.37413
16.7 0.374129
16.8 0.374127
16.9 0.374126
17 0.374124
17.1 0.374123
17.2 0.374122
17.3 0.37412
17.4 0.374119
17.5 0.374117
17.6 0.374116
17.7 0.374114
17.8 0.374112
17.9 0.374111
18 0.37411
18.1 0.374108
18.2 0.374107
18.3 0.374105
18.4 0.374104
18.5 0.374103
18.6 0.374101
18.7 0.3741
18.8 0.374098
18.9 0.374097
19 0.374095
19.1 0.374094
19.2 0.374093
19.3 0.374091
19.4 0.37409
19.5 0.374089
19.6 0.374087
19.7 0.374085
19.8 0.374084
19.9 0.374083
20 0.374081
20.1 0.374079
20.2 0.374078
20.3 0.374077
20.4 0.374075
20.5 0.374074
20.6 0.374072
20.7 0.374071
20.8 0.374069
20.9 0.374068
21 0.374066
21.1 0.374065
21.2 0.374063
21.3 0.374062
21.4 0.374061
21.5 0.374059
21.6 0.374058
21.7 0.374057
21.8 0.374055
21.9 0.374054
22 0.374053
22.1 0.374052
22.2 0.374051
22.3 0.37405
22.4 0.374049
22.5 0.374047
22.6 0.374046
22.7 0.374045
22.8 0.374044
22.9 0.374044
23 0.374043
23.1 0.374041
23.2 0.37404
23.3 0.37404
23.4 0.374039
23.5 0.374038
23.6 0.374036
23.7 0.374036
23.8 0.374035
23.9 0.374034
24 0.374032
24.1 0.374032
24.2 0.374031
24.3 0.374029
24.4 0.374029
24.5 0.374028
24.6 0.374026
24.7 0.374026
24.8 0.374025
24.9 0.374024
25 0.374023
25.1 0.374022
25.2 0.374021
25.3 0.37402
25.4 0.37402
25.5 0.374019
25.6 0.374018
25.7 0.374018
25.8 0.374017
25.9 0.374017
26 0.374016
26.1 0.374015
26.2 0.374015
26.3 0.374015
26.4 0.374015
26.5 0.374014
26.6 0.374014
26.7 0.374014
26.8 0.374014
26.9 0.374014
27 0.374014
27.1 0.374014
27.2 0.374014
27.3 0.374014
27.4 0.374014
27.5 0.374015
27.6 0.374015
27.7 0.374015
27.8 0.374015
27.9 0.374015
28 0.374016
28.1 0.374016
28.2 0.374016
28.3 0.374016
28.4 0.374016
28.5 0.374017
28.6 0.374017
28.7 0.374017
28.8 0.374017
28.9 0.374018
29 0.374018
29.1 0.374018
29.2 0.374018
29.3 0.374019
29.4 0.374019
29.5 0.374019
29.6 0.37402
29.7 0.37402
29.8 0.374021
29.9 0.374021
30 0.374022
30.1 0.374022
30.2 0.374023
30.3 0.374024
30.4 0.374025
30.5 0.374025
30.6 0.374026
30.7 0.374028
30.8 0.374029
30.9 0.37403
31 0.374031
31.1 0.374033
31.2 0.374034
31.3 0.374036
31.4 0.374038
31.5 0.374039
31.6 0.374041
31.7 0.374043
31.8 0.374045
31.9 0.374047
32 0.37405
32.1 0.374052
32.2 0.374054
32.3 0.374057
32.4 0.374059
32.5 0.374062
32.6 0.374064
32.7 0.374067
32.8 0.37407
32.9 0.374072
33 0.374075
33.1 0.374078
33.2 0.374081
33.3 0.374084
33.4 0.374087
33.5 0.37409
33.6 0.374093
33.7 0.374096
33.8 0.374099
33.9 0.374102
34 0.374105
34.1 0.374109
34.2 0.374112
34.3 0.374116
34.4 0.374119
34.5 0.374123
34.6 0.374127
34.7 0.374131
34.8 0.374135
34.9 0.374139
35 0.374144
35.1 0.374148
35.2 0.374152
35.3 0.374157
35.4 0.374162
35.5 0.374167
35.6 0.374173
35.7 0.374178
35.8 0.374184
35.9 0.37419
36 0.374196
36.1 0.374202
36.2 0.374209
36.3 0.374216
36.4 0.374222
36.5 0.374229
36.6 0.374236
36.7 0.374244
36.8 0.374252
36.9 0.374259
37 0.374267
37.1 0.374275
37.2 0.374283
37.3 0.374291
37.4 0.3743
37.5 0.374308
37.6 0.374317
37.7 0.374326
37.8 0.374335
37.9 0.374344
38 0.374353
38.1 0.374362
38.2 0.374371
38.3 0.374381
38.4 0.37439
38.5 0.3744
38.6 0.374409
38.7 0.374419
38.8 0.374429
38.9 0.374439
39 0.374449
39.1 0.374459
39.2 0.37447
39.3 0.37448
39.4 0.374491
39.5 0.374502
39.6 0.374513
39.7 0.374524
39.8 0.374536
39.9 0.374547
40 0.374559
40.1 0.374571
40.2 0.374584
40.3 0.374596
40.4 0.374609
40.5 0.374622
40.6 0.374635
40.7 0.374648
40.8 0.374662
40.9 0.374675
41 0.374689
41.1 0.374704
41.2 0.374718
41.3 0.374733
41.4 0.374747
41.5 0.374762
41.6 0.374778
41.7 0.374793
41.8 0.374808
41.9 0.374824
42 0.374839
42.1 0.374855
42.2 0.374871
42.3 0.374887
42.4 0.374903
42.5 0.374919
42.6 0.374935
42.7 0.374952
42.8 0.374968
42.9 0.374985
43 0.375001
43.1 0.375017
43.2 0.375034
43.3 0.375051
43.4 0.375067
43.5 0.375084
43.6 0.3751
43.7 0.375117
43.8 0.375134
43.9 0.37515
44 0.375167
44.1 0.375184
44.2 0.375201
44.3 0.375218
44.4 0.375235
44.5 0.375252
44.6 0.37527
44.7 0.375287
44.8 0.375304
44.9 0.375322
45 0.375339
45.1 0.375356
45.2 0.375374
45.3 0.375391
45.4 0.375409
45.5 0.375427
45.6 0.375444
45.7 0.375462
45.8 0.375479
45.9 0.375497
46 0.375515
46.1 0.375533
46.2 0.37555
46.3 0.375568
46.4 0.375585
46.5 0.375603
46.6 0.37562
46.7 0.375638
46.8 0.375655
46.9 0.375672
47 0.375689
47.1 0.375706
47.2 0.375723
47.3 0.375739
47.4 0.375756
47.5 0.375772
47.6 0.375789
47.7 0.375805
47.8 0.375821
47.9 0.375837
48 0.375852
48.1 0.375868
48.2 0.375884
48.3 0.375899
48.4 0.375914
48.5 0.375929
48.6 0.375944
48.7 0.375958
48.8 0.375973
48.9 0.375988
49 0.376002
49.1 0.376016
49.2 0.37603
49.3 0.376044
49.4 0.376058
49.5 0.376071
49.6 0.376084
49.7 0.376098
49.8 0.37611
49.9 0.376123
50 0.376136
50.1 0.376148
50.2 0.37616
50.3 0.376171
50.4 0.376183
50.5 0.376194
50.6 0.376205
50.7 0.376215
50.8 0.376225
50.9 0.376235
51 0.376245
51.1 0.376254
51.2 0.376262
51.3 0.37627
51.4 0.376278
51.5 0.376286
51.6 0.376293
51.7 0.376299
51.8 0.376306
51.9 0.376312
52 0.376317
52.1 0.376322
52.2 0.376327
52.3 0.376332
52.4 0.376335
52.5 0.376339
52.6 0.376343
52.7 0.376346
52.8 0.376349
52.9 0.376351
53 0.376353
53.1 0.376355
53.2 0.376357
53.3 0.376358
53.4 0.376359
53.5 0.37636
53.6 0.376361
53.7 0.376361
53.8 0.376362
53.9 0.376361
54 0.376361
54.1 0.37636
54.2 0.37636
54.3 0.376358
54.4 0.376357
54.5 0.376355
54.6 0.376353
54.7 0.376351
54.8 0.376348
54.9 0.376345
55 0.376342
55.1 0.376338
55.2 0.376334
55.3 0.376329
55.4 0.376324
55.5 0.376318
55.6 0.376311
55.7 0.376305
55.8 0.376297
55.9 0.376289
56 0.376281
56.1 0.376272
56.2 0.376263
56.3 0.376252
56.4 0.376241
56.5 0.37623
56.6 0.376218
56.7 0.376206
56.8 0.376193
56.9 0.376179
57 0.376165
57.1 0.376151
57.2 0.376136
57.3 0.37612
57.4 0.376105
57.5 0.376088
57.6 0.376072
57.7 0.376055
57.8 0.376038
57.9 0.37602
58 0.376002
58.1 0.375985
58.2 0.375966
58.3 0.375948
58.4 0.375929
58.5 0.375911
58.6 0.375892
58.7 0.375873
58.8 0.375854
58.9 0.375834
59 0.375815
59.1 0.375796
59.2 0.375776
59.3 0.375756
59.4 0.375737
59.5 0.375716
59.6 0.375696
59.7 0.375676
59.8 0.375655
59.9 0.375635
60 0.375614
60.1 0.375592
60.2 0.375571
60.3 0.375549
60.4 0.375527
60.5 0.375505
60.6 0.375482
60.7 0.375459
60.8 0.375435
60.9 0.375412
61 0.375388
61.1 0.375363
61.2 0.375338
61.3 0.375313
61.4 0.375288
61.5 0.375262
61.6 0.375236
61.7 0.375209
61.8 0.375183
61.9 0.375156
62 0.375129
62.1 0.375101
62.2 0.375074
62.3 0.375046
62.4 0.375018
62.5 0.37499
62.6 0.374962
62.7 0.374934
62.8 0.374906
62.9 0.374879
63 0.374851
63.1 0.374823
63.2 0.374796
63.3 0.374768
63.4 0.374741
63.5 0.374715
63.6 0.374688
63.7 0.374662
63.8 0.374636
63.9 0.37461
64 0.374585
64.1 0.37456
64.2 0.374535
64.3 0.374511
64.4 0.374487
64.5 0.374463
64.6 0.37444
64.7 0.374418
64.8 0.374395
64.9 0.374373
65 0.374352
65.1 0.374331
65.2 0.37431
65.3 0.37429
65.4 0.37427
65.5 0.37425
65.6 0.374231
65.7 0.374213
65.8 0.374195
65.9 0.374177
66 0.37416
66.1 0.374144
66.2 0.374127
66.3 0.374112
66.4 0.374097
66.5 0.374082
66.6 0.374069
66.7 0.374056
66.8 0.374043
66.9 0.374032
67 0.37402
67.1 0.37401
67.2 0.374001
67.3 0.373993
67.4 0.373985
67.5 0.373978
67.6 0.373973
67.7 0.373968
67.8 0.373964
67.9 0.373961
68 0.37396
68.1 0.373959
68.2 0.37396
68.3 0.373962
68.4 0.373965
68.5 0.373969
68.6 0.373974
68.7 0.373981
68.8 0.373989
68.9 0.373998
69 0.374008
69.1 0.37402
69.2 0.374033
69.3 0.374047
69.4 0.374063
69.5 0.37408
69.6 0.374098
69.7 0.374117
69.8 0.374139
69.9 0.374161
70 0.374185
70.1 0.37421
70.2 0.374236
70.3 0.374264
70.4 0.374294
70.5 0.374324
70.6 0.374356
70.7 0.37439
70.8 0.374425
70.9 0.374462
71 0.3745
71.1 0.37454
71.2 0.374581
71.3 0.374624
71.4 0.374668
71.5 0.374714
71.6 0.374761
71.7 0.374811
71.8 0.374861
71.9 0.374913
72 0.374967
72.1 0.375023
72.2 0.37508
72.3 0.375139
72.4 0.375199
72.5 0.375261
72.6 0.375325
72.7 0.37539
72.8 0.375457
72.9 0.375525
73 0.375594
73.1 0.375666
73.2 0.375738
73.3 0.375812
73.4 0.375887
73.5 0.375964
73.6 0.376042
73.7 0.376121
73.8 0.376201
73.9 0.376283
74 0.376365
74.1 0.376449
74.2 0.376533
74.3 0.376618
74.4 0.376705
74.5 0.376792
74.6 0.37688
74.7 0.376968
74.8 0.377057
74.9 0.377147
75 0.377237
75.1 0.377328
75.2 0.377419
75.3 0.37751
75.4 0.377602
75.5 0.377694
75.6 0.377787
75.7 0.37788
75.8 0.377972
75.9 0.378065
76 0.378158
76.1 0.378251
76.2 0.378343
76.3 0.378436
76.4 0.378528
76.5 0.37862
76.6 0.378711
76.7 0.378802
76.8 0.378893
76.9 0.378983
77 0.379072
77.1 0.379161
77.2 0.379248
77.3 0.379336
77.4 0.379421
77.5 0.379506
77.6 0.37959
77.7 0.379672
77.8 0.379753
77.9 0.379832
78 0.37991
78.1 0.379986
78.2 0.38006
78.3 0.380133
78.4 0.380204
78.5 0.380272
78.6 0.380339
78.7 0.380403
78.8 0.380465
78.9 0.380525
79 0.380583
79.1 0.380638
79.2 0.38069
79.3 0.38074
79.4 0.380788
79.5 0.380833
79.6 0.380876
79.7 0.380915
79.8 0.380952
79.9 0.380987
80 0.381019
80.1 0.381048
80.2 0.381074
80.3 0.381097
80.4 0.381118
80.5 0.381137
80.6 0.381152
80.7 0.381165
80.8 0.381176
80.9 0.381184
81 0.381189
81.1 0.381192
81.2 0.381191
81.3 0.381189
81.4 0.381184
81.5 0.381177
81.6 0.381167
81.7 0.381155
81.8 0.38114
81.9 0.381123
82 0.381104
82.1 0.381082
82.2 0.381058
82.3 0.381032
82.4 0.381003
82.5 0.380972
82.6 0.380939
82.7 0.380904
82.8 0.380866
82.9 0.380827
83 0.380785
83.1 0.380741
83.2 0.380695
83.3 0.380647
83.4 0.380596
83.5 0.380544
83.6 0.38049
83.7 0.380434
83.8 0.380376
83.9 0.380316
84 0.380254
84.1 0.38019
84.2 0.380125
84.3 0.380058
84.4 0.379989
84.5 0.379919
84.6 0.379848
84.7 0.379775
84.8 0.3797
84.9 0.379625
85 0.379548
85.1 0.37947
85.2 0.379391
85.3 0.379311
85.4 0.37923
85.5 0.379148
85.6 0.379066
85.7 0.378982
85.8 0.378899
85.9 0.378814
86 0.37873
86.1 0.378645
86.2 0.378559
86.3 0.378474
86.4 0.378388
86.5 0.378302
86.6 0.378217
86.7 0.378131
86.8 0.378045
86.9 0.37796
87 0.377875
87.1 0.37779
87.2 0.377706
87.3 0.377622
87.4 0.377538
87.5 0.377455
87.6 0.377373
87.7 0.377291
87.8 0.377209
87.9 0.377129
88 0.377049
88.1 0.376969
88.2 0.376891
88.3 0.376813
88.4 0.376736
88.5 0.37666
88.6 0.376585
88.7 0.37651
88.8 0.376437
88.9 0.376364
89 0.376292
89.1 0.376222
89.2 0.376152
89.3 0.376082
89.4 0.376015
89.5 0.375948
89.6 0.375881
89.7 0.375817
89.8 0.375753
89.9 0.37569
90 0.375628
90.1 0.375567
90.2 0.375507
90.3 0.375448
90.4 0.375391
90.5 0.375334
90.6 0.375279
90.7 0.375224
90.8 0.375171
90.9 0.375119
91 0.375067
91.1 0.375017
91.2 0.374969
91.3 0.374921
91.4 0.374875
91.5 0.374829
91.6 0.374786
91.7 0.374743
91.8 0.374701
91.9 0.37466
92 0.374621
92.1 0.374583
92.2 0.374546
92.3 0.37451
92.4 0.374475
92.5 0.374441
92.6 0.374409
92.7 0.374378
92.8 0.374348
92.9 0.374319
93 0.374292
93.1 0.374266
93.2 0.37424
93.3 0.374216
93.4 0.374193
93.5 0.374171
93.6 0.374151
93.7 0.374131
93.8 0.374113
93.9 0.374095
94 0.374079
94.1 0.374064
94.2 0.37405
94.3 0.374037
94.4 0.374025
94.5 0.374014
94.6 0.374004
94.7 0.373995
94.8 0.373987
94.9 0.37398
95 0.373975
95.1 0.37397
95.2 0.373966
95.3 0.373963
95.4 0.373961
95.5 0.37396
95.6 0.37396
95.7 0.37396
95.8 0.373962
95.9 0.373964
96 0.373967
96.1 0.373972
96.2 0.373977
96.3 0.373983
96.4 0.373989
96.5 0.373997
96.6 0.374005
96.7 0.374014
96.8 0.374024
96.9 0.374035
97 0.374047
97.1 0.374059
97.2 0.374072
97.3 0.374086
97.4 0.374101
97.5 0.374116
97.6 0.374132
97.7 0.374149
97.8 0.374166
97.9 0.374185
98 0.374204
98.1 0.374223
98.2 0.374244
98.3 0.374265
98.4 0.374287
98.5 0.374309
98.6 0.374333
98.7 0.374356
98.8 0.374381
98.9 0.374406
99 0.374432
99.1 0.374458
99.2 0.374485
99.3 0.374513
99.4 0.374541
99.5 0.37457
99.6 0.3746
99.7 0.37463
99.8 0.37466
99.9 0.374692
100 0.374724
100.1 0.374756
100.2 0.374789
100.3 0.374823
100.4 0.374857
100.5 0.374892
100.6 0.374927
100.7 0.374963
100.8 0.374999
100.9 0.375036
101 0.375073
101.1 0.375111
101.2 0.37515
101.3 0.375188
101.4 0.375228
101.5 0.375268
101.6 0.375308
101.7 0.375349
101.8 0.37539
101.9 0.375432
102 0.375474
102.1 0.375517
102.2 0.37556
102.3 0.375604
102.4 0.375648
102.5 0.375693
102.6 0.375738
102.7 0.375784
102.8 0.375829
102.9 0.375876
103 0.375923
103.1 0.37597
103.2 0.376018
103.3 0.376067
103.4 0.376115
103.5 0.376165
103.6 0.376215
103.7 0.376265
103.8 0.376316
103.9 0.376367
104 0.376419
104.1 0.376471
104.2 0.376524
104.3 0.376577
104.4 0.376631
104.5 0.376685
104.6 0.37674
104.7 0.376795
104.8 0.376851
104.9 0.376907
105 0.376964
105.1 0.377022
105.2 0.37708
105.3 0.377138
105.4 0.377198
105.5 0.377257
105.6 0.377318
105.7 0.377379
105.8 0.37744
105.9 0.377502
106 0.377565
106.1 0.377628
106.2 0.377692
106.3 0.377756
106.4 0.377821
106.5 0.377887
106.6 0.377953
106.7 0.37802
106.8 0.378088
106.9 0.378156
107 0.378225
107.1 0.378295
107.2 0.378365
107.3 0.378436
107.4 0.378507
107.5 0.37858
107.6 0.378652
107.7 0.378726
107.8 0.3788
107.9 0.378875
108 0.378951
108.1 0.379027
108.2 0.379104
108.3 0.379182
108.4 0.379261
108.5 0.37934
108.6 0.37942
108.7 0.379501
108.8 0.379582
108.9 0.379665
109 0.379748
109.1 0.379832
109.2 0.379916
109.3 0.380002
109.4 0.380088
109.5 0.380176
109.6 0.380264
109.7 0.380353
109.8 0.380442
109.9 0.380533
110 0.380625
110.1 0.380717
110.2 0.380811
110.3 0.380905
110.4 0.381001
110.5 0.381097
110.6 0.381194
110.7 0.381293
110.8 0.381392
110.9 0.381493
111 0.381595
111.1 0.381698
111.2 0.381802
111.3 0.381907
111.4 0.382013
111.5 0.382121
111.6 0.38223
111.7 0.38234
111.8 0.382452
111.9 0.382565
112 0.382679
112.1 0.382795
112.2 0.382912
112.3 0.383031
112.4 0.383151
112.5 0.383273
112.6 0.383396
112.7 0.383521
112.8 0.383648
112.9 0.383776
113 0.383906
113.1 0.384038
113.2 0.384172
113.3 0.384308
113.4 0.384445
113.5 0.384584
113.6 0.384726
113.7 0.384869
113.8 0.385015
113.9 0.385163
114 0.385313
114.1 0.385465
114.2 0.385619
114.3 0.385776
114.4 0.385935
114.5 0.386097
114.6 0.386261
114.7 0.386428
114.8 0.386597
114.9 0.386769
115 0.386943
115.1 0.387121
115.2 0.387301
115.3 0.387484
115.4 0.38767
115.5 0.387859
115.6 0.388052
115.7 0.388247
115.8 0.388446
115.9 0.388648
116 0.388853
116.1 0.389063
116.2 0.389275
116.3 0.389491
116.4 0.389711
116.5 0.389935
116.6 0.390163
116.7 0.390394
116.8 0.39063
116.9 0.39087
117 0.391115
117.1 0.391363
117.2 0.391616
117.3 0.391874
117.4 0.392137
117.5 0.392405
117.6 0.392677
117.7 0.392955
117.8 0.393238
117.9 0.393527
118 0.393821
118.1 0.394121
118.2 0.394427
118.3 0.394738
118.4 0.395056
118.5 0.395381
118.6 0.395712
118.7 0.396049
118.8 0.396394
118.9 0.396746
119 0.397106
119.1 0.397472
119.2 0.397847
119.3 0.39823
119.4 0.398621
119.5 0.399021
119.6 0.399429
119.7 0.399847
119.8 0.400275
119.9 0.400711
120 0.401158
120.1 0.401615
120.2 0.402083
120.3 0.402562
120.4 0.403052
120.5 0.403554
120.6 0.404068
120.7 0.404595
120.8 0.405134
120.9 0.405688
121 0.406254
121.1 0.406836
121.2 0.407431
121.3 0.408043
121.4 0.40867
121.5 0.409314
121.6 0.409974
121.7 0.410652
121.8 0.411348
121.9 0.412063
122 0.412797
122.1 0.413551
122.2 0.414327
122.3 0.415124
122.4 0.415943
122.5 0.416785
122.6 0.417651
122.7 0.418542
122.8 0.419458
122.9 0.420402
123 0.421372
123.1 0.422372
123.2 0.423401
123.3 0.42446
123.4 0.425551
123.5 0.426675
123.6 0.427832
123.7 0.429025
123.8 0.430254
123.9 0.43152
124 0.432825
124.1 0.43417
124.2 0.435557
124.3 0.436987
124.4 0.43846
124.5 0.439979
124.6 0.441546
124.7 0.44316
124.8 0.444825
124.9 0.44654
125 0.448307
125.1 0.450129
125.2 0.452005
125.3 0.453938
125.4 0.455928
125.5 0.457977
125.6 0.460084
125.7 0.462251
125.8 0.464479
125.9 0.466767
126 0.469115
126.1 0.471523
126.2 0.47399
126.3 0.476514
126.4 0.479094
126.5 0.481725
126.6 0.484407
126.7 0.487132
126.8 0.489896
126.9 0.492692
127 0.495513
127.1 0.498348
127.2 0.501185
127.3 0.504011
127.4 0.50681
127.5 0.509565
127.6 0.512251
127.7 0.514847
127.8 0.517324
127.9 0.51965
128 0.52179
128.1 0.523705
128.2 0.52535
128.3 0.526679
128.4 0.527637
128.5 0.52817
128.6 0.528219
128.7 0.52772
128.8 0.526612
128.9 0.524831
129 0.522318
129.1 0.519017
129.2 0.514881
129.3 0.509875
129.4 0.503981
129.5 0.497201
129.6 0.489561
129.7 0.481119
129.8 0.471962
129.9 0.462219
130 0.452046
130.1 0.441643
130.2 0.431233
130.3 0.421063
130.4 0.411389
130.5 0.402463
130.6 0.394515
130.7 0.387738
130.8 0.382272
130.9 0.378192
131 0.375509
131.1 0.374166
131.2 0.374052
131.3 0.375015
131.4 0.376874
131.5 0.379439
131.6 0.382523
131.7 0.385951
131.8 0.389568
131.9 0.393242
132 0.396865
132.1 0.400352
132.2 0.40364
132.3 0.406685
132.4 0.409459
132.5 0.411946
132.6 0.414141
132.7 0.416046
132.8 0.41767
132.9 0.419028
133 0.420134
133.1 0.421006
133.2 0.421663
133.3 0.422124
133.4 0.422408
133.5 0.422532
133.6 0.422513
133.7 0.422368
133.8 0.422112
133.9 0.421759
134 0.421321
134.1 0.42081
134.2 0.420237
134.3 0.41961
134.4 0.41894
134.5 0.418233
134.6 0.417496
134.7 0.416735
134.8 0.415957
134.9 0.415164
135 0.414362
135.1 0.413555
135.2 0.412745
135.3 0.411936
135.4 0.41113
135.5 0.410328
135.6 0.409533
135.7 0.408747
135.8 0.40797
135.9 0.407204
136 0.40645
136.1 0.405707
136.2 0.404978
136.3 0.404263
136.4 0.403561
136.5 0.402873
136.6 0.4022
136.7 0.401541
136.8 0.400896
136.9 0.400266
137 0.399651
137.1 0.39905
137.2 0.398463
137.3 0.39789
137.4 0.397331
137.5 0.396785
137.6 0.396253
137.7 0.395735
137.8 0.395229
137.9 0.394736
138 0.394255
138.1 0.393787
138.2 0.393331
138.3 0.392886
138.4 0.392452
138.5 0.39203
138.6 0.391619
138.7 0.391218
138.8 0.390826
138.9 0.390446
139 0.390075
139.1 0.389713
139.2 0.389361
139.3 0.389017
139.4 0.388683
139.5 0.388357
139.6 0.388039
139.7 0.387729
139.8 0.387427
139.9 0.387133
140 0.386846
140.1 0.386566
140.2 0.386294
140.3 0.386027
140.4 0.385768
140.5 0.385515
140.6 0.385268
140.7 0.385027
140.8 0.384792
140.9 0.384564
141 0.38434
141.1 0.384122
141.2 0.383909
141.3 0.383701
141.4 0.383499
141.5 0.383301
141.6 0.383107
141.7 0.382919
141.8 0.382734
141.9 0.382554
142 0.382379
142.1 0.382207
142.2 0.382039
142.3 0.381876
142.4 0.381716
142.5 0.381559
142.6 0.381407
142.7 0.381257
142.8 0.381111
142.9 0.380969
143 0.380829
143.1 0.380693
143.2 0.38056
143.3 0.380429
143.4 0.380302
143.5 0.380177
143.6 0.380055
143.7 0.379936
143.8 0.37982
143.9 0.379705
144 0.379594
144.1 0.379485
144.2 0.379378
144.3 0.379273
144.4 0.379171
144.5 0.37907
144.6 0.378972
144.7 0.378876
144.8 0.378782
144.9 0.37869
145 0.3786
145.1 0.378512
145.2 0.378425
145.3 0.37834
145.4 0.378257
145.5 0.378176
145.6 0.378096
145.7 0.378018
145.8 0.377942
145.9 0.377867
146 0.377794
146.1 0.377722
146.2 0.377651
146.3 0.377582
146.4 0.377514
146.5 0.377448
146.6 0.377383
146.7 0.377319
146.8 0.377257
146.9 0.377195
147 0.377135
147.1 0.377076
147.2 0.377018
147.3 0.376962
147.4 0.376906
147.5 0.376851
147.6 0.376798
147.7 0.376745
147.8 0.376694
147.9 0.376643
148 0.376594
148.1 0.376545
148.2 0.376497
148.3 0.37645
148.4 0.376404
148.5 0.376359
148.6 0.376315
148.7 0.376272
148.8 0.376229
148.9 0.376187
149 0.376146
149.1 0.376105
149.2 0.376066
149.3 0.376027
149.4 0.375989
149.5 0.375951
149.6 0.375914
149.7 0.375878
149.8 0.375843
149.9 0.375808
150 0.375773
150.1 0.37574
150.2 0.375707
150.3 0.375674
150.4 0.375643
150.5 0.375611
150.6 0.37558
150.7 0.37555
150.8 0.37552
150.9 0.375491
151 0.375463
151.1 0.375435
151.2 0.375407
151.3 0.37538
151.4 0.375353
151.5 0.375327
151.6 0.375301
151.7 0.375276
151.8 0.375251
151.9 0.375226
152 0.375202
152.1 0.375179
152.2 0.375155
152.3 0.375133
152.4 0.375111
152.5 0.375088
152.6 0.375067
152.7 0.375045
152.8 0.375025
152.9 0.375004
153 0.374984
153.1 0.374964
153.2 0.374945
153.3 0.374925
153.4 0.374906
153.5 0.374888
153.6 0.37487
153.7 0.374852
153.8 0.374834
153.9 0.374817
154 0.3748
154.1 0.374783
154.2 0.374767
154.3 0.37475
154.4 0.374735
154.5 0.374719
154.6 0.374704
154.7 0.374689
154.8 0.374674
154.9 0.374659
155 0.374645
155.1 0.374631
155.2 0.374617
155.3 0.374603
155.4 0.37459
155.5 0.374577
155.6 0.374564
155.7 0.374551
155.8 0.374539
155.9 0.374527
156 0.374514
156.1 0.374503
156.2 0.374491
156.3 0.374479
156.4 0.374468
156.5 0.374457
156.6 0.374446
156.7 0.374435
156.8 0.374425
156.9 0.374415
157 0.374405
157.1 0.374395
157.2 0.374385
157.3 0.374375
157.4 0.374365
157.5 0.374356
157.6 0.374347
157.7 0.374338
157.8 0.37433
157.9 0.374321
158 0.374312
158.1 0.374304
158.2 0.374295
158.3 0.374288
158.4 0.37428
158.5 0.374272
158.6 0.374264
158.7 0.374257
158.8 0.374249
158.9 0.374242
159 0.374235
159.1 0.374228
159.2 0.374221
159.3 0.374214
159.4 0.374208
159.5 0.374201
159.6 0.374195
159.7 0.374189
159.8 0.374183
159.9 0.374176
160 0.374171
160.1 0.374165
160.2 0.374159
160.3 0.374154
160.4 0.374148
160.5 0.374142
160.6 0.374137
160.7 0.374132
160.8 0.374127
160.9 0.374122
161 0.374117
161.1 0.374113
161.2 0.374108
161.3 0.374103
161.4 0.374099
161.5 0.374094
161.6 0.37409
161.7 0.374086
161.8 0.374082
161.9 0.374078
162 0.374074
162.1 0.37407
162.2 0.374066
162.3 0.374062
162.4 0.374059
162.5 0.374055
162.6 0.374052
162.7 0.374048
162.8 0.374045
162.9 0.374042
163 0.374039
163.1 0.374036
163.2 0.374033
163.3 0.37403
163.4 0.374027
163.5 0.374024
163.6 0.374021
163.7 0.374019
163.8 0.374016
163.9 0.374014
164 0.374011
164.1 0.374009
164.2 0.374007
164.3 0.374004
164.4 0.374002
164.5 0.374
164.6 0.373998
164.7 0.373996
164.8 0.373994
164.9 0.373992
165 0.37399
165.1 0.373989
165.2 0.373987
165.3 0.373985
165.4 0.373984
165.5 0.373982
165.6 0.373981
165.7 0.373979
165.8 0.373978
165.9 0.373977
166 0.373975
166.1 0.373974
166.2 0.373973
166.3 0.373972
166.4 0.373971
166.5 0.37397
166.6 0.373969
166.7 0.373968
166.8 0.373967
166.9 0.373966
167 0.373965
167.1 0.373965
167.2 0.373964
167.3 0.373964
167.4 0.373963
167.5 0.373962
167.6 0.373962
167.7 0.373961
167.8 0.373961
167.9 0.373961
168 0.37396
168.1 0.37396
168.2 0.37396
168.3 0.37396
168.4 0.37396
168.5 0.37396
168.6 0.373959
168.7 0.373959
168.8 0.373959
168.9 0.37396
169 0.373959
169.1 0.37396
169.2 0.37396
169.3 0.37396
169.4 0.37396
169.5 0.373961
169.6 0.373961
169.7 0.373961
169.8 0.373962
169.9 0.373962
170 0.373962
170.1 0.373963
170.2 0.373964
170.3 0.373964
170.4 0.373965
170.5 0.373966
170.6 0.373966
170.7 0.373967
170.8 0.373968
170.9 0.373968
171 0.373969
171.1 0.37397
171.2 0.373971
171.3 0.373972
171.4 0.373973
171.5 0.373974
171.6 0.373975
171.7 0.373976
171.8 0.373977
171.9 0.373978
172 0.373979
172.1 0.373981
172.2 0.373982
172.3 0.373983
172.4 0.373984
172.5 0.373986
172.6 0.373987
172.7 0.373988
172.8 0.37399
172.9 0.373991
173 0.373993
173.1 0.373994
173.2 0.373996
173.3 0.373997
173.4 0.373999
173.5 0.374
173.6 0.374002
173.7 0.374004
173.8 0.374006
173.9 0.374007
174 0.374009
174.1 0.374011
174.2 0.374013
174.3 0.374015
174.4 0.374016
174.5 0.374018
174.6 0.37402
174.7 0.374022
174.8 0.374024
174.9 0.374026
175 0.374028
175.1 0.37403
175.2 0.374032
175.3 0.374035
175.4 0.374036
175.5 0.374039
175.6 0.374041
175.7 0.374043
175.8 0.374046
175.9 0.374048
176 0.37405
176.1 0.374052
176.2 0.374055
176.3 0.374057
176.4 0.37406
176.5 0.374062
176.6 0.374065
176.7 0.374067
176.8 0.37407
176.9 0.374072
177 0.374075
177.1 0.374078
177.2 0.37408
177.3 0.374083
177.4 0.374086
177.5 0.374088
177.6 0.374091
177.7 0.374094
177.8 0.374097
177.9 0.374099
178 0.374102
178.1 0.374105
178.2 0.374108
178.3 0.374111
178.4 0.374114
178.5 0.374117
178.6 0.37412
178.7 0.374123
178.8 0.374126
178.9 0.374129
179 0.374133
179.1 0.374136
179.2 0.374139
179.3 0.374142
179.4 0.374146
179.5 0.374149
179.6 0.374152
179.7 0.374156
179.8 0.374159
179.9 0.374162
