0.1 0.200001
0.2 0.200003
0.3 0.200004
0.4 0.200006
0.5 0.200007
0.6 0.200009
0.7 0.20001
0.8 0.200012
0.9 0.200014
1 0.200015
1.1 0.200017
1.2 0.200019
1.3 0.200021
1.4 0.200023
1.5 0.200025
1.6 0.200027
1.7 0.200029
1.8 0.200031
1.9 0.200033
2 0.200035
2.1 0.200037
2.2 0.200039
2.3 0.200041
2.4 0.200043
2.5 0.200045
2.6 0.200047
2.7 0.200049
2.8 0.200051
2.9 0.200053
3 0.200055
3.1 0.200057
3.2 0.200058
3.3 0.20006
3.4 0.200062
3.5 0.200064
3.6 0.200065
3.7 0.200067
3.8 0.200069
3.9 0.200071
4 0.200073
4.1 0.200075
4.2 0.200077
4.3 0.20008
4.4 0.200082
4.5 0.200085
4.6 0.200088
4.7 0.200092
4.8 0.200095
4.9 0.200099
5 0.200104
5.1 0.200108
5.2 0.200113
5.3 0.200119
5.4 0.200125
5.5 0.200131
5.6 0.200137
5.7 0.200144
5.8 0.20015
5.9 0.200158
6 0.200165
6.1 0.200172
6.2 0.20018
6.3 0.200187
6.4 0.200195
6.5 0.200202
6.6 0.200209
6.7 0.200216
6.8 0.200223
6.9 0.20023
7 0.200236
7.1 0.200242
7.2 0.200247
7.3 0.200252
7.4 0.200257
7.5 0.200261
7.6 0.200265
7.7 0.200268
7.8 0.200271
7.9 0.200274
8 0.200276
8.1 0.200278
8.2 0.20028
8.3 0.200281
8.4 0.200283
8.5 0.200284
8.6 0.200286
8.7 0.200288
8.8 0.20029
8.9 0.200292
9 0.200295
9.1 0.200298
9.2 0.200302
9.3 0.200306
9.4 0.200311
9.5 0.200316
9.6 0.200322
9.7 0.200329
9.8 0.200336
9.9 0.200344
10 0.200352
10.1 0.200361
10.2 0.20037
10.3 0.200379
10.4 0.200388
10.5 0.200398
10.6 0.200407
10.7 0.200416
10.8 0.200425
10.9 0.200434
11 0.200442
11.1 0.200449
11.2 0.200455
11.3 0.200461
11.4 0.200465
11.5 0.200469
11.6 0.200471
11.7 0.200472
11.8 0.200472
11.9 0.200471
12 0.200468
12.1 0.200464
12.2 0.20046
12.3 0.200454
12.4 0.200447
12.5 0.200439
12.6 0.20043
12.7 0.200421
12.8 0.200411
12.9 0.2004
13 0.200389
13.1 0.200378
13.2 0.200367
13.3 0.200356
13.4 0.200345
13.5 0.200334
13.6 0.200323
13.7 0.200313
13.8 0.200303
13.9 0.200294
14 0.200286
14.1 0.200278
14.2 0.20027
14.3 0.200263
14.4 0.200257
14.5 0.200251
14.6 0.200245
14.7 0.200239
14.8 0.200234
14.9 0.200229
15 0.200223
15.1 0.200218
15.2 0.200212
15.3 0.200205
15.4 0.200198
15.5 0.20019
15.6 0.200182
15.7 0.200172
15.8 0.200161
15.9 0.20015
16 0.200137
16.1 0.200122
16.2 0.200107
16.3 0.20009
16.4 0.200071
16.5 0.200051
16.6 0.20003
16.7 0.200008
16.8 0.199984
16.9 0.19996
17 0.199934
17.1 0.199907
17.2 0.199879
17.3 0.199851
17.4 0.199822
17.5 0.199792
17.6 0.199762
17.7 0.199732
17.8 0.199701
17.9 0.19967
18 0.199639
18.1 0.199608
18.2 0.199578
18.3 0.199547
18.4 0.199517
18.5 0.199486
18.6 0.199456
18.7 0.199426
18.8 0.199396
18.9 0.199367
19 0.199337
19.1 0.199308
19.2 0.199278
19.3 0.199249
19.4 0.199219
19.5 0.199189
19.6 0.199159
19.7 0.199128
19.8 0.199097
19.9 0.199065
20 0.199033
20.1 0.199
20.2 0.198967
20.3 0.198932
20.4 0.198897
20.5 0.198861
20.6 0.198824
20.7 0.198787
20.8 0.198748
20.9 0.198709
21 0.198669
21.1 0.198629
21.2 0.198587
21.3 0.198545
21.4 0.198503
21.5 0.19846
21.6 0.198417
21.7 0.198373
21.8 0.198329
21.9 0.198285
22 0.198241
22.1 0.198197
22.2 0.198153
22.3 0.198109
22.4 0.198064
22.5 0.19802
22.6 0.197976
22.7 0.197932
22.8 0.197888
22.9 0.197844
23 0.1978
23.1 0.197757
23.2 0.197713
23.3 0.197669
23.4 0.197625
23.5 0.197582
23.6 0.197537
23.7 0.197493
23.8 0.197449
23.9 0.197404
24 0.197359
24.1 0.197314
24.2 0.197269
24.3 0.197223
24.4 0.197177
24.5 0.197131
24.6 0.197084
24.7 0.197038
24.8 0.196991
24.9 0.196944
25 0.196897
25.1 0.196851
25.2 0.196804
25.3 0.196758
25.4 0.196712
25.5 0.196666
25.6 0.196621
25.7 0.196577
25.8 0.196533
25.9 0.196491
26 0.196449
26.1 0.196408
26.2 0.196367
26.3 0.196328
26.4 0.19629
26.5 0.196253
26.6 0.196218
26.7 0.196183
26.8 0.196149
26.9 0.196116
27 0.196085
27.1 0.196054
27.2 0.196024
27.3 0.195995
27.4 0.195966
27.5 0.195938
27.6 0.195911
27.7 0.195884
27.8 0.195858
27.9 0.195831
28 0.195806
28.1 0.19578
28.2 0.195754
28.3 0.195728
28.4 0.195703
28.5 0.195677
28.6 0.195652
28.7 0.195626
28.8 0.1956
28.9 0.195575
29 0.19555
29.1 0.195525
29.2 0.1955
29.3 0.195476
29.4 0.195452
29.5 0.195428
29.6 0.195406
29.7 0.195385
29.8 0.195364
29.9 0.195345
30 0.195327
30.1 0.195311
30.2 0.195296
30.3 0.195283
30.4 0.195272
30.5 0.195263
30.6 0.195256
30.7 0.195251
30.8 0.195248
30.9 0.195248
31 0.19525
31.1 0.195253
31.2 0.19526
31.3 0.195268
31.4 0.195279
31.5 0.195291
31.6 0.195305
31.7 0.195322
31.8 0.19534
31.9 0.19536
32 0.195381
32.1 0.195403
32.2 0.195427
32.3 0.195452
32.4 0.195478
32.5 0.195505
32.6 0.195533
32.7 0.195561
32.8 0.19559
32.9 0.195619
33 0.195648
33.1 0.195678
33.2 0.195708
33.3 0.195739
33.4 0.195769
33.5 0.1958
33.6 0.195832
33.7 0.195864
33.8 0.195896
33.9 0.195929
34 0.195962
34.1 0.195997
34.2 0.196032
34.3 0.196069
34.4 0.196106
34.5 0.196145
34.6 0.196186
34.7 0.196228
34.8 0.196272
34.9 0.196318
35 0.196366
35.1 0.196416
35.2 0.196469
35.3 0.196524
35.4 0.196581
35.5 0.196641
35.6 0.196704
35.7 0.196769
35.8 0.196836
35.9 0.196906
36 0.196979
36.1 0.197054
36.2 0.197132
36.3 0.197211
36.4 0.197293
36.5 0.197377
36.6 0.197463
36.7 0.197551
36.8 0.19764
36.9 0.197731
37 0.197824
37.1 0.197917
37.2 0.198012
37.3 0.198107
37.4 0.198204
37.5 0.198301
37.6 0.198398
37.7 0.198496
37.8 0.198595
37.9 0.198694
38 0.198793
38.1 0.198892
38.2 0.198992
38.3 0.199091
38.4 0.199191
38.5 0.199292
38.6 0.199392
38.7 0.199493
38.8 0.199595
38.9 0.199697
39 0.1998
39.1 0.199903
39.2 0.200007
39.3 0.200113
39.4 0.200219
39.5 0.200327
39.6 0.200436
39.7 0.200547
39.8 0.200659
39.9 0.200773
40 0.200888
40.1 0.201006
40.2 0.201125
40.3 0.201247
40.4 0.20137
40.5 0.201495
40.6 0.201623
40.7 0.201752
40.8 0.201884
40.9 0.202017
41 0.202152
41.1 0.202289
41.2 0.202428
41.3 0.202568
41.4 0.202709
41.5 0.202853
41.6 0.202997
41.7 0.203142
41.8 0.203288
41.9 0.203436
42 0.203584
42.1 0.203732
42.2 0.203881
42.3 0.20403
42.4 0.20418
42.5 0.204329
42.6 0.204479
42.7 0.204628
42.8 0.204778
42.9 0.204927
43 0.205076
43.1 0.205224
43.2 0.205373
43.3 0.205521
43.4 0.205668
43.5 0.205816
43.6 0.205963
43.7 0.20611
43.8 0.206257
43.9 0.206404
44 0.206551
44.1 0.206698
44.2 0.206846
44.3 0.206993
44.4 0.207141
44.5 0.207289
44.6 0.207438
44.7 0.207587
44.8 0.207737
44.9 0.207888
45 0.208039
45.1 0.208191
45.2 0.208344
45.3 0.208497
45.4 0.208652
45.5 0.208807
45.6 0.208964
45.7 0.209121
45.8 0.209278
45.9 0.209436
46 0.209595
46.1 0.209755
46.2 0.209915
46.3 0.210075
46.4 0.210236
46.5 0.210397
46.6 0.210558
46.7 0.210719
46.8 0.21088
46.9 0.21104
47 0.211201
47.1 0.211361
47.2 0.21152
47.3 0.211679
47.4 0.211838
47.5 0.211995
47.6 0.212152
47.7 0.212308
47.8 0.212464
47.9 0.212618
48 0.212771
48.1 0.212924
48.2 0.213076
48.3 0.213226
48.4 0.213376
48.5 0.213525
48.6 0.213673
48.7 0.21382
48.8 0.213966
48.9 0.214111
49 0.214256
49.1 0.2144
49.2 0.214543
49.3 0.214686
49.4 0.214828
49.5 0.214969
49.6 0.21511
49.7 0.21525
49.8 0.21539
49.9 0.215529
50 0.215667
50.1 0.215805
50.2 0.215943
50.3 0.21608
50.4 0.216216
50.5 0.216352
50.6 0.216487
50.7 0.216621
50.8 0.216755
50.9 0.216888
51 0.21702
51.1 0.217151
51.2 0.217282
51.3 0.217411
51.4 0.217539
51.5 0.217666
51.6 0.217792
51.7 0.217917
51.8 0.21804
51.9 0.218163
52 0.218283
52.1 0.218403
52.2 0.218521
52.3 0.218638
52.4 0.218753
52.5 0.218867
52.6 0.21898
52.7 0.21909
52.8 0.2192
52.9 0.219308
53 0.219415
53.1 0.21952
53.2 0.219624
53.3 0.219727
53.4 0.219828
53.5 0.219928
53.6 0.220027
53.7 0.220124
53.8 0.220221
53.9 0.220315
54 0.220409
54.1 0.220502
54.2 0.220593
54.3 0.220683
54.4 0.220771
54.5 0.220859
54.6 0.220945
54.7 0.221029
54.8 0.221112
54.9 0.221194
55 0.221274
55.1 0.221353
55.2 0.22143
55.3 0.221505
55.4 0.221578
55.5 0.221649
55.6 0.221719
55.7 0.221786
55.8 0.221851
55.9 0.221915
56 0.221975
56.1 0.222034
56.2 0.22209
56.3 0.222144
56.4 0.222195
56.5 0.222244
56.6 0.222291
56.7 0.222335
56.8 0.222376
56.9 0.222415
57 0.222452
57.1 0.222485
57.2 0.222517
57.3 0.222546
57.4 0.222573
57.5 0.222597
57.6 0.222619
57.7 0.222639
57.8 0.222657
57.9 0.222673
58 0.222687
58.1 0.222699
58.2 0.222709
58.3 0.222718
58.4 0.222724
58.5 0.222729
58.6 0.222733
58.7 0.222735
58.8 0.222735
58.9 0.222734
59 0.222731
59.1 0.222727
59.2 0.222721
59.3 0.222714
59.4 0.222705
59.5 0.222694
59.6 0.222682
59.7 0.222667
59.8 0.222651
59.9 0.222633
60 0.222612
60.1 0.222589
60.2 0.222564
60.3 0.222536
60.4 0.222505
60.5 0.222472
60.6 0.222435
60.7 0.222396
60.8 0.222353
60.9 0.222307
61 0.222257
61.1 0.222203
61.2 0.222146
61.3 0.222086
61.4 0.222021
61.5 0.221952
61.6 0.221879
61.7 0.221802
61.8 0.221721
61.9 0.221636
62 0.221547
62.1 0.221454
62.2 0.221358
62.3 0.221256
62.4 0.221152
62.5 0.221043
62.6 0.220931
62.7 0.220815
62.8 0.220696
62.9 0.220573
63 0.220448
63.1 0.220319
63.2 0.220187
63.3 0.220052
63.4 0.219914
63.5 0.219774
63.6 0.219632
63.7 0.219487
63.8 0.219339
63.9 0.219189
64 0.219037
64.1 0.218883
64.2 0.218726
64.3 0.218567
64.4 0.218407
64.5 0.218243
64.6 0.218078
64.7 0.21791
64.8 0.21774
64.9 0.217567
65 0.217391
65.1 0.217213
65.2 0.217031
65.3 0.216847
65.4 0.216659
65.5 0.216468
65.6 0.216273
65.7 0.216075
65.8 0.215872
65.9 0.215665
66 0.215454
66.1 0.215238
66.2 0.215018
66.3 0.214793
66.4 0.214562
66.5 0.214327
66.6 0.214086
66.7 0.213841
66.8 0.213589
66.9 0.213333
67 0.213071
67.1 0.212803
67.2 0.21253
67.3 0.212251
67.4 0.211967
67.5 0.211677
67.6 0.211382
67.7 0.211082
67.8 0.210777
67.9 0.210467
68 0.210151
68.1 0.209831
68.2 0.209507
68.3 0.209178
68.4 0.208844
68.5 0.208507
68.6 0.208165
68.7 0.20782
68.8 0.20747
68.9 0.207118
69 0.206762
69.1 0.206402
69.2 0.20604
69.3 0.205674
69.4 0.205305
69.5 0.204933
69.6 0.204559
69.7 0.204181
69.8 0.203801
69.9 0.203418
70 0.203032
70.1 0.202643
70.2 0.202251
70.3 0.201857
70.4 0.201459
70.5 0.201058
70.6 0.200654
70.7 0.200246
70.8 0.199836
70.9 0.199421
71 0.199003
71.1 0.198582
71.2 0.198156
71.3 0.197727
71.4 0.197293
71.5 0.196856
71.6 0.196414
71.7 0.195968
71.8 0.195518
71.9 0.195063
72 0.194604
72.1 0.194141
72.2 0.193673
72.3 0.193201
72.4 0.192725
72.5 0.192245
72.6 0.191761
72.7 0.191272
72.8 0.19078
72.9 0.190283
73 0.189784
73.1 0.18928
73.2 0.188774
73.3 0.188264
73.4 0.187752
73.5 0.187237
73.6 0.186719
73.7 0.186199
73.8 0.185677
73.9 0.185153
74 0.184627
74.1 0.1841
74.2 0.183572
74.3 0.183042
74.4 0.182512
74.5 0.181982
74.6 0.18145
74.7 0.180919
74.8 0.180387
74.9 0.179856
75 0.179324
75.1 0.178793
75.2 0.178262
75.3 0.177732
75.4 0.177203
75.5 0.176674
75.6 0.176146
75.7 0.17562
75.8 0.175094
75.9 0.174569
76 0.174046
76.1 0.173524
76.2 0.173003
76.3 0.172484
76.4 0.171966
76.5 0.17145
76.6 0.170935
76.7 0.170423
76.8 0.169912
76.9 0.169404
77 0.168897
77.1 0.168393
77.2 0.167891
77.3 0.167392
77.4 0.166896
77.5 0.166402
77.6 0.165912
77.7 0.165425
77.8 0.164941
77.9 0.16446
78 0.163984
78.1 0.163511
78.2 0.163042
78.3 0.162578
78.4 0.162118
78.5 0.161663
78.6 0.161214
78.7 0.160769
78.8 0.160329
78.9 0.159895
79 0.159467
79.1 0.159044
79.2 0.158628
79.3 0.158217
79.4 0.157813
79.5 0.157416
79.6 0.157025
79.7 0.156641
79.8 0.156263
79.9 0.155893
80 0.155529
80.1 0.155173
80.2 0.154824
80.3 0.154482
80.4 0.154147
80.5 0.15382
80.6 0.1535
80.7 0.153187
80.8 0.152882
80.9 0.152584
81 0.152294
81.1 0.152011
81.2 0.151736
81.3 0.151468
81.4 0.151207
81.5 0.150954
81.6 0.150709
81.7 0.150471
81.8 0.150241
81.9 0.150018
82 0.149803
82.1 0.149595
82.2 0.149394
82.3 0.149202
82.4 0.149017
82.5 0.14884
82.6 0.14867
82.7 0.148508
82.8 0.148354
82.9 0.148207
83 0.148068
83.1 0.147938
83.2 0.147814
83.3 0.147699
83.4 0.147592
83.5 0.147493
83.6 0.147401
83.7 0.147318
83.8 0.147242
83.9 0.147175
84 0.147115
84.1 0.147064
84.2 0.14702
84.3 0.146984
84.4 0.146956
84.5 0.146936
84.6 0.146924
84.7 0.14692
84.8 0.146923
84.9 0.146934
85 0.146952
85.1 0.146978
85.2 0.147012
85.3 0.147052
85.4 0.1471
85.5 0.147154
85.6 0.147216
85.7 0.147285
85.8 0.14736
85.9 0.147441
86 0.147529
86.1 0.147624
86.2 0.147724
86.3 0.14783
86.4 0.147942
86.5 0.14806
86.6 0.148183
86.7 0.148312
86.8 0.148446
86.9 0.148585
87 0.148729
87.1 0.148878
87.2 0.149032
87.3 0.14919
87.4 0.149353
87.5 0.14952
87.6 0.149691
87.7 0.149866
87.8 0.150046
87.9 0.150229
88 0.150416
88.1 0.150607
88.2 0.150802
88.3 0.151
88.4 0.151201
88.5 0.151406
88.6 0.151615
88.7 0.151827
88.8 0.152042
88.9 0.15226
89 0.152481
89.1 0.152706
89.2 0.152933
89.3 0.153163
89.4 0.153397
89.5 0.153633
89.6 0.153872
89.7 0.154114
89.8 0.154358
89.9 0.154605
90 0.154855
90.1 0.155108
90.2 0.155363
90.3 0.155621
90.4 0.155881
90.5 0.156143
90.6 0.156408
90.7 0.156675
90.8 0.156944
90.9 0.157215
91 0.157489
91.1 0.157764
91.2 0.158042
91.3 0.158321
91.4 0.158602
91.5 0.158885
91.6 0.15917
91.7 0.159456
91.8 0.159744
91.9 0.160033
92 0.160324
92.1 0.160616
92.2 0.160909
92.3 0.161203
92.4 0.161498
92.5 0.161795
92.6 0.162092
92.7 0.16239
92.8 0.162689
92.9 0.162989
93 0.163289
93.1 0.16359
93.2 0.163891
93.3 0.164193
93.4 0.164495
93.5 0.164798
93.6 0.165101
93.7 0.165404
93.8 0.165707
93.9 0.16601
94 0.166313
94.1 0.166617
94.2 0.16692
94.3 0.167223
94.4 0.167527
94.5 0.16783
94.6 0.168133
94.7 0.168435
94.8 0.168738
94.9 0.16904
95 0.169343
95.1 0.169645
95.2 0.169946
95.3 0.170248
95.4 0.170549
95.5 0.17085
95.6 0.171151
95.7 0.171451
95.8 0.171751
95.9 0.172051
96 0.172351
96.1 0.17265
96.2 0.172949
96.3 0.173248
96.4 0.173546
96.5 0.173845
96.6 0.174143
96.7 0.17444
96.8 0.174738
96.9 0.175035
97 0.175332
97.1 0.175629
97.2 0.175926
97.3 0.176222
97.4 0.176518
97.5 0.176814
97.6 0.17711
97.7 0.177405
97.8 0.1777
97.9 0.177995
98 0.17829
98.1 0.178585
98.2 0.178879
98.3 0.179173
98.4 0.179467
98.5 0.17976
98.6 0.180054
98.7 0.180346
98.8 0.180639
98.9 0.180931
99 0.181224
99.1 0.181515
99.2 0.181807
99.3 0.182098
99.4 0.182388
99.5 0.182678
99.6 0.182968
99.7 0.183258
99.8 0.183547
99.9 0.183835
100 0.184123
100.1 0.184411
100.2 0.184698
100.3 0.184985
100.4 0.185271
100.5 0.185557
100.6 0.185842
100.7 0.186127
100.8 0.186411
100.9 0.186695
101 0.186978
101.1 0.18726
101.2 0.187542
101.3 0.187824
101.4 0.188105
101.5 0.188385
101.6 0.188665
101.7 0.188944
101.8 0.189223
101.9 0.189501
102 0.189779
102.1 0.190056
102.2 0.190333
102.3 0.190609
102.4 0.190885
102.5 0.191161
102.6 0.191436
102.7 0.19171
102.8 0.191985
102.9 0.192258
103 0.192532
103.1 0.192805
103.2 0.193078
103.3 0.19335
103.4 0.193623
103.5 0.193895
103.6 0.194167
103.7 0.194438
103.8 0.19471
103.9 0.194981
104 0.195252
104.1 0.195523
104.2 0.195794
104.3 0.196065
104.4 0.196336
104.5 0.196607
104.6 0.196878
104.7 0.197149
104.8 0.19742
104.9 0.197691
105 0.197963
105.1 0.198234
105.2 0.198506
105.3 0.198777
105.4 0.199049
105.5 0.199321
105.6 0.199594
105.7 0.199866
105.8 0.200139
105.9 0.200412
106 0.200685
106.1 0.200959
106.2 0.201233
106.3 0.201507
106.4 0.201782
106.5 0.202057
106.6 0.202332
106.7 0.202607
106.8 0.202883
106.9 0.203159
107 0.203436
107.1 0.203713
107.2 0.203991
107.3 0.204268
107.4 0.204547
107.5 0.204825
107.6 0.205104
107.7 0.205384
107.8 0.205664
107.9 0.205944
108 0.206225
108.1 0.206506
108.2 0.206788
108.3 0.207071
108.4 0.207353
108.5 0.207637
108.6 0.207921
108.7 0.208205
108.8 0.20849
108.9 0.208776
109 0.209062
109.1 0.209349
109.2 0.209636
109.3 0.209924
109.4 0.210213
109.5 0.210502
109.6 0.210793
109.7 0.211084
109.8 0.211375
109.9 0.211668
110 0.211961
110.1 0.212255
110.2 0.212551
110.3 0.212847
110.4 0.213144
110.5 0.213442
110.6 0.213741
110.7 0.214041
110.8 0.214343
110.9 0.214645
111 0.214949
111.1 0.215254
111.2 0.21556
111.3 0.215868
111.4 0.216177
111.5 0.216488
111.6 0.2168
111.7 0.217113
111.8 0.217428
111.9 0.217745
112 0.218064
112.1 0.218384
112.2 0.218706
112.3 0.21903
112.4 0.219356
112.5 0.219683
112.6 0.220013
112.7 0.220345
112.8 0.220679
112.9 0.221015
113 0.221354
113.1 0.221695
113.2 0.222037
113.3 0.222383
113.4 0.222731
113.5 0.223082
113.6 0.223435
113.7 0.223791
113.8 0.224149
113.9 0.22451
114 0.224875
114.1 0.225242
114.2 0.225612
114.3 0.225985
114.4 0.226361
114.5 0.226741
114.6 0.227123
114.7 0.227509
114.8 0.227898
114.9 0.228291
115 0.228687
115.1 0.229087
115.2 0.229491
115.3 0.229898
115.4 0.230309
115.5 0.230724
115.6 0.231143
115.7 0.231566
115.8 0.231993
115.9 0.232424
116 0.23286
116.1 0.2333
116.2 0.233744
116.3 0.234193
116.4 0.234647
116.5 0.235106
116.6 0.235569
116.7 0.236037
116.8 0.236511
116.9 0.23699
117 0.237474
117.1 0.237963
117.2 0.238458
117.3 0.238959
117.4 0.239465
117.5 0.239978
117.6 0.240497
117.7 0.241022
117.8 0.241553
117.9 0.242091
118 0.242636
118.1 0.243187
118.2 0.243746
118.3 0.244312
118.4 0.244885
118.5 0.245466
118.6 0.246055
118.7 0.246652
118.8 0.247257
118.9 0.247871
119 0.248494
119.1 0.249125
119.2 0.249765
119.3 0.250416
119.4 0.251075
119.5 0.251745
119.6 0.252425
119.7 0.253116
119.8 0.253818
119.9 0.254531
120 0.255255
120.1 0.255991
120.2 0.256739
120.3 0.2575
120.4 0.258275
120.5 0.259062
120.6 0.259862
120.7 0.260678
120.8 0.261507
120.9 0.262352
121 0.263212
121.1 0.264089
121.2 0.264981
121.3 0.265891
121.4 0.266818
121.5 0.267764
121.6 0.268727
121.7 0.26971
121.8 0.270713
121.9 0.271737
122 0.272781
122.1 0.273847
122.2 0.274936
122.3 0.276048
122.4 0.277184
122.5 0.278345
122.6 0.279531
122.7 0.280744
122.8 0.281984
122.9 0.283252
123 0.28455
123.1 0.285878
123.2 0.287237
123.3 0.288627
123.4 0.290052
123.5 0.291511
123.6 0.293005
123.7 0.294536
123.8 0.296106
123.9 0.297714
124 0.299364
124.1 0.301055
124.2 0.30279
124.3 0.30457
124.4 0.306397
124.5 0.308271
124.6 0.310196
124.7 0.312172
124.8 0.314201
124.9 0.316284
125 0.318424
125.1 0.320622
125.2 0.322881
125.3 0.325202
125.4 0.327587
125.5 0.330037
125.6 0.332555
125.7 0.335142
125.8 0.337801
125.9 0.340533
126 0.343338
126.1 0.34622
126.2 0.34918
126.3 0.352218
126.4 0.355335
126.5 0.358531
126.6 0.361809
126.7 0.365166
126.8 0.368602
126.9 0.372116
127 0.375706
127.1 0.379369
127.2 0.383101
127.3 0.386896
127.4 0.390748
127.5 0.39465
127.6 0.39859
127.7 0.402557
127.8 0.406536
127.9 0.410511
128 0.414462
128.1 0.418364
128.2 0.422191
128.3 0.425913
128.4 0.429492
128.5 0.432891
128.6 0.436065
128.7 0.438963
128.8 0.441533
128.9 0.443716
129 0.445449
129.1 0.446668
129.2 0.447305
129.3 0.44729
129.4 0.446559
129.5 0.445047
129.6 0.442696
129.7 0.439457
129.8 0.435291
129.9 0.430176
130 0.424101
130.1 0.417079
130.2 0.409139
130.3 0.400332
130.4 0.390727
130.5 0.38041
130.6 0.369486
130.7 0.358068
130.8 0.346279
130.9 0.334244
131 0.322091
131.1 0.309939
131.2 0.297903
131.3 0.286084
131.4 0.274574
131.5 0.263448
131.6 0.252769
131.7 0.242585
131.8 0.23293
131.9 0.223827
132 0.215288
132.1 0.207313
132.2 0.199899
132.3 0.193033
132.4 0.186696
132.5 0.180868
132.6 0.175525
132.7 0.170642
132.8 0.166191
132.9 0.162146
133 0.158479
133.1 0.155165
133.2 0.152177
133.3 0.149491
133.4 0.147083
133.5 0.144932
133.6 0.143017
133.7 0.141317
133.8 0.139817
133.9 0.138498
134 0.137344
134.1 0.136342
134.2 0.135477
134.3 0.13474
134.4 0.134117
134.5 0.133599
134.6 0.133175
134.7 0.132838
134.8 0.132581
134.9 0.132394
135 0.132273
135.1 0.13221
135.2 0.132201
135.3 0.132239
135.4 0.132322
135.5 0.132444
135.6 0.132602
135.7 0.132793
135.8 0.133012
135.9 0.133257
136 0.133526
136.1 0.133816
136.2 0.134124
136.3 0.13445
136.4 0.134791
136.5 0.135145
136.6 0.13551
136.7 0.135886
136.8 0.13627
136.9 0.136664
137 0.137063
137.1 0.137469
137.2 0.137879
137.3 0.138294
137.4 0.138712
137.5 0.139133
137.6 0.139556
137.7 0.13998
137.8 0.140406
137.9 0.140832
138 0.141259
138.1 0.141685
138.2 0.14211
138.3 0.142535
138.4 0.142958
138.5 0.143381
138.6 0.143801
138.7 0.14422
138.8 0.144637
138.9 0.145051
139 0.145463
139.1 0.145872
139.2 0.146279
139.3 0.146684
139.4 0.147085
139.5 0.147484
139.6 0.147879
139.7 0.148272
139.8 0.148661
139.9 0.149047
140 0.14943
140.1 0.14981
140.2 0.150187
140.3 0.15056
140.4 0.15093
140.5 0.151296
140.6 0.15166
140.7 0.15202
140.8 0.152377
140.9 0.15273
141 0.15308
141.1 0.153427
141.2 0.153771
141.3 0.154111
141.4 0.154448
141.5 0.154782
141.6 0.155113
141.7 0.155441
141.8 0.155765
141.9 0.156087
142 0.156405
142.1 0.15672
142.2 0.157032
142.3 0.157341
142.4 0.157647
142.5 0.15795
142.6 0.158251
142.7 0.158548
142.8 0.158842
142.9 0.159134
143 0.159423
143.1 0.159709
143.2 0.159992
143.3 0.160272
143.4 0.16055
143.5 0.160825
143.6 0.161098
143.7 0.161368
143.8 0.161636
143.9 0.1619
144 0.162163
144.1 0.162423
144.2 0.16268
144.3 0.162936
144.4 0.163188
144.5 0.163439
144.6 0.163687
144.7 0.163932
144.8 0.164176
144.9 0.164417
145 0.164657
145.1 0.164893
145.2 0.165128
145.3 0.165361
145.4 0.165592
145.5 0.16582
145.6 0.166046
145.7 0.166271
145.8 0.166494
145.9 0.166714
146 0.166933
146.1 0.167149
146.2 0.167364
146.3 0.167577
146.4 0.167788
146.5 0.167998
146.6 0.168205
146.7 0.168411
146.8 0.168615
146.9 0.168818
147 0.169018
147.1 0.169217
147.2 0.169415
147.3 0.16961
147.4 0.169805
147.5 0.169997
147.6 0.170188
147.7 0.170377
147.8 0.170565
147.9 0.170752
148 0.170936
148.1 0.17112
148.2 0.171302
148.3 0.171482
148.4 0.171662
148.5 0.171839
148.6 0.172016
148.7 0.172191
148.8 0.172364
148.9 0.172537
149 0.172708
149.1 0.172878
149.2 0.173046
149.3 0.173213
149.4 0.173379
149.5 0.173544
149.6 0.173707
149.7 0.17387
149.8 0.174031
149.9 0.174191
150 0.17435
150.1 0.174507
150.2 0.174664
150.3 0.174819
150.4 0.174974
150.5 0.175127
150.6 0.175279
150.7 0.17543
150.8 0.17558
150.9 0.175729
151 0.175877
151.1 0.176025
151.2 0.176171
151.3 0.176316
151.4 0.17646
151.5 0.176603
151.6 0.176745
151.7 0.176886
151.8 0.177027
151.9 0.177166
152 0.177304
152.1 0.177442
152.2 0.177579
152.3 0.177715
152.4 0.17785
152.5 0.177984
152.6 0.178117
152.7 0.178249
152.8 0.178381
152.9 0.178512
153 0.178642
153.1 0.178771
153.2 0.1789
153.3 0.179027
153.4 0.179154
153.5 0.17928
153.6 0.179406
153.7 0.17953
153.8 0.179654
153.9 0.179777
154 0.1799
154.1 0.180021
154.2 0.180142
154.3 0.180263
154.4 0.180382
154.5 0.180501
154.6 0.180619
154.7 0.180737
154.8 0.180854
154.9 0.18097
155 0.181086
155.1 0.181201
155.2 0.181315
155.3 0.181429
155.4 0.181542
155.5 0.181655
155.6 0.181767
155.7 0.181878
155.8 0.181989
155.9 0.182099
156 0.182208
156.1 0.182317
156.2 0.182426
156.3 0.182534
156.4 0.182641
156.5 0.182748
156.6 0.182854
156.7 0.182959
156.8 0.183065
156.9 0.183169
157 0.183273
157.1 0.183377
157.2 0.18348
157.3 0.183582
157.4 0.183684
157.5 0.183786
157.6 0.183887
157.7 0.183988
157.8 0.184088
157.9 0.184187
158 0.184287
158.1 0.184385
158.2 0.184483
158.3 0.184581
158.4 0.184679
158.5 0.184775
158.6 0.184872
158.7 0.184968
158.8 0.185063
158.9 0.185158
159 0.185253
159.1 0.185347
159.2 0.185441
159.3 0.185535
159.4 0.185628
159.5 0.18572
159.6 0.185812
159.7 0.185904
159.8 0.185996
159.9 0.186087
160 0.186177
160.1 0.186268
160.2 0.186357
160.3 0.186447
160.4 0.186536
160.5 0.186625
160.6 0.186713
160.7 0.186801
160.8 0.186889
160.9 0.186976
161 0.187063
161.1 0.18715
161.2 0.187236
161.3 0.187322
161.4 0.187408
161.5 0.187493
161.6 0.187578
161.7 0.187662
161.8 0.187747
161.9 0.187831
162 0.187914
162.1 0.187998
162.2 0.188081
162.3 0.188163
162.4 0.188246
162.5 0.188328
162.6 0.18841
162.7 0.188491
162.8 0.188573
162.9 0.188653
163 0.188734
163.1 0.188814
163.2 0.188895
163.3 0.188974
163.4 0.189054
163.5 0.189133
163.6 0.189212
163.7 0.189291
163.8 0.189369
163.9 0.189447
164 0.189525
164.1 0.189603
164.2 0.18968
164.3 0.189757
164.4 0.189834
164.5 0.189911
164.6 0.189987
164.7 0.190064
164.8 0.19014
164.9 0.190215
165 0.190291
165.1 0.190366
165.2 0.190441
165.3 0.190516
165.4 0.19059
165.5 0.190664
165.6 0.190739
165.7 0.190813
165.8 0.190886
165.9 0.19096
166 0.191033
166.1 0.191106
166.2 0.191179
166.3 0.191251
166.4 0.191324
166.5 0.191396
166.6 0.191468
166.7 0.191539
166.8 0.191611
166.9 0.191682
167 0.191754
167.1 0.191825
167.2 0.191896
167.3 0.191966
167.4 0.192037
167.5 0.192107
167.6 0.192177
167.7 0.192247
167.8 0.192317
167.9 0.192386
168 0.192455
168.1 0.192525
168.2 0.192594
168.3 0.192663
168.4 0.192731
168.5 0.1928
168.6 0.192868
168.7 0.192937
168.8 0.193005
168.9 0.193073
169 0.19314
169.1 0.193208
169.2 0.193275
169.3 0.193343
169.4 0.19341
169.5 0.193477
169.6 0.193544
169.7 0.193611
169.8 0.193677
169.9 0.193744
170 0.19381
170.1 0.193876
170.2 0.193942
170.3 0.194008
170.4 0.194074
170.5 0.19414
170.6 0.194205
170.7 0.194271
170.8 0.194336
170.9 0.194401
171 0.194466
171.1 0.194531
171.2 0.194596
171.3 0.19466
171.4 0.194725
171.5 0.194789
171.6 0.194854
171.7 0.194918
171.8 0.194982
171.9 0.195046
172 0.19511
172.1 0.195174
172.2 0.195237
172.3 0.195301
172.4 0.195365
172.5 0.195428
172.6 0.195491
172.7 0.195554
172.8 0.195618
172.9 0.195681
173 0.195744
173.1 0.195806
173.2 0.195869
173.3 0.195932
173.4 0.195994
173.5 0.196057
173.6 0.196119
173.7 0.196182
173.8 0.196244
173.9 0.196306
174 0.196368
174.1 0.19643
174.2 0.196492
174.3 0.196554
174.4 0.196616
174.5 0.196678
174.6 0.196739
174.7 0.196801
174.8 0.196862
174.9 0.196924
175 0.196985
175.1 0.197046
175.2 0.197108
175.3 0.197169
175.4 0.19723
175.5 0.197291
175.6 0.197352
175.7 0.197413
175.8 0.197474
175.9 0.197535
176 0.197596
176.1 0.197657
176.2 0.197717
176.3 0.197778
176.4 0.197839
176.5 0.197899
176.6 0.19796
176.7 0.19802
176.8 0.198081
176.9 0.198141
177 0.198201
177.1 0.198262
177.2 0.198322
177.3 0.198382
177.4 0.198443
177.5 0.198503
177.6 0.198563
177.7 0.198623
177.8 0.198683
177.9 0.198743
178 0.198803
178.1 0.198863
178.2 0.198923
178.3 0.198983
178.4 0.199043
178.5 0.199103
178.6 0.199163
178.7 0.199223
178.8 0.199283
178.9 0.199342
179 0.199402
179.1 0.199462
179.2 0.199522
179.3 0.199582
179.4 0.199642
179.5 0.199701
179.6 0.199761
179.7 0.199821
179.8 0.199881
179.9 0.19994
