0.1 0.300001
0.2 0.300003
0.3 0.300004
0.4 0.300005
0.5 0.300006
0.6 0.300007
0.7 0.300008
0.8 0.300009
0.9 0.30001
1 0.30001
1.1 0.300011
1.2 0.300011
1.3 0.300011
1.4 0.300011
1.5 0.30001
1.6 0.30001
1.7 0.300009
1.8 0.300008
1.9 0.300007
2 0.300006
2.1 0.300004
2.2 0.300003
2.3 0.300001
2.4 0.299999
2.5 0.299996
2.6 0.299994
2.7 0.299992
2.8 0.299989
2.9 0.299987
3 0.299984
3.1 0.299981
3.2 0.299979
3.3 0.299976
3.4 0.299973
3.5 0.299971
3.6 0.299968
3.7 0.299966
3.8 0.299964
3.9 0.299961
4 0.299959
4.1 0.299957
4.2 0.299956
4.3 0.299954
4.4 0.299953
4.5 0.299951
4.6 0.29995
4.7 0.299949
4.8 0.299948
4.9 0.299948
5 0.299947
5.1 0.299946
5.2 0.299946
5.3 0.299945
5.4 0.299945
5.5 0.299944
5.6 0.299944
5.7 0.299943
5.8 0.299943
5.9 0.299942
6 0.299941
6.1 0.29994
6.2 0.299939
6.3 0.299937
6.4 0.299936
6.5 0.299934
6.6 0.299932
6.7 0.29993
6.8 0.299928
6.9 0.299925
7 0.299922
7.1 0.299919
7.2 0.299916
7.3 0.299912
7.4 0.299909
7.5 0.299905
7.6 0.299901
7.7 0.299897
7.8 0.299893
7.9 0.299889
8 0.299885
8.1 0.299881
8.2 0.299877
8.3 0.299872
8.4 0.299868
8.5 0.299864
8.6 0.29986
8.7 0.299856
8.8 0.299851
8.9 0.299847
9 0.299843
9.1 0.299839
9.2 0.299835
9.3 0.299831
9.4 0.299826
9.5 0.299822
9.6 0.299818
9.7 0.299813
9.8 0.299808
9.9 0.299804
10 0.299799
10.1 0.299794
10.2 0.299789
10.3 0.299783
10.4 0.299778
10.5 0.299772
10.6 0.299766
10.7 0.299761
10.8 0.299755
10.9 0.299749
11 0.299742
11.1 0.299736
11.2 0.29973
11.3 0.299724
11.4 0.299718
11.5 0.299711
11.6 0.299705
11.7 0.299699
11.8 0.299694
11.9 0.299688
12 0.299682
12.1 0.299677
12.2 0.299672
12.3 0.299667
12.4 0.299662
12.5 0.299657
12.6 0.299652
12.7 0.299648
12.8 0.299644
12.9 0.29964
13 0.299636
13.1 0.299632
13.2 0.299628
13.3 0.299625
13.4 0.299621
13.5 0.299617
13.6 0.299613
13.7 0.299609
13.8 0.299605
13.9 0.2996
14 0.299596
14.1 0.299591
14.2 0.299586
14.3 0.299581
14.4 0.299576
14.5 0.29957
14.6 0.299564
14.7 0.299558
14.8 0.299552
14.9 0.299546
15 0.299539
15.1 0.299533
15.2 0.299526
15.3 0.29952
15.4 0.299513
15.5 0.299507
15.6 0.299501
15.7 0.299495
15.8 0.299489
15.9 0.299484
16 0.299479
16.1 0.299474
16.2 0.29947
16.3 0.299466
16.4 0.299463
16.5 0.29946
16.6 0.299458
16.7 0.299457
16.8 0.299456
16.9 0.299455
17 0.299455
17.1 0.299456
17.2 0.299457
17.3 0.299458
17.4 0.29946
17.5 0.299462
17.6 0.299465
17.7 0.299467
17.8 0.29947
17.9 0.299473
18 0.299476
18.1 0.299479
18.2 0.299482
18.3 0.299485
18.4 0.299488
18.5 0.29949
18.6 0.299493
18.7 0.299495
18.8 0.299497
18.9 0.299499
19 0.2995
19.1 0.299502
19.2 0.299503
19.3 0.299504
19.4 0.299505
19.5 0.299506
19.6 0.299507
19.7 0.299508
19.8 0.299509
19.9 0.29951
20 0.299511
20.1 0.299513
20.2 0.299515
20.3 0.299517
20.4 0.29952
20.5 0.299524
20.6 0.299528
20.7 0.299532
20.8 0.299538
20.9 0.299544
21 0.29955
21.1 0.299558
21.2 0.299566
21.3 0.299575
21.4 0.299585
21.5 0.299595
21.6 0.299606
21.7 0.299618
21.8 0.29963
21.9 0.299643
22 0.299657
22.1 0.299671
22.2 0.299686
22.3 0.299701
22.4 0.299716
22.5 0.299731
22.6 0.299747
22.7 0.299763
22.8 0.299779
22.9 0.299795
23 0.299811
23.1 0.299827
23.2 0.299843
23.3 0.299859
23.4 0.299875
23.5 0.299891
23.6 0.299906
23.7 0.299922
23.8 0.299937
23.9 0.299953
24 0.299968
24.1 0.299984
24.2 0.3
24.3 0.300015
24.4 0.300031
24.5 0.300047
24.6 0.300064
24.7 0.30008
24.8 0.300097
24.9 0.300115
25 0.300133
25.1 0.300151
25.2 0.30017
25.3 0.300189
25.4 0.300209
25.5 0.30023
25.6 0.300251
25.7 0.300273
25.8 0.300295
25.9 0.300318
26 0.300341
26.1 0.300365
26.2 0.300389
26.3 0.300415
26.4 0.30044
26.5 0.300466
26.6 0.300492
26.7 0.300519
26.8 0.300546
26.9 0.300573
27 0.3006
27.1 0.300628
27.2 0.300656
27.3 0.300683
27.4 0.300711
27.5 0.300739
27.6 0.300767
27.7 0.300795
27.8 0.300823
27.9 0.300851
28 0.300879
28.1 0.300907
28.2 0.300934
28.3 0.300962
28.4 0.30099
28.5 0.301018
28.6 0.301045
28.7 0.301073
28.8 0.301101
28.9 0.301129
29 0.301156
29.1 0.301184
29.2 0.301212
29.3 0.301241
29.4 0.301269
29.5 0.301297
29.6 0.301326
29.7 0.301354
29.8 0.301383
29.9 0.301412
30 0.301441
30.1 0.30147
30.2 0.3015
30.3 0.301529
30.4 0.301558
30.5 0.301588
30.6 0.301617
30.7 0.301647
30.8 0.301677
30.9 0.301706
31 0.301736
31.1 0.301765
31.2 0.301795
31.3 0.301824
31.4 0.301853
31.5 0.301882
31.6 0.30191
31.7 0.301939
31.8 0.301967
31.9 0.301995
32 0.302023
32.1 0.30205
32.2 0.302078
32.3 0.302105
32.4 0.302132
32.5 0.302158
32.6 0.302185
32.7 0.302211
32.8 0.302237
32.9 0.302263
33 0.302289
33.1 0.302315
33.2 0.30234
33.3 0.302366
33.4 0.302391
33.5 0.302416
33.6 0.302441
33.7 0.302465
33.8 0.30249
33.9 0.302515
34 0.302539
34.1 0.302563
34.2 0.302587
34.3 0.302611
34.4 0.302635
34.5 0.302658
34.6 0.302681
34.7 0.302704
34.8 0.302726
34.9 0.302748
35 0.30277
35.1 0.30279
35.2 0.302811
35.3 0.302831
35.4 0.302851
35.5 0.30287
35.6 0.302888
35.7 0.302906
35.8 0.302923
35.9 0.302939
36 0.302955
36.1 0.30297
36.2 0.302984
36.3 0.302998
36.4 0.303011
36.5 0.303023
36.6 0.303035
36.7 0.303046
36.8 0.303057
36.9 0.303066
37 0.303076
37.1 0.303084
37.2 0.303092
37.3 0.3031
37.4 0.303108
37.5 0.303114
37.6 0.303121
37.7 0.303127
37.8 0.303133
37.9 0.303139
38 0.303144
38.1 0.303149
38.2 0.303153
38.3 0.303158
38.4 0.303161
38.5 0.303165
38.6 0.303169
38.7 0.303172
38.8 0.303174
38.9 0.303177
39 0.303179
39.1 0.30318
39.2 0.303181
39.3 0.303182
39.4 0.303182
39.5 0.303181
39.6 0.30318
39.7 0.303178
39.8 0.303175
39.9 0.303172
40 0.303168
40.1 0.303162
40.2 0.303156
40.3 0.303149
40.4 0.303141
40.5 0.303132
40.6 0.303122
40.7 0.303111
40.8 0.303099
40.9 0.303086
41 0.303071
41.1 0.303056
41.2 0.30304
41.3 0.303023
41.4 0.303005
41.5 0.302986
41.6 0.302966
41.7 0.302945
41.8 0.302923
41.9 0.3029
42 0.302877
42.1 0.302853
42.2 0.302829
42.3 0.302804
42.4 0.302778
42.5 0.302752
42.6 0.302725
42.7 0.302699
42.8 0.302671
42.9 0.302644
43 0.302615
43.1 0.302587
43.2 0.302559
43.3 0.30253
43.4 0.3025
43.5 0.302471
43.6 0.302441
43.7 0.302411
43.8 0.30238
43.9 0.302349
44 0.302318
44.1 0.302286
44.2 0.302254
44.3 0.302221
44.4 0.302187
44.5 0.302153
44.6 0.302118
44.7 0.302082
44.8 0.302046
44.9 0.302008
45 0.30197
45.1 0.301931
45.2 0.30189
45.3 0.301849
45.4 0.301806
45.5 0.301763
45.6 0.301718
45.7 0.301672
45.8 0.301625
45.9 0.301577
46 0.301528
46.1 0.301478
46.2 0.301427
46.3 0.301374
46.4 0.301321
46.5 0.301267
46.6 0.301212
46.7 0.301156
46.8 0.301099
46.9 0.301042
47 0.300983
47.1 0.300925
47.2 0.300865
47.3 0.300806
47.4 0.300745
47.5 0.300685
47.6 0.300624
47.7 0.300563
47.8 0.300501
47.9 0.300439
48 0.300377
48.1 0.300315
48.2 0.300254
48.3 0.300191
48.4 0.300129
48.5 0.300066
48.6 0.300004
48.7 0.299941
48.8 0.299878
48.9 0.299815
49 0.299752
49.1 0.299688
49.2 0.299624
49.3 0.29956
49.4 0.299495
49.5 0.29943
49.6 0.299365
49.7 0.299298
49.8 0.299231
49.9 0.299164
50 0.299096
50.1 0.299027
50.2 0.298957
50.3 0.298887
50.4 0.298815
50.5 0.298743
50.6 0.29867
50.7 0.298596
50.8 0.298521
50.9 0.298445
51 0.298368
51.1 0.29829
51.2 0.298212
51.3 0.298133
51.4 0.298053
51.5 0.297972
51.6 0.29789
51.7 0.297808
51.8 0.297725
51.9 0.297642
52 0.297558
52.1 0.297474
52.2 0.29739
52.3 0.297305
52.4 0.29722
52.5 0.297135
52.6 0.297049
52.7 0.296964
52.8 0.296878
52.9 0.296793
53 0.296707
53.1 0.296622
53.2 0.296537
53.3 0.296451
53.4 0.296366
53.5 0.296281
53.6 0.296196
53.7 0.296112
53.8 0.296027
53.9 0.295942
54 0.295858
54.1 0.295773
54.2 0.295689
54.3 0.295604
54.4 0.295519
54.5 0.295434
54.6 0.295349
54.7 0.295264
54.8 0.295179
54.9 0.295093
55 0.295007
55.1 0.29492
55.2 0.294834
55.3 0.294746
55.4 0.294659
55.5 0.294571
55.6 0.294482
55.7 0.294393
55.8 0.294304
55.9 0.294214
56 0.294123
56.1 0.294032
56.2 0.293941
56.3 0.293849
56.4 0.293757
56.5 0.293664
56.6 0.293571
56.7 0.293478
56.8 0.293385
56.9 0.293291
57 0.293198
57.1 0.293103
57.2 0.293009
57.3 0.292915
57.4 0.292821
57.5 0.292727
57.6 0.292633
57.7 0.292539
57.8 0.292445
57.9 0.292352
58 0.292259
58.1 0.292166
58.2 0.292073
58.3 0.29198
58.4 0.291888
58.5 0.291796
58.6 0.291704
58.7 0.291612
58.8 0.291521
58.9 0.29143
59 0.29134
59.1 0.291249
59.2 0.291159
59.3 0.291069
59.4 0.290979
59.5 0.29089
59.6 0.290801
59.7 0.290711
59.8 0.290622
59.9 0.290533
60 0.290444
60.1 0.290356
60.2 0.290267
60.3 0.290179
60.4 0.29009
60.5 0.290002
60.6 0.289913
60.7 0.289825
60.8 0.289737
60.9 0.289649
61 0.289561
61.1 0.289474
61.2 0.289386
61.3 0.289299
61.4 0.289212
61.5 0.289125
61.6 0.289038
61.7 0.288952
61.8 0.288866
61.9 0.288781
62 0.288696
62.1 0.288611
62.2 0.288527
62.3 0.288443
62.4 0.28836
62.5 0.288277
62.6 0.288195
62.7 0.288113
62.8 0.288032
62.9 0.287952
63 0.287872
63.1 0.287793
63.2 0.287714
63.3 0.287636
63.4 0.287559
63.5 0.287483
63.6 0.287406
63.7 0.287331
63.8 0.287256
63.9 0.287182
64 0.287108
64.1 0.287035
64.2 0.286963
64.3 0.286891
64.4 0.28682
64.5 0.286749
64.6 0.286679
64.7 0.28661
64.8 0.286541
64.9 0.286473
65 0.286405
65.1 0.286338
65.2 0.286272
65.3 0.286206
65.4 0.286141
65.5 0.286077
65.6 0.286014
65.7 0.285951
65.8 0.28589
65.9 0.285829
66 0.285769
66.1 0.285711
66.2 0.285654
66.3 0.285597
66.4 0.285542
66.5 0.285488
66.6 0.285435
66.7 0.285384
66.8 0.285335
66.9 0.285286
67 0.285239
67.1 0.285194
67.2 0.28515
67.3 0.285108
67.4 0.285068
67.5 0.285029
67.6 0.284992
67.7 0.284957
67.8 0.284923
67.9 0.284891
68 0.284861
68.1 0.284833
68.2 0.284806
68.3 0.284781
68.4 0.284758
68.5 0.284737
68.6 0.284717
68.7 0.284699
68.8 0.284682
68.9 0.284668
69 0.284654
69.1 0.284643
69.2 0.284633
69.3 0.284624
69.4 0.284617
69.5 0.284611
69.6 0.284607
69.7 0.284605
69.8 0.284604
69.9 0.284604
70 0.284606
70.1 0.28461
70.2 0.284615
70.3 0.284622
70.4 0.28463
70.5 0.28464
70.6 0.284652
70.7 0.284666
70.8 0.284681
70.9 0.284699
71 0.284718
71.1 0.28474
71.2 0.284764
71.3 0.28479
71.4 0.284818
71.5 0.284849
71.6 0.284882
71.7 0.284918
71.8 0.284956
71.9 0.284997
72 0.285041
72.1 0.285089
72.2 0.285138
72.3 0.285191
72.4 0.285247
72.5 0.285306
72.6 0.285368
72.7 0.285434
72.8 0.285502
72.9 0.285574
73 0.285649
73.1 0.285728
73.2 0.28581
73.3 0.285894
73.4 0.285982
73.5 0.286074
73.6 0.286168
73.7 0.286265
73.8 0.286366
73.9 0.286469
74 0.286576
74.1 0.286685
74.2 0.286798
74.3 0.286912
74.4 0.28703
74.5 0.28715
74.6 0.287273
74.7 0.287399
74.8 0.287527
74.9 0.287657
75 0.28779
75.1 0.287925
75.2 0.288062
75.3 0.288201
75.4 0.288343
75.5 0.288487
75.6 0.288633
75.7 0.288781
75.8 0.288931
75.9 0.289084
76 0.289239
76.1 0.289395
76.2 0.289554
76.3 0.289715
76.4 0.289879
76.5 0.290044
76.6 0.290212
76.7 0.290382
76.8 0.290554
76.9 0.290728
77 0.290905
77.1 0.291084
77.2 0.291266
77.3 0.29145
77.4 0.291636
77.5 0.291825
77.6 0.292016
77.7 0.292209
77.8 0.292405
77.9 0.292604
78 0.292804
78.1 0.293007
78.2 0.293212
78.3 0.29342
78.4 0.29363
78.5 0.293841
78.6 0.294055
78.7 0.294271
78.8 0.294489
78.9 0.294708
79 0.294929
79.1 0.295153
79.2 0.295377
79.3 0.295603
79.4 0.29583
79.5 0.296059
79.6 0.296289
79.7 0.29652
79.8 0.296751
79.9 0.296984
80 0.297217
80.1 0.297451
80.2 0.297685
80.3 0.29792
80.4 0.298155
80.5 0.298391
80.6 0.298626
80.7 0.298862
80.8 0.299097
80.9 0.299332
81 0.299567
81.1 0.299802
81.2 0.300036
81.3 0.300271
81.4 0.300504
81.5 0.300737
81.6 0.30097
81.7 0.301201
81.8 0.301433
81.9 0.301663
82 0.301893
82.1 0.302121
82.2 0.302349
82.3 0.302576
82.4 0.302803
82.5 0.303028
82.6 0.303252
82.7 0.303476
82.8 0.303698
82.9 0.303919
83 0.30414
83.1 0.304359
83.2 0.304577
83.3 0.304794
83.4 0.305009
83.5 0.305223
83.6 0.305437
83.7 0.305648
83.8 0.305859
83.9 0.306068
84 0.306275
84.1 0.306481
84.2 0.306686
84.3 0.306889
84.4 0.30709
84.5 0.30729
84.6 0.307488
84.7 0.307685
84.8 0.30788
84.9 0.308072
85 0.308264
85.1 0.308453
85.2 0.30864
85.3 0.308826
85.4 0.309009
85.5 0.309191
85.6 0.30937
85.7 0.309548
85.8 0.309723
85.9 0.309896
86 0.310067
86.1 0.310236
86.2 0.310403
86.3 0.310568
86.4 0.31073
86.5 0.31089
86.6 0.311049
86.7 0.311204
86.8 0.311358
86.9 0.311509
87 0.311659
87.1 0.311805
87.2 0.31195
87.3 0.312093
87.4 0.312233
87.5 0.312371
87.6 0.312507
87.7 0.31264
87.8 0.312772
87.9 0.312901
88 0.313028
88.1 0.313153
88.2 0.313276
88.3 0.313397
88.4 0.313515
88.5 0.313632
88.6 0.313746
88.7 0.313858
88.8 0.313969
88.9 0.314077
89 0.314183
89.1 0.314288
89.2 0.31439
89.3 0.31449
89.4 0.314588
89.5 0.314684
89.6 0.314779
89.7 0.314871
89.8 0.314962
89.9 0.31505
90 0.315137
90.1 0.315222
90.2 0.315305
90.3 0.315386
90.4 0.315466
90.5 0.315543
90.6 0.315619
90.7 0.315693
90.8 0.315765
90.9 0.315836
91 0.315905
91.1 0.315972
91.2 0.316037
91.3 0.316101
91.4 0.316163
91.5 0.316223
91.6 0.316282
91.7 0.31634
91.8 0.316395
91.9 0.316449
92 0.316502
92.1 0.316553
92.2 0.316602
92.3 0.316651
92.4 0.316697
92.5 0.316742
92.6 0.316786
92.7 0.316828
92.8 0.316869
92.9 0.316908
93 0.316947
93.1 0.316984
93.2 0.317019
93.3 0.317054
93.4 0.317086
93.5 0.317118
93.6 0.317149
93.7 0.317178
93.8 0.317206
93.9 0.317233
94 0.317259
94.1 0.317284
94.2 0.317307
94.3 0.31733
94.4 0.317351
94.5 0.317372
94.6 0.317391
94.7 0.317409
94.8 0.317427
94.9 0.317443
95 0.317458
95.1 0.317472
95.2 0.317486
95.3 0.317499
95.4 0.31751
95.5 0.317521
95.6 0.317531
95.7 0.31754
95.8 0.317548
95.9 0.317555
96 0.317561
96.1 0.317567
96.2 0.317572
96.3 0.317576
96.4 0.317579
96.5 0.317581
96.6 0.317583
96.7 0.317584
96.8 0.317584
96.9 0.317584
97 0.317582
97.1 0.317581
97.2 0.317578
97.3 0.317575
97.4 0.317571
97.5 0.317566
97.6 0.317561
97.7 0.317555
97.8 0.317549
97.9 0.317542
98 0.317534
98.1 0.317526
98.2 0.317517
98.3 0.317507
98.4 0.317497
98.5 0.317487
98.6 0.317476
98.7 0.317464
98.8 0.317452
98.9 0.317439
99 0.317427
99.1 0.317413
99.2 0.317399
99.3 0.317384
99.4 0.317369
99.5 0.317354
99.6 0.317338
99.7 0.317322
99.8 0.317305
99.9 0.317288
100 0.31727
100.1 0.317253
100.2 0.317234
100.3 0.317216
100.4 0.317196
100.5 0.317177
100.6 0.317157
100.7 0.317137
100.8 0.317117
100.9 0.317096
101 0.317075
101.1 0.317054
101.2 0.317032
101.3 0.31701
101.4 0.316987
101.5 0.316965
101.6 0.316942
101.7 0.316919
101.8 0.316895
101.9 0.316872
102 0.316847
102.1 0.316823
102.2 0.316799
102.3 0.316774
102.4 0.316749
102.5 0.316724
102.6 0.316698
102.7 0.316673
102.8 0.316647
102.9 0.31662
103 0.316594
103.1 0.316568
103.2 0.316541
103.3 0.316514
103.4 0.316486
103.5 0.316459
103.6 0.316431
103.7 0.316404
103.8 0.316376
103.9 0.316347
104 0.316319
104.1 0.31629
104.2 0.316261
104.3 0.316232
104.4 0.316203
104.5 0.316174
104.6 0.316144
104.7 0.316114
104.8 0.316084
104.9 0.316054
105 0.316024
105.1 0.315993
105.2 0.315963
105.3 0.315932
105.4 0.315901
105.5 0.315869
105.6 0.315838
105.7 0.315807
105.8 0.315775
105.9 0.315743
106 0.315711
106.1 0.315679
106.2 0.315646
106.3 0.315614
106.4 0.315581
106.5 0.315548
106.6 0.315515
106.7 0.315482
106.8 0.315449
106.9 0.315415
107 0.315382
107.1 0.315348
107.2 0.315314
107.3 0.31528
107.4 0.315246
107.5 0.315211
107.6 0.315177
107.7 0.315142
107.8 0.315107
107.9 0.315072
108 0.315037
108.1 0.315002
108.2 0.314966
108.3 0.314931
108.4 0.314895
108.5 0.314859
108.6 0.314823
108.7 0.314787
108.8 0.314751
108.9 0.314714
109 0.314678
109.1 0.314641
109.2 0.314604
109.3 0.314567
109.4 0.31453
109.5 0.314492
109.6 0.314455
109.7 0.314417
109.8 0.314379
109.9 0.314341
110 0.314303
110.1 0.314264
110.2 0.314226
110.3 0.314187
110.4 0.314148
110.5 0.314109
110.6 0.314069
110.7 0.31403
110.8 0.31399
110.9 0.31395
111 0.313909
111.1 0.313869
111.2 0.313828
111.3 0.313787
111.4 0.313746
111.5 0.313705
111.6 0.313663
111.7 0.313621
111.8 0.313579
111.9 0.313536
112 0.313493
112.1 0.31345
112.2 0.313407
112.3 0.313363
112.4 0.313319
112.5 0.313275
112.6 0.31323
112.7 0.313185
112.8 0.313139
112.9 0.313093
113 0.313047
113.1 0.313001
113.2 0.312953
113.3 0.312906
113.4 0.312858
113.5 0.31281
113.6 0.312761
113.7 0.312712
113.8 0.312662
113.9 0.312612
114 0.312561
114.1 0.31251
114.2 0.312458
114.3 0.312406
114.4 0.312353
114.5 0.3123
114.6 0.312246
114.7 0.312191
114.8 0.312136
114.9 0.31208
115 0.312023
115.1 0.311966
115.2 0.311908
115.3 0.311849
115.4 0.31179
115.5 0.31173
115.6 0.311669
115.7 0.311607
115.8 0.311544
115.9 0.311481
116 0.311417
116.1 0.311352
116.2 0.311285
116.3 0.311218
116.4 0.31115
116.5 0.311081
116.6 0.311011
116.7 0.31094
116.8 0.310867
116.9 0.310794
117 0.310719
117.1 0.310643
117.2 0.310566
117.3 0.310487
117.4 0.310407
117.5 0.310326
117.6 0.310243
117.7 0.310159
117.8 0.310073
117.9 0.309986
118 0.309897
118.1 0.309806
118.2 0.309714
118.3 0.30962
118.4 0.309524
118.5 0.309426
118.6 0.309325
118.7 0.309223
118.8 0.309119
118.9 0.309012
119 0.308903
119.1 0.308791
119.2 0.308678
119.3 0.308561
119.4 0.308442
119.5 0.30832
119.6 0.308195
119.7 0.308067
119.8 0.307936
119.9 0.307801
120 0.307664
120.1 0.307522
120.2 0.307377
120.3 0.307228
120.4 0.307076
120.5 0.306919
120.6 0.306758
120.7 0.306592
120.8 0.306422
120.9 0.306246
121 0.306066
121.1 0.305881
121.2 0.30569
121.3 0.305493
121.4 0.30529
121.5 0.305081
121.6 0.304866
121.7 0.304643
121.8 0.304414
121.9 0.304177
122 0.303932
122.1 0.303679
122.2 0.303418
122.3 0.303148
122.4 0.302868
122.5 0.302579
122.6 0.302279
122.7 0.301969
122.8 0.301647
122.9 0.301314
123 0.300969
123.1 0.30061
123.2 0.300238
123.3 0.299852
123.4 0.29945
123.5 0.299033
123.6 0.298599
123.7 0.298148
123.8 0.297678
123.9 0.297189
124 0.29668
124.1 0.296149
124.2 0.295596
124.3 0.295019
124.4 0.294417
124.5 0.293788
124.6 0.293131
124.7 0.292445
124.8 0.291727
124.9 0.290976
125 0.290191
125.1 0.289368
125.2 0.288507
125.3 0.287604
125.4 0.286657
125.5 0.285664
125.6 0.284622
125.7 0.283527
125.8 0.282378
125.9 0.28117
126 0.2799
126.1 0.278565
126.2 0.27716
126.3 0.27568
126.4 0.274123
126.5 0.272483
126.6 0.270755
126.7 0.268934
126.8 0.267014
126.9 0.26499
127 0.262856
127.1 0.260606
127.2 0.258233
127.3 0.255732
127.4 0.253095
127.5 0.250315
127.6 0.247387
127.7 0.244305
127.8 0.241061
127.9 0.237651
128 0.234069
128.1 0.230311
128.2 0.226376
128.3 0.22226
128.4 0.217966
128.5 0.213495
128.6 0.208854
128.7 0.204051
128.8 0.199098
128.9 0.194013
129 0.188817
129.1 0.183536
129.2 0.178202
129.3 0.172855
129.4 0.167536
129.5 0.162295
129.6 0.157186
129.7 0.152268
129.8 0.1476
129.9 0.143244
130 0.139263
130.1 0.135715
130.2 0.132653
130.3 0.130124
130.4 0.128166
130.5 0.126807
130.6 0.12606
130.7 0.12593
130.8 0.126407
130.9 0.127469
131 0.129086
131.1 0.131216
131.2 0.133814
131.3 0.136826
131.4 0.140197
131.5 0.143872
131.6 0.147794
131.7 0.151912
131.8 0.156173
131.9 0.160533
132 0.16495
132.1 0.169387
132.2 0.173811
132.3 0.178195
132.4 0.182516
132.5 0.186756
132.6 0.190898
132.7 0.194931
132.8 0.198847
132.9 0.202638
133 0.206301
133.1 0.209833
133.2 0.213233
133.3 0.216501
133.4 0.21964
133.5 0.222652
133.6 0.225538
133.7 0.228303
133.8 0.230951
133.9 0.233486
134 0.235911
134.1 0.23823
134.2 0.240449
134.3 0.242572
134.4 0.244602
134.5 0.246543
134.6 0.248401
134.7 0.250178
134.8 0.251879
134.9 0.253507
135 0.255066
135.1 0.256559
135.2 0.257989
135.3 0.259359
135.4 0.260672
135.5 0.261931
135.6 0.263139
135.7 0.264298
135.8 0.26541
135.9 0.266478
136 0.267503
136.1 0.268489
136.2 0.269436
136.3 0.270346
136.4 0.271222
136.5 0.272065
136.6 0.272876
136.7 0.273657
136.8 0.27441
136.9 0.275135
137 0.275833
137.1 0.276507
137.2 0.277157
137.3 0.277784
137.4 0.278389
137.5 0.278973
137.6 0.279538
137.7 0.280083
137.8 0.28061
137.9 0.281119
138 0.281612
138.1 0.282089
138.2 0.28255
138.3 0.282996
138.4 0.283428
138.5 0.283847
138.6 0.284252
138.7 0.284645
138.8 0.285026
138.9 0.285395
139 0.285753
139.1 0.2861
139.2 0.286437
139.3 0.286764
139.4 0.287082
139.5 0.28739
139.6 0.287689
139.7 0.28798
139.8 0.288263
139.9 0.288538
140 0.288805
140.1 0.289065
140.2 0.289318
140.3 0.289563
140.4 0.289802
140.5 0.290035
140.6 0.290262
140.7 0.290482
140.8 0.290697
140.9 0.290906
141 0.29111
141.1 0.291309
141.2 0.291502
141.3 0.291691
141.4 0.291875
141.5 0.292054
141.6 0.292229
141.7 0.2924
141.8 0.292566
141.9 0.292729
142 0.292887
142.1 0.293042
142.2 0.293193
142.3 0.293341
142.4 0.293484
142.5 0.293625
142.6 0.293763
142.7 0.293897
142.8 0.294028
142.9 0.294156
143 0.294282
143.1 0.294404
143.2 0.294524
143.3 0.294641
143.4 0.294756
143.5 0.294868
143.6 0.294977
143.7 0.295084
143.8 0.295189
143.9 0.295292
144 0.295392
144.1 0.29549
144.2 0.295587
144.3 0.295681
144.4 0.295773
144.5 0.295863
144.6 0.295952
144.7 0.296038
144.8 0.296123
144.9 0.296206
145 0.296288
145.1 0.296368
145.2 0.296446
145.3 0.296522
145.4 0.296597
145.5 0.296671
145.6 0.296743
145.7 0.296814
145.8 0.296883
145.9 0.296951
146 0.297018
146.1 0.297083
146.2 0.297147
146.3 0.29721
146.4 0.297271
146.5 0.297332
146.6 0.297391
146.7 0.29745
146.8 0.297507
146.9 0.297562
147 0.297617
147.1 0.297672
147.2 0.297724
147.3 0.297776
147.4 0.297827
147.5 0.297877
147.6 0.297926
147.7 0.297974
147.8 0.298022
147.9 0.298068
148 0.298114
148.1 0.298158
148.2 0.298202
148.3 0.298245
148.4 0.298288
148.5 0.298329
148.6 0.29837
148.7 0.29841
148.8 0.29845
148.9 0.298488
149 0.298526
149.1 0.298563
149.2 0.2986
149.3 0.298636
149.4 0.298671
149.5 0.298706
149.6 0.29874
149.7 0.298773
149.8 0.298806
149.9 0.298838
150 0.29887
150.1 0.298901
150.2 0.298932
150.3 0.298961
150.4 0.298991
150.5 0.29902
150.6 0.299048
150.7 0.299076
150.8 0.299104
150.9 0.299131
151 0.299157
151.1 0.299183
151.2 0.299209
151.3 0.299234
151.4 0.299258
151.5 0.299283
151.6 0.299306
151.7 0.29933
151.8 0.299353
151.9 0.299375
152 0.299397
152.1 0.299419
152.2 0.29944
152.3 0.299462
152.4 0.299482
152.5 0.299502
152.6 0.299522
152.7 0.299541
152.8 0.299561
152.9 0.29958
153 0.299598
153.1 0.299616
153.2 0.299634
153.3 0.299651
153.4 0.299669
153.5 0.299685
153.6 0.299702
153.7 0.299718
153.8 0.299734
153.9 0.29975
154 0.299765
154.1 0.29978
154.2 0.299795
154.3 0.29981
154.4 0.299824
154.5 0.299838
154.6 0.299851
154.7 0.299865
154.8 0.299878
154.9 0.299891
155 0.299904
155.1 0.299916
155.2 0.299929
155.3 0.299941
155.4 0.299953
155.5 0.299964
155.6 0.299975
155.7 0.299987
155.8 0.299997
155.9 0.300008
156 0.300019
156.1 0.300029
156.2 0.300039
156.3 0.300049
156.4 0.300059
156.5 0.300068
156.6 0.300077
156.7 0.300086
156.8 0.300095
156.9 0.300104
157 0.300113
157.1 0.300121
157.2 0.300129
157.3 0.300137
157.4 0.300145
157.5 0.300153
157.6 0.30016
157.7 0.300168
157.8 0.300175
157.9 0.300182
158 0.300189
158.1 0.300195
158.2 0.300202
158.3 0.300209
158.4 0.300215
158.5 0.300221
158.6 0.300227
158.7 0.300233
158.8 0.300239
158.9 0.300244
159 0.300249
159.1 0.300255
159.2 0.30026
159.3 0.300265
159.4 0.30027
159.5 0.300275
159.6 0.300279
159.7 0.300284
159.8 0.300289
159.9 0.300293
160 0.300297
160.1 0.300301
160.2 0.300305
160.3 0.300309
160.4 0.300313
160.5 0.300316
160.6 0.30032
160.7 0.300324
160.8 0.300327
160.9 0.30033
161 0.300333
161.1 0.300336
161.2 0.300339
161.3 0.300342
161.4 0.300345
161.5 0.300347
161.6 0.30035
161.7 0.300352
161.8 0.300355
161.9 0.300357
162 0.300359
162.1 0.300362
162.2 0.300363
162.3 0.300365
162.4 0.300367
162.5 0.300369
162.6 0.300371
162.7 0.300372
162.8 0.300374
162.9 0.300375
163 0.300377
163.1 0.300378
163.2 0.300379
163.3 0.30038
163.4 0.300381
163.5 0.300382
163.6 0.300383
163.7 0.300384
163.8 0.300385
163.9 0.300386
164 0.300386
164.1 0.300387
164.2 0.300387
164.3 0.300388
164.4 0.300388
164.5 0.300388
164.6 0.300389
164.7 0.300389
164.8 0.300389
164.9 0.300389
165 0.300389
165.1 0.300389
165.2 0.300389
165.3 0.300389
165.4 0.300389
165.5 0.300388
165.6 0.300388
165.7 0.300388
165.8 0.300387
165.9 0.300387
166 0.300386
166.1 0.300386
166.2 0.300385
166.3 0.300384
166.4 0.300384
166.5 0.300383
166.6 0.300382
166.7 0.300381
166.8 0.30038
166.9 0.300379
167 0.300378
167.1 0.300377
167.2 0.300376
167.3 0.300375
167.4 0.300373
167.5 0.300372
167.6 0.300371
167.7 0.300369
167.8 0.300368
167.9 0.300366
168 0.300365
168.1 0.300364
168.2 0.300362
168.3 0.30036
168.4 0.300359
168.5 0.300357
168.6 0.300355
168.7 0.300354
168.8 0.300352
168.9 0.30035
169 0.300348
169.1 0.300346
169.2 0.300344
169.3 0.300342
169.4 0.30034
169.5 0.300338
169.6 0.300336
169.7 0.300334
169.8 0.300332
169.9 0.30033
170 0.300327
170.1 0.300325
170.2 0.300323
170.3 0.300321
170.4 0.300318
170.5 0.300316
170.6 0.300313
170.7 0.300311
170.8 0.300309
170.9 0.300306
171 0.300304
171.1 0.300301
171.2 0.300298
171.3 0.300296
171.4 0.300293
171.5 0.300291
171.6 0.300288
171.7 0.300285
171.8 0.300283
171.9 0.30028
172 0.300277
172.1 0.300274
172.2 0.300271
172.3 0.300269
172.4 0.300266
172.5 0.300263
172.6 0.30026
172.7 0.300257
172.8 0.300254
172.9 0.300251
173 0.300248
173.1 0.300245
173.2 0.300242
173.3 0.300239
173.4 0.300236
173.5 0.300233
173.6 0.30023
173.7 0.300226
173.8 0.300223
173.9 0.30022
174 0.300217
174.1 0.300214
174.2 0.30021
174.3 0.300207
174.4 0.300204
174.5 0.3002
174.6 0.300197
174.7 0.300194
174.8 0.30019
174.9 0.300187
175 0.300184
175.1 0.30018
175.2 0.300177
175.3 0.300174
175.4 0.30017
175.5 0.300167
175.6 0.300163
175.7 0.30016
175.8 0.300156
175.9 0.300153
176 0.300149
176.1 0.300146
176.2 0.300142
176.3 0.300138
176.4 0.300135
176.5 0.300131
176.6 0.300128
176.7 0.300124
176.8 0.30012
176.9 0.300117
177 0.300113
177.1 0.30011
177.2 0.300106
177.3 0.300102
177.4 0.300099
177.5 0.300095
177.6 0.300091
177.7 0.300088
177.8 0.300084
177.9 0.30008
178 0.300076
178.1 0.300073
178.2 0.300069
178.3 0.300065
178.4 0.300061
178.5 0.300058
178.6 0.300054
178.7 0.30005
178.8 0.300046
178.9 0.300042
179 0.300038
179.1 0.300034
179.2 0.300031
179.3 0.300027
179.4 0.300023
179.5 0.300019
179.6 0.300015
179.7 0.300012
179.8 0.300008
179.9 0.300004
