0.1 176.097 
0.2 175.456 
0.3 174.396 
0.4 172.927 
0.5 171.062 
0.6 168.819 
0.7 166.22 
0.8 163.287 
0.9 160.047 
1 156.528 
1.1 152.76 
1.2 148.775 
1.3 144.605 
1.4 140.282 
1.5 135.838 
1.6 131.304 
1.7 126.712 
1.8 122.09 
1.9 117.467 
2 112.868 
2.1 108.317 
2.2 103.836 
2.3 99.4439 
2.4 95.1573 
2.5 90.9907 
2.6 86.9561 
2.7 83.063 
2.8 79.3189 
2.9 75.7289 
3 72.2963 
3.1 69.0226 
3.2 65.9075 
3.3 62.9494 
3.4 60.1454 
3.5 57.4914 
3.6 54.9827 
3.7 52.6135 
3.8 50.3776 
3.9 48.2686 
4 46.2794 
4.1 44.4031 
4.2 42.6327 
4.3 40.961 
4.4 39.3812 
4.5 37.8867 
4.6 36.4709 
4.7 35.1278 
4.8 33.8516 
4.9 32.6369 
5 31.4786 
5.1 30.372 
5.2 29.3129 
5.3 28.2974 
5.4 27.322 
5.5 26.3836 
5.6 25.4795 
5.7 24.6072 
5.8 23.7646 
5.9 22.9501 
6 22.1619 
6.1 21.399 
6.2 20.6602 
6.3 19.9448 
6.4 19.252 
6.5 18.5813 
6.6 17.9323 
6.7 17.3046 
6.8 16.698 
6.9 16.1123 
7 15.5472 
7.1 15.0025 
7.2 14.478 
7.3 13.9734 
7.4 13.4885 
7.5 13.0228 
7.6 12.5761 
7.7 12.1478 
7.8 11.7374 
7.9 11.3445 
8 10.9684 
8.1 10.6085 
8.2 10.2641 
8.3 9.93462 
8.4 9.61928 
8.5 9.31741 
8.6 9.02829 
8.7 8.75125 
8.8 8.48558 
8.9 8.23065 
9 7.98582 
9.1 7.7505 
9.2 7.52411 
9.3 7.30614 
9.4 7.0961 
9.5 6.89355 
9.6 6.69807 
9.7 6.50931 
9.8 6.32694 
9.9 6.15065 
10 5.98019 
10.1 5.81534 
10.2 5.65588 
10.3 5.50163 
10.4 5.35244 
10.5 5.20817 
10.6 5.06868 
10.7 4.93387 
10.8 4.80361 
10.9 4.6778 
11 4.55635 
11.1 4.43914 
11.2 4.32607 
11.3 4.21704 
11.4 4.11193 
11.5 4.01061 
11.6 3.91296 
11.7 3.81884 
11.8 3.72811 
11.9 3.64062 
12 3.55622 
12.1 3.47475 
12.2 3.39604 
12.3 3.31993 
12.4 3.24625 
12.5 3.17485 
12.6 3.10557 
12.7 3.03825 
12.8 2.97274 
12.9 2.90891 
13 2.84664 
13.1 2.7858 
13.2 2.7263 
13.3 2.66805 
13.4 2.61096 
13.5 2.55499 
13.6 2.50008 
13.7 2.44619 
13.8 2.3933 
13.9 2.3414 
14 2.29049 
14.1 2.24057 
14.2 2.19165 
14.3 2.14375 
14.4 2.09691 
14.5 2.05113 
14.6 2.00646 
14.7 1.96291 
14.8 1.92051 
14.9 1.87928 
15 1.83924 
15.1 1.80041 
15.2 1.76279 
15.3 1.72637 
15.4 1.69117 
15.5 1.65715 
15.6 1.62431 
15.7 1.59262 
15.8 1.56204 
15.9 1.53253 
16 1.50406 
16.1 1.47656 
16.2 1.44998 
16.3 1.42427 
16.4 1.39937 
16.5 1.3752 
16.6 1.35171 
16.7 1.32883 
16.8 1.3065 
16.9 1.28466 
17 1.26325 
17.1 1.24222 
17.2 1.22151 
17.3 1.20109 
17.4 1.18091 
17.5 1.16094 
17.6 1.14116 
17.7 1.12154 
17.8 1.10208 
17.9 1.08277 
18 1.0636 
18.1 1.04459 
18.2 1.02574 
18.3 1.00706 
18.4 0.988583 
18.5 0.970323 
18.6 0.952305 
18.7 0.934556 
18.8 0.917102 
18.9 0.899971 
19 0.88319 
19.1 0.866782 
19.2 0.850771 
19.3 0.835179 
19.4 0.820022 
19.5 0.805315 
19.6 0.791068 
19.7 0.777289 
19.8 0.76398 
19.9 0.751141 
20 0.738765 
20.1 0.726845 
20.2 0.715368 
20.3 0.704318 
20.4 0.693676 
20.5 0.683422 
20.6 0.673531 
20.7 0.663978 
20.8 0.654736 
20.9 0.645779 
21 0.637077 
21.1 0.628603 
21.2 0.620331 
21.3 0.612233 
21.4 0.604285 
21.5 0.596464 
21.6 0.588749 
21.7 0.581121 
21.8 0.573565 
21.9 0.566067 
22 0.558617 
22.1 0.551207 
22.2 0.543832 
22.3 0.536491 
22.4 0.529184 
22.5 0.521915 
22.6 0.514688 
22.7 0.507512 
22.8 0.500394 
22.9 0.493345 
23 0.486376 
23.1 0.4795 
23.2 0.472727 
23.3 0.46607 
23.4 0.459541 
23.5 0.453151 
23.6 0.44691 
23.7 0.440826 
23.8 0.434908 
23.9 0.429161 
24 0.423591 
24.1 0.418199 
24.2 0.412988 
24.3 0.407957 
24.4 0.403104 
24.5 0.398425 
24.6 0.393916 
24.7 0.389569 
24.8 0.385379 
24.9 0.381335 
25 0.377429 
25.1 0.373652 
25.2 0.369992 
25.3 0.366439 
25.4 0.362983 
25.5 0.359612 
25.6 0.356318 
25.7 0.35309 
25.8 0.349918 
25.9 0.346795 
26 0.343713 
26.1 0.340665 
26.2 0.337646 
26.3 0.33465 
26.4 0.331675 
26.5 0.328718 
26.6 0.325777 
26.7 0.322851 
26.8 0.319941 
26.9 0.317048 
27 0.314173 
27.1 0.31132 
27.2 0.30849 
27.3 0.305688 
27.4 0.302916 
27.5 0.300178 
27.6 0.297478 
27.7 0.294819 
27.8 0.292205 
27.9 0.289638 
28 0.28712 
28.1 0.284654 
28.2 0.282241 
28.3 0.279882 
28.4 0.277578 
28.5 0.275327 
28.6 0.27313 
28.7 0.270985 
28.8 0.268891 
28.9 0.266844 
29 0.264844 
29.1 0.262886 
29.2 0.260968 
29.3 0.259088 
29.4 0.257241 
29.5 0.255424 
29.6 0.253635 
29.7 0.251871 
29.8 0.250128 
29.9 0.248405 
30 0.246699 
30.1 0.245007 
30.2 0.24333 
30.3 0.241664 
30.4 0.24001 
30.5 0.238367 
30.6 0.236735 
30.7 0.235114 
30.8 0.233503 
30.9 0.231905 
31 0.230319 
31.1 0.228747 
31.2 0.22719 
31.3 0.22565 
31.4 0.224127 
31.5 0.222622 
31.6 0.221137 
31.7 0.219674 
31.8 0.218232 
31.9 0.216812 
32 0.215415 
32.1 0.214042 
32.2 0.212691 
32.3 0.211363 
32.4 0.210057 
32.5 0.208771 
32.6 0.207505 
32.7 0.206258 
32.8 0.205026 
32.9 0.203809 
33 0.202604 
33.1 0.20141 
33.2 0.200224 
33.3 0.199043 
33.4 0.197866 
33.5 0.196691 
33.6 0.195516 
33.7 0.194339 
33.8 0.193159 
33.9 0.191974 
34 0.190785 
34.1 0.189589 
34.2 0.188388 
34.3 0.187181 
34.4 0.185969 
34.5 0.184752 
34.6 0.183532 
34.7 0.18231 
34.8 0.181088 
34.9 0.179868 
35 0.178651 
35.1 0.17744 
35.2 0.176237 
35.3 0.175045 
35.4 0.173865 
35.5 0.172699 
35.6 0.171551 
35.7 0.170422 
35.8 0.169313 
35.9 0.168226 
36 0.167162 
36.1 0.166122 
36.2 0.165107 
36.3 0.164118 
36.4 0.163153 
36.5 0.162212 
36.6 0.161296 
36.7 0.160403 
36.8 0.159531 
36.9 0.158678 
37 0.157844 
37.1 0.157026 
37.2 0.156221 
37.3 0.155427 
37.4 0.154642 
37.5 0.153863 
37.6 0.153087 
37.7 0.152313 
37.8 0.151537 
37.9 0.150758 
38 0.149973 
38.1 0.14918 
38.2 0.148379 
38.3 0.147567 
38.4 0.146745 
38.5 0.145911 
38.6 0.145065 
38.7 0.144208 
38.8 0.143339 
38.9 0.14246 
39 0.141572 
39.1 0.140676 
39.2 0.139774 
39.3 0.138868 
39.4 0.13796 
39.5 0.137052 
39.6 0.136146 
39.7 0.135245 
39.8 0.134351 
39.9 0.133467 
40 0.132594 
40.1 0.131736 
40.2 0.130893 
40.3 0.130068 
40.4 0.129261 
40.5 0.128476 
40.6 0.127711 
40.7 0.126969 
40.8 0.126249 
40.9 0.125551 
41 0.124876 
41.1 0.124222 
41.2 0.123589 
41.3 0.122976 
41.4 0.122381 
41.5 0.121803 
41.6 0.12124 
41.7 0.120689 
41.8 0.12015 
41.9 0.119619 
42 0.119095 
42.1 0.118575 
42.2 0.118057 
42.3 0.117539 
42.4 0.117018 
42.5 0.116494 
42.6 0.115963 
42.7 0.115425 
42.8 0.114878 
42.9 0.114321 
43 0.113754 
43.1 0.113175 
43.2 0.112585 
43.3 0.111983 
43.4 0.111369 
43.5 0.110745 
43.6 0.110111 
43.7 0.109468 
43.8 0.108817 
43.9 0.108159 
44 0.107497 
44.1 0.106831 
44.2 0.106163 
44.3 0.105495 
44.4 0.104829 
44.5 0.104167 
44.6 0.10351 
44.7 0.102859 
44.8 0.102217 
44.9 0.101584 
45 0.100962 
45.1 0.100352 
45.2 0.0997537 
45.3 0.0991691 
45.4 0.098598 
45.5 0.0980406 
45.6 0.0974969 
45.7 0.0969667 
45.8 0.0964495 
45.9 0.0959446 
46 0.0954513 
46.1 0.0949685 
46.2 0.0944952 
46.3 0.0940301 
46.4 0.093572 
46.5 0.0931193 
46.6 0.0926707 
46.7 0.0922247 
46.8 0.0917798 
46.9 0.0913346 
47 0.0908878 
47.1 0.090438 
47.2 0.089984 
47.3 0.0895247 
47.4 0.0890593 
47.5 0.0885868 
47.6 0.0881067 
47.7 0.0876184 
47.8 0.0871216 
47.9 0.0866162 
48 0.0861021 
48.1 0.0855797 
48.2 0.0850492 
48.3 0.084511 
48.4 0.0839659 
48.5 0.0834145 
48.6 0.0828577 
48.7 0.0822963 
48.8 0.0817314 
48.9 0.0811641 
49 0.0805952 
49.1 0.0800259 
49.2 0.0794572 
49.3 0.0788902 
49.4 0.0783257 
49.5 0.0777646 
49.6 0.0772078 
49.7 0.0766561 
49.8 0.0761099 
49.9 0.0755698 
50 0.0750362 
50.1 0.0745095 
50.2 0.0739897 
50.3 0.073477 
50.4 0.0729713 
50.5 0.0724724 
50.6 0.07198 
50.7 0.071494 
50.8 0.0710137 
50.9 0.0705388 
51 0.0700686 
51.1 0.0696027 
51.2 0.0691403 
51.3 0.0686809 
51.4 0.0682238 
51.5 0.0677684 
51.6 0.0673141 
51.7 0.0668602 
51.8 0.0664062 
51.9 0.0659517 
52 0.0654961 
52.1 0.0650392 
52.2 0.0645806 
52.3 0.0641201 
52.4 0.0636576 
52.5 0.063193 
52.6 0.0627262 
52.7 0.0622574 
52.8 0.0617868 
52.9 0.0613145 
53 0.0608409 
53.1 0.0603662 
53.2 0.0598909 
53.3 0.0594154 
53.4 0.0589401 
53.5 0.0584655 
53.6 0.0579921 
53.7 0.0575204 
53.8 0.0570509 
53.9 0.056584 
54 0.0561202 
54.1 0.0556598 
54.2 0.0552034 
54.3 0.0547511 
54.4 0.0543032 
54.5 0.0538601 
54.6 0.0534219 
54.7 0.0529888 
54.8 0.0525608 
54.9 0.0521381 
55 0.0517205 
55.1 0.0513081 
55.2 0.0509008 
55.3 0.0504985 
55.4 0.050101 
55.5 0.0497083 
55.6 0.0493201 
55.7 0.0489362 
55.8 0.0485566 
55.9 0.048181 
56 0.0478092 
56.1 0.0474411 
56.2 0.0470765 
56.3 0.0467154 
56.4 0.0463577 
56.5 0.0460032 
56.6 0.045652 
56.7 0.045304 
56.8 0.0449593 
56.9 0.0446179 
57 0.04428 
57.1 0.0439456 
57.2 0.0436149 
57.3 0.0432881 
57.4 0.0429653 
57.5 0.0426468 
57.6 0.0423327 
57.7 0.0420233 
57.8 0.0417188 
57.9 0.0414195 
58 0.0411255 
58.1 0.0408371 
58.2 0.0405544 
58.3 0.0402777 
58.4 0.0400071 
58.5 0.0397426 
58.6 0.0394845 
58.7 0.0392328 
58.8 0.0389874 
58.9 0.0387485 
59 0.0385159 
59.1 0.0382895 
59.2 0.0380694 
59.3 0.0378553 
59.4 0.0376472 
59.5 0.0374447 
59.6 0.0372477 
59.7 0.037056 
59.8 0.0368694 
59.9 0.0366877 
60 0.0365105 
60.1 0.0363377 
60.2 0.036169 
60.3 0.0360042 
60.4 0.0358432 
60.5 0.0356858 
60.6 0.0355318 
60.7 0.0353811 
60.8 0.0352337 
60.9 0.0350895 
61 0.0349485 
61.1 0.0348107 
61.2 0.0346762 
61.3 0.0345451 
61.4 0.0344176 
61.5 0.0342937 
61.6 0.0341738 
61.7 0.0340579 
61.8 0.0339464 
61.9 0.0338395 
62 0.0337375 
62.1 0.0336407 
62.2 0.0335493 
62.3 0.0334637 
62.4 0.0333841 
62.5 0.0333108 
62.6 0.033244 
62.7 0.033184 
62.8 0.0331309 
62.9 0.033085 
63 0.0330463 
63.1 0.033015 
63.2 0.0329911 
63.3 0.0329746 
63.4 0.0329656 
63.5 0.032964 
63.6 0.0329696 
63.7 0.0329823 
63.8 0.0330019 
63.9 0.0330282 
64 0.033061 
64.1 0.0330999 
64.2 0.0331446 
64.3 0.0331948 
64.4 0.03325 
64.5 0.03331 
64.6 0.0333743 
64.7 0.0334426 
64.8 0.0335143 
64.9 0.0335892 
65 0.0336669 
65.1 0.033747 
65.2 0.0338291 
65.3 0.0339131 
65.4 0.0339985 
65.5 0.0340852 
65.6 0.0341729 
65.7 0.0342615 
65.8 0.0343509 
65.9 0.034441 
66 0.0345317 
66.1 0.0346232 
66.2 0.0347153 
66.3 0.0348083 
66.4 0.0349022 
66.5 0.0349973 
66.6 0.0350937 
66.7 0.0351916 
66.8 0.0352914 
66.9 0.0353932 
67 0.0354975 
67.1 0.0356043 
67.2 0.0357142 
67.3 0.0358273 
67.4 0.0359439 
67.5 0.0360644 
67.6 0.036189 
67.7 0.0363179 
67.8 0.0364514 
67.9 0.0365896 
68 0.0367327 
68.1 0.0368808 
68.2 0.037034 
68.3 0.0371923 
68.4 0.0373557 
68.5 0.0375242 
68.6 0.0376977 
68.7 0.0378761 
68.8 0.0380592 
68.9 0.0382468 
69 0.0384386 
69.1 0.0386344 
69.2 0.0388338 
69.3 0.0390367 
69.4 0.0392425 
69.5 0.0394509 
69.6 0.0396615 
69.7 0.039874 
69.8 0.0400879 
69.9 0.0403029 
70 0.0405185 
70.1 0.0407343 
70.2 0.04095 
70.3 0.0411652 
70.4 0.0413797 
70.5 0.041593 
70.6 0.0418049 
70.7 0.0420152 
70.8 0.0422237 
70.9 0.0424302 
71 0.0426345 
71.1 0.0428366 
71.2 0.0430364 
71.3 0.0432338 
71.4 0.043429 
71.5 0.0436219 
71.6 0.0438126 
71.7 0.0440013 
71.8 0.0441881 
71.9 0.0443731 
72 0.0445566 
72.1 0.0447387 
72.2 0.0449197 
72.3 0.0450999 
72.4 0.0452793 
72.5 0.0454584 
72.6 0.0456373 
72.7 0.0458162 
72.8 0.0459954 
72.9 0.0461751 
73 0.0463555 
73.1 0.0465367 
73.2 0.0467188 
73.3 0.0469021 
73.4 0.0470866 
73.5 0.0472723 
73.6 0.0474593 
73.7 0.0476475 
73.8 0.0478371 
73.9 0.0480278 
74 0.0482196 
74.1 0.0484124 
74.2 0.0486061 
74.3 0.0488004 
74.4 0.0489951 
74.5 0.0491901 
74.6 0.0493851 
74.7 0.0495798 
74.8 0.049774 
74.9 0.0499673 
75 0.0501596 
75.1 0.0503504 
75.2 0.0505394 
75.3 0.0507265 
75.4 0.0509112 
75.5 0.0510934 
75.6 0.0512727 
75.7 0.0514489 
75.8 0.0516217 
75.9 0.0517909 
76 0.0519563 
76.1 0.0521178 
76.2 0.0522751 
76.3 0.0524282 
76.4 0.0525769 
76.5 0.0527212 
76.6 0.0528609 
76.7 0.0529961 
76.8 0.0531268 
76.9 0.0532529 
77 0.0533746 
77.1 0.0534918 
77.2 0.0536048 
77.3 0.0537134 
77.4 0.053818 
77.5 0.0539185 
77.6 0.0540152 
77.7 0.0541081 
77.8 0.0541975 
77.9 0.0542834 
78 0.0543661 
78.1 0.0544456 
78.2 0.0545222 
78.3 0.0545959 
78.4 0.0546669 
78.5 0.0547353 
78.6 0.0548012 
78.7 0.0548646 
78.8 0.0549258 
78.9 0.0549847 
79 0.0550413 
79.1 0.0550958 
79.2 0.055148 
79.3 0.0551981 
79.4 0.0552459 
79.5 0.0552914 
79.6 0.0553345 
79.7 0.0553753 
79.8 0.0554135 
79.9 0.055449 
80 0.0554819 
80.1 0.0555118 
80.2 0.0555387 
80.3 0.0555625 
80.4 0.0555829 
80.5 0.0555999 
80.6 0.0556132 
80.7 0.0556227 
80.8 0.0556282 
80.9 0.0556296 
81 0.0556268 
81.1 0.0556195 
81.2 0.0556077 
81.3 0.0555912 
81.4 0.0555698 
81.5 0.0555436 
81.6 0.0555123 
81.7 0.0554759 
81.8 0.0554343 
81.9 0.0553875 
82 0.0553354 
82.1 0.055278 
82.2 0.0552152 
82.3 0.0551471 
82.4 0.0550737 
82.5 0.0549949 
82.6 0.0549109 
82.7 0.0548216 
82.8 0.0547271 
82.9 0.0546275 
83 0.0545228 
83.1 0.0544132 
83.2 0.0542986 
83.3 0.0541793 
83.4 0.0540552 
83.5 0.0539265 
83.6 0.0537932 
83.7 0.0536555 
83.8 0.0535134 
83.9 0.0533671 
84 0.0532166 
84.1 0.053062 
84.2 0.0529033 
84.3 0.0527407 
84.4 0.0525742 
84.5 0.0524038 
84.6 0.0522297 
84.7 0.0520518 
84.8 0.0518703 
84.9 0.051685 
85 0.0514961 
85.1 0.0513035 
85.2 0.0511073 
85.3 0.0509075 
85.4 0.050704 
85.5 0.0504969 
85.6 0.0502861 
85.7 0.0500716 
85.8 0.0498535 
85.9 0.0496316 
86 0.049406 
86.1 0.0491766 
86.2 0.0489434 
86.3 0.0487063 
86.4 0.0484654 
86.5 0.0482207 
86.6 0.047972 
86.7 0.0477194 
86.8 0.0474629 
86.9 0.0472024 
87 0.046938 
87.1 0.0466696 
87.2 0.0463973 
87.3 0.046121 
87.4 0.0458407 
87.5 0.0455565 
87.6 0.0452685 
87.7 0.0449765 
87.8 0.0446808 
87.9 0.0443812 
88 0.0440779 
88.1 0.0437709 
88.2 0.0434602 
88.3 0.0431459 
88.4 0.0428282 
88.5 0.042507 
88.6 0.0421824 
88.7 0.0418545 
88.8 0.0415234 
88.9 0.0411891 
89 0.0408518 
89.1 0.0405115 
89.2 0.0401683 
89.3 0.0398223 
89.4 0.0394736 
89.5 0.0391223 
89.6 0.0387684 
89.7 0.038412 
89.8 0.0380533 
89.9 0.0376922 
90 0.037329 
90.1 0.0369635 
90.2 0.036596 
90.3 0.0362266 
90.4 0.0358552 
90.5 0.0354819 
90.6 0.0351069 
90.7 0.0347301 
90.8 0.0343517 
90.9 0.0339717 
91 0.0335902 
91.1 0.0332072 
91.2 0.0328228 
91.3 0.0324371 
91.4 0.0320501 
91.5 0.0316619 
91.6 0.0312726 
91.7 0.0308821 
91.8 0.0304907 
91.9 0.0300982 
92 0.0297049 
92.1 0.0293107 
92.2 0.0289157 
92.3 0.02852 
92.4 0.0281237 
92.5 0.0277268 
92.6 0.0273295 
92.7 0.0269317 
92.8 0.0265336 
92.9 0.0261352 
93 0.0257367 
93.1 0.025338 
93.2 0.0249394 
93.3 0.0245408 
93.4 0.0241424 
93.5 0.0237443 
93.6 0.0233465 
93.7 0.0229491 
93.8 0.0225523 
93.9 0.0221561 
94 0.0217606 
94.1 0.021366 
94.2 0.0209722 
94.3 0.0205795 
94.4 0.0201879 
94.5 0.0197975 
94.6 0.0194084 
94.7 0.0190207 
94.8 0.0186345 
94.9 0.0182499 
95 0.0178669 
95.1 0.0174858 
95.2 0.0171065 
95.3 0.0167292 
95.4 0.0163539 
95.5 0.0159808 
95.6 0.01561 
95.7 0.0152414 
95.8 0.0148753 
95.9 0.0145116 
96 0.0141506 
96.1 0.0137922 
96.2 0.0134365 
96.3 0.0130837 
96.4 0.0127338 
96.5 0.0123868 
96.6 0.012043 
96.7 0.0117022 
96.8 0.0113647 
96.9 0.0110305 
97 0.0106997 
97.1 0.0103724 
97.2 0.0100486 
97.3 0.00972836 
97.4 0.00941185 
97.5 0.00909911 
97.6 0.00879022 
97.7 0.00848526 
97.8 0.00818432 
97.9 0.00788746 
98 0.00759477 
98.1 0.00730634 
98.2 0.00702225 
98.3 0.00674257 
98.4 0.0064674 
98.5 0.00619681 
98.6 0.0059309 
98.7 0.00566974 
98.8 0.00541341 
98.9 0.00516202 
99 0.00491563 
99.1 0.00467433 
99.2 0.00443822 
99.3 0.00420736 
99.4 0.00398185 
99.5 0.00376177 
99.6 0.0035472 
99.7 0.00333822 
99.8 0.00313491 
99.9 0.00293734 
100 0.00274561 
100.1 0.00255977 
100.2 0.00237992 
100.3 0.00220611 
100.4 0.00203842 
100.5 0.00187692 
100.6 0.00172167 
100.7 0.00157275 
100.8 0.00143021 
100.9 0.00129412 
101 0.00116453 
101.1 0.00104151 
101.2 0.000925104 
101.3 0.000815373 
101.4 0.000712368 
101.5 0.000616139 
101.6 0.000526734 
101.7 0.0004442 
101.8 0.000368584 
101.9 0.000299928 
102 0.000238276 
102.1 0.000183668 
102.2 0.000136145 
102.3 9.5745e-05 
102.4 6.25063e-05 
102.5 3.64655e-05 
102.6 1.76585e-05 
102.7 6.12038e-06 
102.8 1.88549e-06 
102.9 4.98748e-06 
103 1.54594e-05 
103.1 3.33337e-05 
103.2 5.86424e-05 
103.3 9.14171e-05 
103.4 0.000131689 
103.5 0.000179488 
103.6 0.000234845 
103.7 0.00029779 
103.8 0.000368351 
103.9 0.000446559 
104 0.000532441 
104.1 0.000626025 
104.2 0.000727339 
104.3 0.000836409 
104.4 0.000953261 
104.5 0.00107792 
104.6 0.00121041 
104.7 0.00135076 
104.8 0.00149898 
104.9 0.00165509 
105 0.00181913 
105.1 0.0019911 
105.2 0.00217102 
105.3 0.0023589 
105.4 0.00255477 
105.5 0.00275862 
105.6 0.00297047 
105.7 0.00319032 
105.8 0.00341818 
105.9 0.00365405 
106 0.00389793 
106.1 0.00414981 
106.2 0.00440969 
106.3 0.00467756 
106.4 0.00495341 
106.5 0.00523722 
106.6 0.00552898 
106.7 0.00582866 
106.8 0.00613625 
106.9 0.00645171 
107 0.00677501 
107.1 0.00710613 
107.2 0.00744503 
107.3 0.00779166 
107.4 0.008146 
107.5 0.008508 
107.6 0.00887761 
107.7 0.00925479 
107.8 0.00963948 
107.9 0.0100316 
108 0.0104312 
108.1 0.0108381 
108.2 0.0112524 
108.3 0.0116738 
108.4 0.0121025 
108.5 0.0125383 
108.6 0.0129811 
108.7 0.0134309 
108.8 0.0138877 
108.9 0.0143513 
109 0.0148218 
109.1 0.0152989 
109.2 0.0157828 
109.3 0.0162733 
109.4 0.0167703 
109.5 0.0172738 
109.6 0.0177838 
109.7 0.0183001 
109.8 0.0188227 
109.9 0.0193515 
110 0.0198865 
110.1 0.0204276 
110.2 0.0209748 
110.3 0.0215279 
110.4 0.022087 
110.5 0.0226519 
110.6 0.0232226 
110.7 0.0237991 
110.8 0.0243813 
110.9 0.0249691 
111 0.0255625 
111.1 0.0261613 
111.2 0.0267656 
111.3 0.0273753 
111.4 0.0279903 
111.5 0.0286106 
111.6 0.0292361 
111.7 0.0298667 
111.8 0.0305023 
111.9 0.0311429 
112 0.0317885 
112.1 0.0324389 
112.2 0.0330941 
112.3 0.033754 
112.4 0.0344185 
112.5 0.0350876 
112.6 0.0357611 
112.7 0.036439 
112.8 0.0371212 
112.9 0.0378076 
113 0.0384981 
113.1 0.0391925 
113.2 0.039891 
113.3 0.0405932 
113.4 0.0412991 
113.5 0.0420086 
113.6 0.0427215 
113.7 0.0434379 
113.8 0.0441574 
113.9 0.0448802 
114 0.0456059 
114.1 0.0463344 
114.2 0.0470657 
114.3 0.0477997 
114.4 0.0485361 
114.5 0.0492748 
114.6 0.0500157 
114.7 0.0507587 
114.8 0.0515036 
114.9 0.0522503 
115 0.0529985 
115.1 0.0537483 
115.2 0.0544994 
115.3 0.0552516 
115.4 0.0560048 
115.5 0.056759 
115.6 0.0575138 
115.7 0.0582692 
115.8 0.059025 
115.9 0.059781 
116 0.0605372 
116.1 0.0612933 
116.2 0.0620492 
116.3 0.0628047 
116.4 0.0635598 
116.5 0.0643142 
116.6 0.0650678 
116.7 0.0658205 
116.8 0.0665721 
116.9 0.0673225 
117 0.0680715 
117.1 0.0688191 
117.2 0.069565 
117.3 0.0703092 
117.4 0.0710515 
117.5 0.0717918 
117.6 0.07253 
117.7 0.0732659 
117.8 0.0739994 
117.9 0.0747304 
118 0.0754589 
118.1 0.0761846 
118.2 0.0769074 
118.3 0.0776274 
118.4 0.0783443 
118.5 0.079058 
118.6 0.0797685 
118.7 0.0804756 
118.8 0.0811793 
118.9 0.0818794 
119 0.0825759 
119.1 0.0832686 
119.2 0.0839575 
119.3 0.0846424 
119.4 0.0853233 
119.5 0.0860001 
119.6 0.0866727 
119.7 0.087341 
119.8 0.0880049 
119.9 0.0886643 
120 0.0893191 
120.1 0.0899692 
120.2 0.0906145 
120.3 0.091255 
120.4 0.0918905 
120.5 0.092521 
120.6 0.0931463 
120.7 0.0937664 
120.8 0.0943811 
120.9 0.0949904 
121 0.0955942 
121.1 0.0961922 
121.2 0.0967846 
121.3 0.097371 
121.4 0.0979516 
121.5 0.098526 
121.6 0.0990943 
121.7 0.0996562 
121.8 0.100212 
121.9 0.100761 
122 0.101303 
122.1 0.101839 
122.2 0.102368 
122.3 0.10289 
122.4 0.103404 
122.5 0.103912 
122.6 0.104412 
122.7 0.104905 
122.8 0.10539 
122.9 0.105868 
123 0.106338 
123.1 0.106799 
123.2 0.107253 
123.3 0.107699 
123.4 0.108136 
123.5 0.108565 
123.6 0.108985 
123.7 0.109397 
123.8 0.1098 
123.9 0.110194 
124 0.11058 
124.1 0.110956 
124.2 0.111323 
124.3 0.11168 
124.4 0.112029 
124.5 0.112367 
124.6 0.112697 
124.7 0.113016 
124.8 0.113326 
124.9 0.113626 
125 0.113916 
125.1 0.114196 
125.2 0.114465 
125.3 0.114725 
125.4 0.114974 
125.5 0.115213 
125.6 0.115442 
125.7 0.11566 
125.8 0.115867 
125.9 0.116064 
126 0.116251 
126.1 0.116426 
126.2 0.116591 
126.3 0.116745 
126.4 0.116889 
126.5 0.117021 
126.6 0.117143 
126.7 0.117254 
126.8 0.117353 
126.9 0.117442 
127 0.11752 
127.1 0.117587 
127.2 0.117643 
127.3 0.117688 
127.4 0.117722 
127.5 0.117745 
127.6 0.117757 
127.7 0.117758 
127.8 0.117748 
127.9 0.117727 
128 0.117695 
128.1 0.117653 
128.2 0.117599 
128.3 0.117534 
128.4 0.117459 
128.5 0.117372 
128.6 0.117275 
128.7 0.117167 
128.8 0.117048 
128.9 0.116919 
129 0.116779 
129.1 0.116628 
129.2 0.116466 
129.3 0.116294 
129.4 0.116112 
129.5 0.115918 
129.6 0.115715 
129.7 0.115501 
129.8 0.115276 
129.9 0.115041 
130 0.114796 
130.1 0.114541 
130.2 0.114275 
130.3 0.113999 
130.4 0.113713 
130.5 0.113417 
130.6 0.113111 
130.7 0.112795 
130.8 0.112469 
130.9 0.112133 
131 0.111787 
131.1 0.111432 
131.2 0.111067 
131.3 0.110692 
131.4 0.110307 
131.5 0.109913 
131.6 0.10951 
131.7 0.109096 
131.8 0.108674 
131.9 0.108242 
132 0.107801 
132.1 0.107351 
132.2 0.106891 
132.3 0.106423 
132.4 0.105945 
132.5 0.105458 
132.6 0.104963 
132.7 0.104458 
132.8 0.103945 
132.9 0.103423 
133 0.102893 
133.1 0.102354 
133.2 0.101807 
133.3 0.101251 
133.4 0.100687 
133.5 0.100114 
133.6 0.0995337 
133.7 0.0989452 
133.8 0.0983486 
133.9 0.0977442 
134 0.097132 
134.1 0.096512 
134.2 0.0958845 
134.3 0.0952495 
134.4 0.0946071 
134.5 0.0939574 
134.6 0.0933005 
134.7 0.0926366 
134.8 0.0919656 
134.9 0.0912879 
135 0.0906033 
135.1 0.0899122 
135.2 0.0892146 
135.3 0.0885106 
135.4 0.0878003 
135.5 0.0870839 
135.6 0.0863616 
135.7 0.0856333 
135.8 0.0848994 
135.9 0.0841598 
136 0.0834149 
136.1 0.0826646 
136.2 0.0819091 
136.3 0.0811487 
136.4 0.0803833 
136.5 0.0796133 
136.6 0.0788387 
136.7 0.0780597 
136.8 0.0772765 
136.9 0.0764892 
137 0.0756979 
137.1 0.0749029 
137.2 0.0741043 
137.3 0.0733022 
137.4 0.0724969 
137.5 0.0716885 
137.6 0.0708771 
137.7 0.0700631 
137.8 0.0692464 
137.9 0.0684273 
138 0.067606 
138.1 0.0667827 
138.2 0.0659575 
138.3 0.0651305 
138.4 0.0643021 
138.5 0.0634724 
138.6 0.0626415 
138.7 0.0618096 
138.8 0.060977 
138.9 0.0601438 
139 0.0593102 
139.1 0.0584763 
139.2 0.0576425 
139.3 0.0568087 
139.4 0.0559753 
139.5 0.0551425 
139.6 0.0543103 
139.7 0.0534791 
139.8 0.0526489 
139.9 0.0518201 
140 0.0509927 
140.1 0.0501669 
140.2 0.0493431 
140.3 0.0485212 
140.4 0.0477016 
140.5 0.0468843 
140.6 0.0460697 
140.7 0.0452579 
140.8 0.044449 
140.9 0.0436433 
141 0.0428409 
141.1 0.0420421 
141.2 0.041247 
141.3 0.0404558 
141.4 0.0396687 
141.5 0.0388859 
141.6 0.0381076 
141.7 0.0373339 
141.8 0.036565 
141.9 0.0358011 
142 0.0350424 
142.1 0.0342892 
142.2 0.0335414 
142.3 0.0327994 
142.4 0.0320634 
142.5 0.0313334 
142.6 0.0306097 
142.7 0.0298925 
142.8 0.0291819 
142.9 0.0284781 
143 0.0277813 
143.1 0.0270917 
143.2 0.0264094 
143.3 0.0257346 
143.4 0.0250675 
143.5 0.0244083 
143.6 0.0237571 
143.7 0.0231141 
143.8 0.0224795 
143.9 0.0218535 
144 0.0212361 
144.1 0.0206277 
144.2 0.0200283 
144.3 0.0194381 
144.4 0.0188573 
144.5 0.0182861 
144.6 0.0177246 
144.7 0.017173 
144.8 0.0166314 
144.9 0.0161 
145 0.015579 
145.1 0.0150685 
145.2 0.0145688 
145.3 0.0140798 
145.4 0.0136019 
145.5 0.0131351 
145.6 0.0126797 
145.7 0.0122357 
145.8 0.0118034 
145.9 0.0113828 
146 0.0109742 
146.1 0.0105777 
146.2 0.0101933 
146.3 0.00982141 
146.4 0.00946201 
146.5 0.00911529 
146.6 0.00878138 
146.7 0.00846044 
146.8 0.0081526 
146.9 0.00785801 
147 0.00757681 
147.1 0.00730912 
147.2 0.0070551 
147.3 0.00681488 
147.4 0.00658859 
147.5 0.00637636 
147.6 0.00617833 
147.7 0.00599462 
147.8 0.00582536 
147.9 0.00567068 
148 0.0055307 
148.1 0.00540555 
148.2 0.00529535 
148.3 0.00520021 
148.4 0.00512026 
148.5 0.00505561 
148.6 0.00500637 
148.7 0.00497266 
148.8 0.00495459 
148.9 0.00495226 
149 0.00496579 
149.1 0.00499527 
149.2 0.00504081 
149.3 0.00510251 
149.4 0.00518047 
149.5 0.00527478 
149.6 0.00538554 
149.7 0.00551285 
149.8 0.00565678 
149.9 0.00581742 
150 0.00599487 
150.1 0.0061892 
150.2 0.0064005 
150.3 0.00662884 
150.4 0.0068743 
150.5 0.00713695 
150.6 0.00741687 
150.7 0.00771411 
150.8 0.00802875 
150.9 0.00836085 
151 0.00871048 
151.1 0.00907768 
151.2 0.00946252 
151.3 0.00986504 
151.4 0.0102853 
151.5 0.0107234 
151.6 0.0111792 
151.7 0.011653 
151.8 0.0121447 
151.9 0.0126543 
152 0.0131819 
152.1 0.0137275 
152.2 0.0142912 
152.3 0.014873 
152.4 0.0154728 
152.5 0.0160908 
152.6 0.0167269 
152.7 0.0173811 
152.8 0.0180535 
152.9 0.0187441 
153 0.0194529 
153.1 0.0201798 
153.2 0.020925 
153.3 0.0216883 
153.4 0.0224698 
153.5 0.0232695 
153.6 0.0240873 
153.7 0.0249233 
153.8 0.0257774 
153.9 0.0266497 
154 0.02754 
154.1 0.0284484 
154.2 0.0293749 
154.3 0.0303193 
154.4 0.0312818 
154.5 0.0322621 
154.6 0.0332604 
154.7 0.0342766 
154.8 0.0353106 
154.9 0.0363623 
155 0.0374318 
155.1 0.038519 
155.2 0.0396237 
155.3 0.0407461 
155.4 0.0418859 
155.5 0.0430432 
155.6 0.0442178 
155.7 0.0454098 
155.8 0.0466189 
155.9 0.0478453 
156 0.0490887 
156.1 0.0503491 
156.2 0.0516264 
156.3 0.0529206 
156.4 0.0542315 
156.5 0.055559 
156.6 0.0569032 
156.7 0.0582637 
156.8 0.0596407 
156.9 0.0610339 
157 0.0624433 
157.1 0.0638688 
157.2 0.0653102 
157.3 0.0667674 
157.4 0.0682404 
157.5 0.069729 
157.6 0.0712331 
157.7 0.0727525 
157.8 0.0742872 
157.9 0.075837 
158 0.0774018 
158.1 0.0789815 
158.2 0.080576 
158.3 0.082185 
158.4 0.0838085 
158.5 0.0854463 
158.6 0.0870982 
158.7 0.0887643 
158.8 0.0904442 
158.9 0.0921378 
159 0.093845 
159.1 0.0955657 
159.2 0.0972997 
159.3 0.0990468 
159.4 0.100807 
159.5 0.10258 
159.6 0.104365 
159.7 0.106163 
159.8 0.107973 
159.9 0.109796 
160 0.11163 
160.1 0.113476 
160.2 0.115334 
160.3 0.117203 
160.4 0.119084 
160.5 0.120975 
160.6 0.122878 
160.7 0.124791 
160.8 0.126714 
160.9 0.128648 
161 0.130593 
161.1 0.132547 
161.2 0.13451 
161.3 0.136484 
161.4 0.138466 
161.5 0.140458 
161.6 0.142459 
161.7 0.144469 
161.8 0.146487 
161.9 0.148513 
162 0.150548 
162.1 0.152591 
162.2 0.154641 
162.3 0.156699 
162.4 0.158764 
162.5 0.160836 
162.6 0.162915 
162.7 0.165001 
162.8 0.167093 
162.9 0.169191 
163 0.171295 
163.1 0.173405 
163.2 0.175521 
163.3 0.177642 
163.4 0.179768 
163.5 0.181899 
163.6 0.184034 
163.7 0.186174 
163.8 0.188318 
163.9 0.190466 
164 0.192618 
164.1 0.194773 
164.2 0.196931 
164.3 0.199092 
164.4 0.201257 
164.5 0.203423 
164.6 0.205592 
164.7 0.207763 
164.8 0.209936 
164.9 0.212111 
165 0.214286 
165.1 0.216463 
165.2 0.218641 
165.3 0.220819 
165.4 0.222998 
165.5 0.225177 
165.6 0.227355 
165.7 0.229534 
165.8 0.231711 
165.9 0.233888 
166 0.236064 
166.1 0.238238 
166.2 0.240411 
166.3 0.242582 
166.4 0.244751 
166.5 0.246917 
166.6 0.249081 
166.7 0.251242 
166.8 0.2534 
166.9 0.255555 
167 0.257706 
167.1 0.259853 
167.2 0.261996 
167.3 0.264135 
167.4 0.266269 
167.5 0.268399 
167.6 0.270523 
167.7 0.272642 
167.8 0.274756 
167.9 0.276863 
168 0.278965 
168.1 0.28106 
168.2 0.283149 
168.3 0.285231 
168.4 0.287306 
168.5 0.289374 
168.6 0.291434 
168.7 0.293487 
168.8 0.295531 
168.9 0.297567 
169 0.299595 
169.1 0.301614 
169.2 0.303624 
169.3 0.305625 
169.4 0.307616 
169.5 0.309598 
169.6 0.31157 
169.7 0.313531 
169.8 0.315482 
169.9 0.317423 
170 0.319353 
170.1 0.321271 
170.2 0.323179 
170.3 0.325075 
170.4 0.326959 
170.5 0.328831 
170.6 0.33069 
170.7 0.332538 
170.8 0.334372 
170.9 0.336194 
171 0.338003 
171.1 0.339798 
171.2 0.34158 
171.3 0.343348 
171.4 0.345102 
171.5 0.346842 
171.6 0.348567 
171.7 0.350278 
171.8 0.351974 
171.9 0.353655 
172 0.355321 
172.1 0.356971 
172.2 0.358606 
172.3 0.360224 
172.4 0.361827 
172.5 0.363413 
172.6 0.364983 
172.7 0.366537 
172.8 0.368073 
172.9 0.369593 
173 0.371095 
173.1 0.37258 
173.2 0.374048 
173.3 0.375498 
173.4 0.376929 
173.5 0.378343 
173.6 0.379738 
173.7 0.381115 
173.8 0.382474 
173.9 0.383813 
174 0.385134 
174.1 0.386435 
174.2 0.387718 
174.3 0.38898 
174.4 0.390224 
174.5 0.391447 
174.6 0.39265 
174.7 0.393834 
174.8 0.394997 
174.9 0.39614 
175 0.397263 
175.1 0.398364 
175.2 0.399446 
175.3 0.400506 
175.4 0.401545 
175.5 0.402563 
175.6 0.40356 
175.7 0.404535 
175.8 0.405489 
175.9 0.406421 
176 0.407331 
176.1 0.40822 
176.2 0.409086 
176.3 0.40993 
176.4 0.410753 
176.5 0.411552 
176.6 0.41233 
176.7 0.413085 
176.8 0.413817 
176.9 0.414527 
177 0.415214 
177.1 0.415878 
177.2 0.416519 
177.3 0.417137 
177.4 0.417732 
177.5 0.418303 
177.6 0.418852 
177.7 0.419377 
177.8 0.419879 
177.9 0.420357 
178 0.420812 
178.1 0.421243 
178.2 0.421651 
178.3 0.422035 
178.4 0.422395 
178.5 0.422731 
178.6 0.423044 
178.7 0.423333 
178.8 0.423598 
178.9 0.423839 
179 0.424056 
179.1 0.424249 
179.2 0.424418 
179.3 0.424563 
179.4 0.424684 
179.5 0.424781 
179.6 0.424853 
179.7 0.424902 
179.8 0.424927 
179.9 0.424928 
