0.1 0.0999938
0.2 0.0999877
0.3 0.0999817
0.4 0.0999758
0.5 0.09997
0.6 0.0999644
0.7 0.099959
0.8 0.0999539
0.9 0.0999491
1 0.0999445
1.1 0.0999404
1.2 0.0999366
1.3 0.0999332
1.4 0.0999303
1.5 0.0999278
1.6 0.0999257
1.7 0.0999242
1.8 0.0999231
1.9 0.0999226
2 0.0999225
2.1 0.099923
2.2 0.0999239
2.3 0.0999254
2.4 0.0999272
2.5 0.0999296
2.6 0.0999323
2.7 0.0999354
2.8 0.0999388
2.9 0.0999425
3 0.0999465
3.1 0.0999505
3.2 0.0999547
3.3 0.0999589
3.4 0.0999631
3.5 0.0999671
3.6 0.0999709
3.7 0.0999744
3.8 0.0999775
3.9 0.0999802
4 0.0999823
4.1 0.0999838
4.2 0.0999846
4.3 0.0999847
4.4 0.099984
4.5 0.0999825
4.6 0.0999801
4.7 0.0999768
4.8 0.0999727
4.9 0.0999676
5 0.0999617
5.1 0.0999549
5.2 0.0999474
5.3 0.0999392
5.4 0.0999303
5.5 0.0999209
5.6 0.0999111
5.7 0.0999009
5.8 0.0998905
5.9 0.09988
6 0.0998696
6.1 0.0998593
6.2 0.0998494
6.3 0.0998399
6.4 0.099831
6.5 0.0998228
6.6 0.0998154
6.7 0.0998089
6.8 0.0998034
6.9 0.0997991
7 0.0997958
7.1 0.0997938
7.2 0.099793
7.3 0.0997934
7.4 0.099795
7.5 0.0997977
7.6 0.0998016
7.7 0.0998065
7.8 0.0998124
7.9 0.0998191
8 0.0998264
8.1 0.0998344
8.2 0.0998428
8.3 0.0998515
8.4 0.0998602
8.5 0.099869
8.6 0.0998776
8.7 0.0998858
8.8 0.0998936
8.9 0.0999008
9 0.0999073
9.1 0.099913
9.2 0.0999179
9.3 0.0999219
9.4 0.099925
9.5 0.0999272
9.6 0.0999286
9.7 0.0999291
9.8 0.0999289
9.9 0.0999281
10 0.0999268
10.1 0.0999251
10.2 0.0999232
10.3 0.0999213
10.4 0.0999193
10.5 0.0999178
10.6 0.0999168
10.7 0.0999165
10.8 0.0999171
10.9 0.0999187
11 0.0999215
11.1 0.0999257
11.2 0.0999313
11.3 0.0999386
11.4 0.0999475
11.5 0.0999583
11.6 0.0999708
11.7 0.0999851
11.8 0.100001
11.9 0.100019
12 0.100039
12.1 0.10006
12.2 0.100083
12.3 0.100107
12.4 0.100133
12.5 0.100159
12.6 0.100187
12.7 0.100216
12.8 0.100245
12.9 0.100274
13 0.100304
13.1 0.100334
13.2 0.100365
13.3 0.100395
13.4 0.100425
13.5 0.100454
13.6 0.100483
13.7 0.100512
13.8 0.10054
13.9 0.100568
14 0.100596
14.1 0.100623
14.2 0.100649
14.3 0.100676
14.4 0.100702
14.5 0.100728
14.6 0.100754
14.7 0.10078
14.8 0.100806
14.9 0.100832
15 0.100859
15.1 0.100887
15.2 0.100915
15.3 0.100944
15.4 0.100974
15.5 0.101005
15.6 0.101037
15.7 0.10107
15.8 0.101105
15.9 0.10114
16 0.101177
16.1 0.101214
16.2 0.101253
16.3 0.101293
16.4 0.101334
16.5 0.101376
16.6 0.101419
16.7 0.101462
16.8 0.101507
16.9 0.101552
17 0.101597
17.1 0.101643
17.2 0.101689
17.3 0.101735
17.4 0.101782
17.5 0.101828
17.6 0.101875
17.7 0.101921
17.8 0.101968
17.9 0.102014
18 0.102061
18.1 0.102107
18.2 0.102153
18.3 0.102199
18.4 0.102245
18.5 0.102292
18.6 0.102338
18.7 0.102385
18.8 0.102432
18.9 0.102479
19 0.102526
19.1 0.102574
19.2 0.102623
19.3 0.102672
19.4 0.102722
19.5 0.102772
19.6 0.102822
19.7 0.102874
19.8 0.102926
19.9 0.102978
20 0.103031
20.1 0.103085
20.2 0.103138
20.3 0.103192
20.4 0.103246
20.5 0.1033
20.6 0.103354
20.7 0.103408
20.8 0.103461
20.9 0.103513
21 0.103565
21.1 0.103617
21.2 0.103667
21.3 0.103716
21.4 0.103764
21.5 0.103811
21.6 0.103857
21.7 0.103902
21.8 0.103945
21.9 0.103987
22 0.104027
22.1 0.104067
22.2 0.104105
22.3 0.104143
22.4 0.104179
22.5 0.104215
22.6 0.10425
22.7 0.104284
22.8 0.104318
22.9 0.104351
23 0.104385
23.1 0.104418
23.2 0.104452
23.3 0.104485
23.4 0.104519
23.5 0.104553
23.6 0.104588
23.7 0.104623
23.8 0.104659
23.9 0.104695
24 0.104732
24.1 0.104769
24.2 0.104806
24.3 0.104843
24.4 0.104881
24.5 0.104918
24.6 0.104955
24.7 0.104991
24.8 0.105027
24.9 0.105062
25 0.105095
25.1 0.105127
25.2 0.105157
25.3 0.105186
25.4 0.105212
25.5 0.105236
25.6 0.105258
25.7 0.105276
25.8 0.105292
25.9 0.105305
26 0.105315
26.1 0.105322
26.2 0.105325
26.3 0.105326
26.4 0.105323
26.5 0.105317
26.6 0.105308
26.7 0.105297
26.8 0.105282
26.9 0.105266
27 0.105247
27.1 0.105225
27.2 0.105202
27.3 0.105178
27.4 0.105151
27.5 0.105124
27.6 0.105095
27.7 0.105066
27.8 0.105036
27.9 0.105006
28 0.104975
28.1 0.104944
28.2 0.104913
28.3 0.104882
28.4 0.104851
28.5 0.10482
28.6 0.104789
28.7 0.104758
28.8 0.104727
28.9 0.104696
29 0.104664
29.1 0.104631
29.2 0.104598
29.3 0.104563
29.4 0.104528
29.5 0.10449
29.6 0.104451
29.7 0.10441
29.8 0.104367
29.9 0.104321
30 0.104272
30.1 0.104221
30.2 0.104166
30.3 0.104108
30.4 0.104046
30.5 0.103981
30.6 0.103912
30.7 0.103839
30.8 0.103762
30.9 0.103682
31 0.103598
31.1 0.10351
31.2 0.103418
31.3 0.103323
31.4 0.103225
31.5 0.103123
31.6 0.103019
31.7 0.102911
31.8 0.102801
31.9 0.102689
32 0.102575
32.1 0.102459
32.2 0.102341
32.3 0.102222
32.4 0.102102
32.5 0.101981
32.6 0.101859
32.7 0.101737
32.8 0.101614
32.9 0.101491
33 0.101367
33.1 0.101243
33.2 0.10112
33.3 0.100996
33.4 0.100871
33.5 0.100747
33.6 0.100622
33.7 0.100497
33.8 0.100372
33.9 0.100246
34 0.100118
34.1 0.0999904
34.2 0.0998612
34.3 0.0997306
34.4 0.0995985
34.5 0.0994647
34.6 0.0993289
34.7 0.0991911
34.8 0.099051
34.9 0.0989085
35 0.0987635
35.1 0.0986158
35.2 0.0984654
35.3 0.0983123
35.4 0.0981562
35.5 0.0979974
35.6 0.0978357
35.7 0.0976711
35.8 0.0975037
35.9 0.0973337
36 0.0971611
36.1 0.096986
36.2 0.0968086
36.3 0.096629
36.4 0.0964472
36.5 0.0962637
36.6 0.0960785
36.7 0.0958918
36.8 0.0957039
36.9 0.0955147
37 0.0953248
37.1 0.0951341
37.2 0.0949428
37.3 0.0947512
37.4 0.0945594
37.5 0.0943674
37.6 0.0941755
37.7 0.0939838
37.8 0.0937921
37.9 0.0936008
38 0.0934098
38.1 0.0932192
38.2 0.0930289
38.3 0.092839
38.4 0.0926494
38.5 0.09246
38.6 0.0922709
38.7 0.0920819
38.8 0.091893
38.9 0.0917042
39 0.0915151
39.1 0.0913258
39.2 0.0911363
39.3 0.0909463
39.4 0.090756
39.5 0.090565
39.6 0.0903733
39.7 0.0901809
39.8 0.0899877
39.9 0.0897936
40 0.0895987
40.1 0.0894029
40.2 0.0892061
40.3 0.0890085
40.4 0.08881
40.5 0.0886107
40.6 0.0884106
40.7 0.0882098
40.8 0.0880083
40.9 0.0878062
41 0.0876037
41.1 0.0874008
41.2 0.0871977
41.3 0.0869944
41.4 0.0867912
41.5 0.0865881
41.6 0.0863852
41.7 0.0861827
41.8 0.0859805
41.9 0.0857791
42 0.0855783
42.1 0.0853783
42.2 0.0851793
42.3 0.0849811
42.4 0.0847841
42.5 0.0845883
42.6 0.0843934
42.7 0.0841999
42.8 0.0840076
42.9 0.0838167
43 0.0836269
43.1 0.0834385
43.2 0.0832513
43.3 0.0830655
43.4 0.0828809
43.5 0.0826975
43.6 0.0825153
43.7 0.0823344
43.8 0.0821546
43.9 0.0819759
44 0.0817983
44.1 0.081622
44.2 0.0814466
44.3 0.0812723
44.4 0.0810991
44.5 0.080927
44.6 0.0807559
44.7 0.080586
44.8 0.0804172
44.9 0.0802496
45 0.0800832
45.1 0.079918
45.2 0.0797542
45.3 0.0795916
45.4 0.0794306
45.5 0.0792711
45.6 0.0791131
45.7 0.0789569
45.8 0.0788022
45.9 0.0786495
46 0.0784986
46.1 0.0783497
46.2 0.0782028
46.3 0.078058
46.4 0.0779153
46.5 0.0777748
46.6 0.0776365
46.7 0.0775006
46.8 0.0773668
46.9 0.0772354
47 0.0771062
47.1 0.0769794
47.2 0.0768548
47.3 0.0767326
47.4 0.0766125
47.5 0.0764947
47.6 0.0763792
47.7 0.0762657
47.8 0.0761544
47.9 0.076045
48 0.0759377
48.1 0.0758325
48.2 0.0757293
48.3 0.0756279
48.4 0.0755284
48.5 0.0754307
48.6 0.075335
48.7 0.0752412
48.8 0.0751492
48.9 0.0750591
49 0.074971
49.1 0.0748849
49.2 0.0748008
49.3 0.0747189
49.4 0.074639
49.5 0.0745615
49.6 0.0744863
49.7 0.0744137
49.8 0.0743435
49.9 0.0742762
50 0.0742116
50.1 0.0741501
50.2 0.0740915
50.3 0.0740361
50.4 0.0739842
50.5 0.0739356
50.6 0.0738906
50.7 0.0738491
50.8 0.0738114
50.9 0.0737775
51 0.0737474
51.1 0.0737213
51.2 0.073699
51.3 0.0736807
51.4 0.0736663
51.5 0.0736559
51.6 0.0736493
51.7 0.0736466
51.8 0.0736477
51.9 0.0736525
52 0.0736607
52.1 0.0736726
52.2 0.0736878
52.3 0.0737063
52.4 0.0737279
52.5 0.0737524
52.6 0.0737799
52.7 0.07381
52.8 0.0738428
52.9 0.0738779
53 0.0739153
53.1 0.0739551
53.2 0.0739969
53.3 0.0740407
53.4 0.0740865
53.5 0.0741345
53.6 0.0741841
53.7 0.0742357
53.8 0.0742892
53.9 0.0743445
54 0.0744019
54.1 0.0744615
54.2 0.0745232
54.3 0.0745872
54.4 0.0746536
54.5 0.0747226
54.6 0.0747945
54.7 0.0748691
54.8 0.0749471
54.9 0.0750282
55 0.0751129
55.1 0.0752014
55.2 0.0752937
55.3 0.0753903
55.4 0.0754911
55.5 0.0755965
55.6 0.0757065
55.7 0.0758214
55.8 0.0759413
55.9 0.0760662
56 0.0761964
56.1 0.0763319
56.2 0.0764726
56.3 0.0766186
56.4 0.07677
56.5 0.0769268
56.6 0.0770887
56.7 0.077256
56.8 0.0774284
56.9 0.0776056
57 0.0777877
57.1 0.0779744
57.2 0.0781656
57.3 0.0783612
57.4 0.0785608
57.5 0.0787643
57.6 0.0789715
57.7 0.0791821
57.8 0.0793959
57.9 0.0796128
58 0.0798325
58.1 0.0800548
58.2 0.0802797
58.3 0.0805067
58.4 0.0807359
58.5 0.0809671
58.6 0.0812004
58.7 0.0814354
58.8 0.0816724
58.9 0.0819112
59 0.0821518
59.1 0.0823944
59.2 0.082639
59.3 0.0828856
59.4 0.0831345
59.5 0.0833857
59.6 0.0836395
59.7 0.083896
59.8 0.0841555
59.9 0.0844183
60 0.0846844
60.1 0.0849542
60.2 0.085228
60.3 0.085506
60.4 0.0857883
60.5 0.0860755
60.6 0.0863676
60.7 0.0866648
60.8 0.0869674
60.9 0.0872756
61 0.0875896
61.1 0.0879095
61.2 0.0882354
61.3 0.0885675
61.4 0.0889057
61.5 0.0892502
61.6 0.0896008
61.7 0.0899578
61.8 0.0903209
61.9 0.0906902
62 0.0910654
62.1 0.0914465
62.2 0.0918333
62.3 0.0922256
62.4 0.0926233
62.5 0.093026
62.6 0.0934337
62.7 0.0938459
62.8 0.0942628
62.9 0.0946837
63 0.0951084
63.1 0.0955369
63.2 0.0959689
63.3 0.0964041
63.4 0.0968423
63.5 0.0972833
63.6 0.0977269
63.7 0.098173
63.8 0.0986215
63.9 0.0990722
64 0.0995251
64.1 0.0999801
64.2 0.100437
64.3 0.100896
64.4 0.101358
64.5 0.101821
64.6 0.102287
64.7 0.102755
64.8 0.103226
64.9 0.103699
65 0.104176
65.1 0.104655
65.2 0.105137
65.3 0.105623
65.4 0.106113
65.5 0.106606
65.6 0.107103
65.7 0.107605
65.8 0.108111
65.9 0.108622
66 0.109138
66.1 0.109659
66.2 0.110185
66.3 0.110716
66.4 0.111253
66.5 0.111795
66.6 0.112343
66.7 0.112896
66.8 0.113455
66.9 0.11402
67 0.11459
67.1 0.115166
67.2 0.115747
67.3 0.116333
67.4 0.116924
67.5 0.11752
67.6 0.118121
67.7 0.118726
67.8 0.119336
67.9 0.11995
68 0.120567
68.1 0.121189
68.2 0.121813
68.3 0.122441
68.4 0.123071
68.5 0.123704
68.6 0.12434
68.7 0.124977
68.8 0.125616
68.9 0.126258
69 0.1269
69.1 0.127545
69.2 0.12819
69.3 0.128836
69.4 0.129484
69.5 0.130132
69.6 0.130781
69.7 0.131431
69.8 0.132082
69.9 0.132733
70 0.133385
70.1 0.134037
70.2 0.13469
70.3 0.135344
70.4 0.135999
70.5 0.136654
70.6 0.13731
70.7 0.137966
70.8 0.138624
70.9 0.139282
71 0.139941
71.1 0.140601
71.2 0.141261
71.3 0.141922
71.4 0.142584
71.5 0.143246
71.6 0.143909
71.7 0.144573
71.8 0.145236
71.9 0.1459
72 0.146564
72.1 0.147228
72.2 0.147891
72.3 0.148554
72.4 0.149217
72.5 0.149878
72.6 0.150538
72.7 0.151196
72.8 0.151853
72.9 0.152507
73 0.153159
73.1 0.153809
73.2 0.154456
73.3 0.155099
73.4 0.155739
73.5 0.156376
73.6 0.157008
73.7 0.157636
73.8 0.15826
73.9 0.158879
74 0.159492
74.1 0.160101
74.2 0.160704
74.3 0.161301
74.4 0.161893
74.5 0.162478
74.6 0.163058
74.7 0.163631
74.8 0.164198
74.9 0.164758
75 0.165311
75.1 0.165857
75.2 0.166397
75.3 0.166929
75.4 0.167454
75.5 0.167972
75.6 0.168483
75.7 0.168986
75.8 0.169481
75.9 0.169968
76 0.170448
76.1 0.170919
76.2 0.171382
76.3 0.171837
76.4 0.172283
76.5 0.17272
76.6 0.173149
76.7 0.173568
76.8 0.173978
76.9 0.174377
77 0.174768
77.1 0.175147
77.2 0.175517
77.3 0.175875
77.4 0.176223
77.5 0.176559
77.6 0.176884
77.7 0.177197
77.8 0.177498
77.9 0.177787
78 0.178063
78.1 0.178326
78.2 0.178576
78.3 0.178813
78.4 0.179036
78.5 0.179246
78.6 0.179442
78.7 0.179624
78.8 0.179791
78.9 0.179945
79 0.180084
79.1 0.180208
79.2 0.180319
79.3 0.180415
79.4 0.180496
79.5 0.180564
79.6 0.180616
79.7 0.180655
79.8 0.18068
79.9 0.18069
80 0.180687
80.1 0.180669
80.2 0.180638
80.3 0.180594
80.4 0.180536
80.5 0.180465
80.6 0.180381
80.7 0.180284
80.8 0.180175
80.9 0.180053
81 0.179919
81.1 0.179773
81.2 0.179614
81.3 0.179444
81.4 0.179262
81.5 0.179069
81.6 0.178864
81.7 0.178648
81.8 0.178421
81.9 0.178183
82 0.177933
82.1 0.177673
82.2 0.177402
82.3 0.17712
82.4 0.176827
82.5 0.176524
82.6 0.17621
82.7 0.175885
82.8 0.17555
82.9 0.175204
83 0.174848
83.1 0.174482
83.2 0.174105
83.3 0.173717
83.4 0.173319
83.5 0.172912
83.6 0.172494
83.7 0.172065
83.8 0.171627
83.9 0.171179
84 0.170721
84.1 0.170253
84.2 0.169776
84.3 0.16929
84.4 0.168794
84.5 0.168289
84.6 0.167775
84.7 0.167253
84.8 0.166722
84.9 0.166183
85 0.165635
85.1 0.16508
85.2 0.164518
85.3 0.163948
85.4 0.163371
85.5 0.162788
85.6 0.162198
85.7 0.161602
85.8 0.161
85.9 0.160393
86 0.15978
86.1 0.159162
86.2 0.158539
86.3 0.157912
86.4 0.157281
86.5 0.156646
86.6 0.156007
86.7 0.155365
86.8 0.15472
86.9 0.154072
87 0.153422
87.1 0.152768
87.2 0.152113
87.3 0.151456
87.4 0.150797
87.5 0.150136
87.6 0.149474
87.7 0.14881
87.8 0.148145
87.9 0.14748
88 0.146813
88.1 0.146146
88.2 0.145478
88.3 0.144809
88.4 0.144141
88.5 0.143471
88.6 0.142802
88.7 0.142132
88.8 0.141462
88.9 0.140792
89 0.140122
89.1 0.139453
89.2 0.138783
89.3 0.138113
89.4 0.137444
89.5 0.136775
89.6 0.136106
89.7 0.135437
89.8 0.134769
89.9 0.134101
90 0.133434
90.1 0.132767
90.2 0.1321
90.3 0.131435
90.4 0.13077
90.5 0.130105
90.6 0.129442
90.7 0.128779
90.8 0.128117
90.9 0.127456
91 0.126796
91.1 0.126137
91.2 0.125479
91.3 0.124822
91.4 0.124166
91.5 0.123512
91.6 0.12286
91.7 0.122208
91.8 0.121559
91.9 0.120911
92 0.120264
92.1 0.11962
92.2 0.118977
92.3 0.118336
92.4 0.117698
92.5 0.117061
92.6 0.116426
92.7 0.115794
92.8 0.115164
92.9 0.114537
93 0.113911
93.1 0.113289
93.2 0.112669
93.3 0.112051
93.4 0.111436
93.5 0.110824
93.6 0.110214
93.7 0.109608
93.8 0.109004
93.9 0.108402
94 0.107804
94.1 0.107209
94.2 0.106617
94.3 0.106027
94.4 0.10544
94.5 0.104857
94.6 0.104276
94.7 0.103698
94.8 0.103123
94.9 0.102551
95 0.101982
95.1 0.101416
95.2 0.100853
95.3 0.100292
95.4 0.0997344
95.5 0.0991794
95.6 0.0986272
95.7 0.0980778
95.8 0.097531
95.9 0.0969868
96 0.0964453
96.1 0.0959063
96.2 0.0953698
96.3 0.0948358
96.4 0.0943043
96.5 0.0937752
96.6 0.0932485
96.7 0.092724
96.8 0.0922018
96.9 0.091682
97 0.0911643
97.1 0.0906488
97.2 0.0901353
97.3 0.089624
97.4 0.0891147
97.5 0.0886075
97.6 0.0881022
97.7 0.0875989
97.8 0.0870976
97.9 0.0865982
98 0.0861007
98.1 0.085605
98.2 0.0851111
98.3 0.0846192
98.4 0.0841289
98.5 0.0836405
98.6 0.0831539
98.7 0.082669
98.8 0.0821859
98.9 0.0817045
99 0.081225
99.1 0.0807471
99.2 0.0802709
99.3 0.0797965
99.4 0.0793236
99.5 0.0788527
99.6 0.0783834
99.7 0.0779158
99.8 0.07745
99.9 0.0769857
100 0.0765233
100.1 0.0760625
100.2 0.0756034
100.3 0.0751461
100.4 0.0746903
100.5 0.0742363
100.6 0.0737839
100.7 0.0733333
100.8 0.0728842
100.9 0.0724369
101 0.071991
101.1 0.071547
101.2 0.0711045
101.3 0.0706635
101.4 0.0702241
101.5 0.0697864
101.6 0.06935
101.7 0.0689152
101.8 0.0684819
101.9 0.06805
102 0.0676195
102.1 0.0671904
102.2 0.0667627
102.3 0.0663363
102.4 0.065911
102.5 0.0654871
102.6 0.0650644
102.7 0.0646429
102.8 0.0642224
102.9 0.0638029
103 0.0633845
103.1 0.0629672
103.2 0.0625505
103.3 0.0621349
103.4 0.0617201
103.5 0.0613061
103.6 0.0608927
103.7 0.06048
103.8 0.060068
103.9 0.0596564
104 0.0592455
104.1 0.058835
104.2 0.0584248
104.3 0.058015
104.4 0.0576055
104.5 0.0571964
104.6 0.0567874
104.7 0.0563786
104.8 0.0559699
104.9 0.0555612
105 0.0551526
105.1 0.054744
105.2 0.0543355
105.3 0.0539266
105.4 0.0535177
105.5 0.0531086
105.6 0.0526994
105.7 0.0522898
105.8 0.05188
105.9 0.0514698
106 0.0510594
106.1 0.0506485
106.2 0.0502373
106.3 0.0498256
106.4 0.0494134
106.5 0.0490009
106.6 0.0485877
106.7 0.0481741
106.8 0.0477599
106.9 0.0473451
107 0.0469298
107.1 0.0465138
107.2 0.0460971
107.3 0.0456798
107.4 0.0452619
107.5 0.0448433
107.6 0.0444238
107.7 0.0440037
107.8 0.0435829
107.9 0.0431612
108 0.0427388
108.1 0.0423155
108.2 0.0418914
108.3 0.0414665
108.4 0.0410406
108.5 0.0406138
108.6 0.0401861
108.7 0.0397573
108.8 0.0393276
108.9 0.0388968
109 0.0384651
109.1 0.0380321
109.2 0.037598
109.3 0.0371627
109.4 0.0367262
109.5 0.0362886
109.6 0.0358495
109.7 0.0354091
109.8 0.0349673
109.9 0.0345239
110 0.0340792
110.1 0.0336329
110.2 0.0331849
110.3 0.0327352
110.4 0.0322838
110.5 0.0318307
110.6 0.0313756
110.7 0.0309186
110.8 0.0304597
110.9 0.0299987
111 0.0295355
111.1 0.0290701
111.2 0.0286024
111.3 0.0281325
111.4 0.0276599
111.5 0.027185
111.6 0.0267074
111.7 0.0262271
111.8 0.025744
111.9 0.025258
112 0.0247692
112.1 0.0242774
112.2 0.0237823
112.3 0.0232842
112.4 0.0227827
112.5 0.0222779
112.6 0.0217696
112.7 0.0212578
112.8 0.0207421
112.9 0.0202229
113 0.0196997
113.1 0.0191727
113.2 0.0186415
113.3 0.0181063
113.4 0.0175669
113.5 0.0170231
113.6 0.0164749
113.7 0.0159222
113.8 0.015365
113.9 0.014803
114 0.0142362
114.1 0.0136645
114.2 0.0130878
114.3 0.0125059
114.4 0.011919
114.5 0.0113267
114.6 0.0107289
114.7 0.0101258
114.8 0.00951691
114.9 0.00890237
115 0.00828196
115.1 0.00765569
115.2 0.00702341
115.3 0.00638481
115.4 0.00574003
115.5 0.00508882
115.6 0.00443119
115.7 0.00376684
115.8 0.00309567
115.9 0.00241784
116 0.00173316
116.1 0.0010409
116.2 0.000341815
116.3 -0.000364829
116.4 -0.00107913
116.5 -0.00180099
116.6 -0.00253047
116.7 -0.00326843
116.8 -0.0040139
116.9 -0.00476869
117 -0.00553105
117.1 -0.00630184
117.2 -0.00708191
117.3 -0.00787124
117.4 -0.00866882
117.5 -0.00947659
117.6 -0.0102936
117.7 -0.0111206
117.8 -0.0119568
117.9 -0.0128038
118 -0.0136609
118.1 -0.0145289
118.2 -0.0154077
118.3 -0.0162983
118.4 -0.0171987
118.5 -0.0181116
118.6 -0.0190371
118.7 -0.0199732
118.8 -0.0209228
118.9 -0.0218855
119 -0.0228607
119.1 -0.0238491
119.2 -0.0248507
119.3 -0.0258672
119.4 -0.0268978
119.5 -0.0279431
119.6 -0.0290033
119.7 -0.0300792
119.8 -0.0311713
119.9 -0.0322792
120 -0.0334034
120.1 -0.0345457
120.2 -0.0357043
120.3 -0.0368817
120.4 -0.038078
120.5 -0.039292
120.6 -0.0405257
120.7 -0.0417797
120.8 -0.043054
120.9 -0.0443493
121 -0.0456657
121.1 -0.0470047
121.2 -0.0483656
121.3 -0.0497507
121.4 -0.0511591
121.5 -0.0525915
121.6 -0.0540488
121.7 -0.0555327
121.8 -0.0570429
121.9 -0.0585803
122 -0.0601446
122.1 -0.0617376
122.2 -0.0633608
122.3 -0.0650132
122.4 -0.0666965
122.5 -0.0684113
122.6 -0.0701583
122.7 -0.0719391
122.8 -0.0737526
122.9 -0.0756021
123 -0.0774865
123.1 -0.0794083
123.2 -0.081367
123.3 -0.0833634
123.4 -0.0853999
123.5 -0.0874761
123.6 -0.0895926
123.7 -0.0917518
123.8 -0.093954
123.9 -0.0961989
124 -0.0984888
124.1 -0.100823
124.2 -0.103204
124.3 -0.105633
124.4 -0.108108
124.5 -0.110632
124.6 -0.113205
124.7 -0.115828
124.8 -0.1185
124.9 -0.121223
125 -0.123996
125.1 -0.126819
125.2 -0.129694
125.3 -0.132619
125.4 -0.135592
125.5 -0.138615
125.6 -0.141686
125.7 -0.144804
125.8 -0.147965
125.9 -0.15117
126 -0.154413
126.1 -0.157693
126.2 -0.161005
126.3 -0.164344
126.4 -0.167703
126.5 -0.171077
126.6 -0.174459
126.7 -0.177837
126.8 -0.181202
126.9 -0.184541
127 -0.187842
127.1 -0.191086
127.2 -0.194257
127.3 -0.197332
127.4 -0.200289
127.5 -0.203101
127.6 -0.205735
127.7 -0.208161
127.8 -0.210337
127.9 -0.212223
128 -0.213772
128.1 -0.21493
128.2 -0.215642
128.3 -0.215845
128.4 -0.215472
128.5 -0.21445
128.6 -0.212703
128.7 -0.21015
128.8 -0.206709
128.9 -0.202294
129 -0.196823
129.1 -0.190212
129.2 -0.182386
129.3 -0.173277
129.4 -0.16283
129.5 -0.151003
129.6 -0.137778
129.7 -0.123156
129.8 -0.107166
129.9 -0.0898662
130 -0.0713455
130.1 -0.0517245
130.2 -0.0311514
130.3 -0.00980242
130.4 0.012124
130.5 0.034414
130.6 0.0568412
130.7 0.0791814
130.8 0.101212
130.9 0.122726
131 0.143531
131.1 0.163463
131.2 0.182382
131.3 0.200177
131.4 0.216767
131.5 0.232099
131.6 0.246147
131.7 0.258909
131.8 0.270401
131.9 0.28066
132 0.289731
132.1 0.297675
132.2 0.304558
132.3 0.310448
132.4 0.315419
132.5 0.319545
132.6 0.322895
132.7 0.325541
132.8 0.32755
132.9 0.328985
133 0.329904
133.1 0.330364
133.2 0.330415
133.3 0.330104
133.4 0.329474
133.5 0.328564
133.6 0.327408
133.7 0.32604
133.8 0.324486
133.9 0.322774
134 0.320927
134.1 0.318964
134.2 0.316905
134.3 0.314765
134.4 0.312559
134.5 0.3103
134.6 0.308001
134.7 0.305668
134.8 0.303314
134.9 0.300943
135 0.298565
135.1 0.296185
135.2 0.293809
135.3 0.29144
135.4 0.289083
135.5 0.28674
135.6 0.284416
135.7 0.282112
135.8 0.27983
135.9 0.277575
136 0.275343
136.1 0.27314
136.2 0.270966
136.3 0.268821
136.4 0.266704
136.5 0.264619
136.6 0.262565
136.7 0.260541
136.8 0.258549
136.9 0.256588
137 0.254658
137.1 0.252758
137.2 0.25089
137.3 0.249053
137.4 0.247245
137.5 0.245468
137.6 0.24372
137.7 0.242002
137.8 0.240313
137.9 0.238652
138 0.237019
138.1 0.235414
138.2 0.233836
138.3 0.232285
138.4 0.23076
138.5 0.229261
138.6 0.227788
138.7 0.226339
138.8 0.224913
138.9 0.223513
139 0.222135
139.1 0.220781
139.2 0.21945
139.3 0.218139
139.4 0.216852
139.5 0.215584
139.6 0.214338
139.7 0.213112
139.8 0.211906
139.9 0.210719
140 0.209552
140.1 0.208403
140.2 0.207273
140.3 0.20616
140.4 0.205065
140.5 0.203987
140.6 0.202926
140.7 0.201882
140.8 0.200852
140.9 0.199841
141 0.198843
141.1 0.19786
141.2 0.196894
141.3 0.195941
141.4 0.195002
141.5 0.194077
141.6 0.193166
141.7 0.192268
141.8 0.191384
141.9 0.190511
142 0.189652
142.1 0.188805
142.2 0.187971
142.3 0.187147
142.4 0.186336
142.5 0.185536
142.6 0.184746
142.7 0.183968
142.8 0.183201
142.9 0.182444
143 0.181697
143.1 0.18096
143.2 0.180233
143.3 0.179516
143.4 0.178808
143.5 0.17811
143.6 0.177421
143.7 0.17674
143.8 0.176069
143.9 0.175406
144 0.174752
144.1 0.174106
144.2 0.173468
144.3 0.172838
144.4 0.172216
144.5 0.171601
144.6 0.170995
144.7 0.170395
144.8 0.169803
144.9 0.169219
145 0.168641
145.1 0.16807
145.2 0.167506
145.3 0.166948
145.4 0.166398
145.5 0.165853
145.6 0.165315
145.7 0.164783
145.8 0.164258
145.9 0.163738
146 0.163224
146.1 0.162716
146.2 0.162214
146.3 0.161717
146.4 0.161226
146.5 0.160741
146.6 0.16026
146.7 0.159785
146.8 0.159315
146.9 0.158851
147 0.158391
147.1 0.157936
147.2 0.157486
147.3 0.157041
147.4 0.1566
147.5 0.156164
147.6 0.155733
147.7 0.155306
147.8 0.154883
147.9 0.154465
148 0.154051
148.1 0.153641
148.2 0.153236
148.3 0.152834
148.4 0.152437
148.5 0.152043
148.6 0.151654
148.7 0.151268
148.8 0.150886
148.9 0.150508
149 0.150133
149.1 0.149762
149.2 0.149394
149.3 0.14903
149.4 0.14867
149.5 0.148313
149.6 0.147959
149.7 0.147608
149.8 0.147261
149.9 0.146917
150 0.146576
150.1 0.146239
150.2 0.145904
150.3 0.145572
150.4 0.145244
150.5 0.144918
150.6 0.144595
150.7 0.144275
150.8 0.143958
150.9 0.143644
151 0.143333
151.1 0.143024
151.2 0.142718
151.3 0.142414
151.4 0.142113
151.5 0.141815
151.6 0.141519
151.7 0.141226
151.8 0.140935
151.9 0.140647
152 0.140361
152.1 0.140077
152.2 0.139796
152.3 0.139517
152.4 0.13924
152.5 0.138966
152.6 0.138693
152.7 0.138423
152.8 0.138156
152.9 0.13789
153 0.137626
153.1 0.137365
153.2 0.137105
153.3 0.136848
153.4 0.136592
153.5 0.136339
153.6 0.136087
153.7 0.135837
153.8 0.13559
153.9 0.135344
154 0.1351
154.1 0.134858
154.2 0.134617
154.3 0.134379
154.4 0.134142
154.5 0.133907
154.6 0.133673
154.7 0.133442
154.8 0.133212
154.9 0.132983
155 0.132757
155.1 0.132532
155.2 0.132308
155.3 0.132086
155.4 0.131866
155.5 0.131647
155.6 0.13143
155.7 0.131214
155.8 0.131
155.9 0.130787
156 0.130576
156.1 0.130366
156.2 0.130157
156.3 0.12995
156.4 0.129744
156.5 0.12954
156.6 0.129337
156.7 0.129135
156.8 0.128935
156.9 0.128736
157 0.128538
157.1 0.128342
157.2 0.128147
157.3 0.127953
157.4 0.12776
157.5 0.127568
157.6 0.127378
157.7 0.127189
157.8 0.127001
157.9 0.126814
158 0.126629
158.1 0.126444
158.2 0.126261
158.3 0.126079
158.4 0.125897
158.5 0.125717
158.6 0.125538
158.7 0.12536
158.8 0.125184
158.9 0.125008
159 0.124833
159.1 0.124659
159.2 0.124486
159.3 0.124315
159.4 0.124144
159.5 0.123974
159.6 0.123805
159.7 0.123637
159.8 0.12347
159.9 0.123304
160 0.123139
160.1 0.122975
160.2 0.122812
160.3 0.122649
160.4 0.122488
160.5 0.122327
160.6 0.122167
160.7 0.122008
160.8 0.12185
160.9 0.121693
161 0.121536
161.1 0.121381
161.2 0.121226
161.3 0.121072
161.4 0.120919
161.5 0.120766
161.6 0.120615
161.7 0.120464
161.8 0.120314
161.9 0.120164
162 0.120016
162.1 0.119868
162.2 0.11972
162.3 0.119574
162.4 0.119428
162.5 0.119283
162.6 0.119139
162.7 0.118995
162.8 0.118852
162.9 0.11871
163 0.118568
163.1 0.118427
163.2 0.118287
163.3 0.118147
163.4 0.118008
163.5 0.117869
163.6 0.117732
163.7 0.117595
163.8 0.117458
163.9 0.117322
164 0.117187
164.1 0.117052
164.2 0.116918
164.3 0.116784
164.4 0.116651
164.5 0.116518
164.6 0.116386
164.7 0.116255
164.8 0.116124
164.9 0.115994
165 0.115865
165.1 0.115735
165.2 0.115607
165.3 0.115479
165.4 0.115351
165.5 0.115224
165.6 0.115097
165.7 0.114971
165.8 0.114845
165.9 0.11472
166 0.114596
166.1 0.114472
166.2 0.114348
166.3 0.114225
166.4 0.114102
166.5 0.113979
166.6 0.113858
166.7 0.113736
166.8 0.113615
166.9 0.113495
167 0.113375
167.1 0.113255
167.2 0.113136
167.3 0.113017
167.4 0.112899
167.5 0.112781
167.6 0.112663
167.7 0.112546
167.8 0.112429
167.9 0.112313
168 0.112197
168.1 0.112081
168.2 0.111966
168.3 0.111851
168.4 0.111736
168.5 0.111622
168.6 0.111508
168.7 0.111395
168.8 0.111282
168.9 0.111169
169 0.111057
169.1 0.110945
169.2 0.110833
169.3 0.110722
169.4 0.110611
169.5 0.1105
169.6 0.110389
169.7 0.110279
169.8 0.110169
169.9 0.11006
170 0.109951
170.1 0.109842
170.2 0.109733
170.3 0.109625
170.4 0.109517
170.5 0.109409
170.6 0.109302
170.7 0.109195
170.8 0.109088
170.9 0.108981
171 0.108875
171.1 0.108769
171.2 0.108663
171.3 0.108558
171.4 0.108452
171.5 0.108347
171.6 0.108243
171.7 0.108138
171.8 0.108034
171.9 0.10793
172 0.107826
172.1 0.107722
172.2 0.107619
172.3 0.107516
172.4 0.107413
172.5 0.10731
172.6 0.107207
172.7 0.107105
172.8 0.107003
172.9 0.106901
173 0.106799
173.1 0.106698
173.2 0.106597
173.3 0.106495
173.4 0.106395
173.5 0.106294
173.6 0.106193
173.7 0.106093
173.8 0.105993
173.9 0.105893
174 0.105793
174.1 0.105693
174.2 0.105593
174.3 0.105494
174.4 0.105395
174.5 0.105296
174.6 0.105197
174.7 0.105098
174.8 0.104999
174.9 0.104901
175 0.104803
175.1 0.104704
175.2 0.104606
175.3 0.104508
175.4 0.104411
175.5 0.104313
175.6 0.104215
175.7 0.104118
175.8 0.104021
175.9 0.103923
176 0.103826
176.1 0.103729
176.2 0.103632
176.3 0.103535
176.4 0.103439
176.5 0.103342
176.6 0.103246
176.7 0.103149
176.8 0.103053
176.9 0.102957
177 0.10286
177.1 0.102764
177.2 0.102668
177.3 0.102572
177.4 0.102476
177.5 0.102381
177.6 0.102285
177.7 0.102189
177.8 0.102094
177.9 0.101998
178 0.101903
178.1 0.101807
178.2 0.101712
178.3 0.101616
178.4 0.101521
178.5 0.101426
178.6 0.101331
178.7 0.101235
178.8 0.10114
178.9 0.101045
179 0.10095
179.1 0.100855
179.2 0.10076
179.3 0.100665
179.4 0.10057
179.5 0.100475
179.6 0.10038
179.7 0.100285
179.8 0.10019
179.9 0.100095
