0.1 11.4588 
0.2 12.2007 
0.3 13.3573 
0.4 14.7958 
0.5 16.3252 
0.6 17.7197 
0.7 18.7648 
0.8 19.3087 
0.9 19.2974 
1 18.7811 
1.1 17.8886 
1.2 16.7839 
1.3 15.6232 
1.4 14.524 
1.5 13.5523 
1.6 12.7251 
1.7 12.023 
1.8 11.4051 
1.9 10.8251 
2 10.2445 
2.1 9.64115 
2.2 9.01237 
2.3 8.37165 
2.4 7.7416 
2.5 7.14561 
2.6 6.60105 
2.7 6.11573 
2.8 5.68772 
2.9 5.30768 
3 4.96262 
3.1 4.63976 
3.2 4.32966 
3.3 4.02792 
3.4 3.73515 
3.5 3.4555 
3.6 3.19439 
3.7 2.95633 
3.8 2.74344 
3.9 2.55492 
4 2.38751 
4.1 2.23651 
4.2 2.097 
4.3 1.96503 
4.4 1.83833 
4.5 1.71645 
4.6 1.60039 
4.7 1.49188 
4.8 1.39248 
4.9 1.30305 
5 1.22339 
5.1 1.15232 
5.2 1.08804 
5.3 1.02858 
5.4 0.972246 
5.5 0.91801 
5.6 0.865581 
5.7 0.815313 
5.8 0.767917 
5.9 0.724113 
6 0.684346 
6.1 0.648626 
6.2 0.616524 
6.3 0.587299 
6.4 0.560093 
6.5 0.534149 
6.6 0.508973 
6.7 0.484415 
6.8 0.460632 
6.9 0.437972 
7 0.41681 
7.1 0.397403 
7.2 0.379807 
7.3 0.363859 
7.4 0.349228 
7.5 0.335509 
7.6 0.322328 
7.7 0.309434 
7.8 0.296745 
7.9 0.284338 
8 0.272398 
8.1 0.261134 
8.2 0.250702 
8.3 0.241154 
8.4 0.232426 
8.5 0.224359 
8.6 0.216744 
8.7 0.209383 
8.8 0.202138 
8.9 0.194958 
9 0.187884 
9.1 0.18102 
9.2 0.174488 
9.3 0.168383 
9.4 0.162746 
9.5 0.157551 
9.6 0.152717 
9.7 0.14813 
9.8 0.143676 
9.9 0.139275 
10 0.134895 
10.1 0.130557 
10.2 0.12632 
10.3 0.122259 
10.4 0.118434 
10.5 0.114873 
10.6 0.111567 
10.7 0.108472 
10.8 0.105522 
10.9 0.102651 
11 0.0998091 
11.1 0.0969744 
11.2 0.0941582 
11.3 0.0913955 
11.4 0.0887313 
11.5 0.0862044 
11.6 0.083835 
11.7 0.0816202 
11.8 0.0795352 
11.9 0.0775416 
12 0.0755987 
12.1 0.0736747 
12.2 0.0717553 
12.3 0.0698457 
12.4 0.0679667 
12.5 0.0661462 
12.6 0.0644089 
12.7 0.062769 
12.8 0.0612262 
12.9 0.0597665 
13 0.0583669 
13.1 0.0570022 
13.2 0.0556521 
13.3 0.0543066 
13.4 0.0529678 
13.5 0.0516481 
13.6 0.0503646 
13.7 0.0491334 
13.8 0.0479638 
13.9 0.0468567 
14 0.0458042 
14.1 0.0447925 
14.2 0.043806 
14.3 0.0428316 
14.4 0.0418623 
14.5 0.0408989 
14.6 0.0399485 
14.7 0.0390215 
14.8 0.038128 
14.9 0.0372743 
15 0.0364614 
15.1 0.0356848 
15.2 0.0349365 
15.3 0.0342068 
15.4 0.0334874 
15.5 0.0327738 
15.6 0.0320657 
15.7 0.0313673 
15.8 0.0306847 
15.9 0.030024 
16 0.0293892 
16.1 0.0287812 
16.2 0.0281976 
16.3 0.0276336 
16.4 0.0270835 
16.5 0.0265424 
16.6 0.0260072 
16.7 0.0254776 
16.8 0.0249556 
16.9 0.0244447 
17 0.0239486 
17.1 0.0234695 
17.2 0.0230078 
17.3 0.0225624 
17.4 0.0221307 
17.5 0.0217094 
17.6 0.0212957 
17.7 0.0208878 
17.8 0.0204854 
17.9 0.0200895 
18 0.0197018 
18.1 0.0193243 
18.2 0.018958 
18.3 0.0186031 
18.4 0.0182588 
18.5 0.0179238 
18.6 0.0175966 
18.7 0.0172757 
18.8 0.0169603 
18.9 0.0166503 
19 0.016346 
19.1 0.0160482 
19.2 0.0157576 
19.3 0.0154744 
19.4 0.0151986 
19.5 0.0149295 
19.6 0.0146666 
19.7 0.0144092 
19.8 0.0141571 
19.9 0.0139099 
20 0.0136679 
20.1 0.013431 
20.2 0.0131996 
20.3 0.0129736 
20.4 0.0127526 
20.5 0.0125362 
20.6 0.0123238 
20.7 0.0121153 
20.8 0.0119107 
20.9 0.0117102 
21 0.0115141 
21.1 0.0113227 
21.2 0.0111362 
21.3 0.0109543 
21.4 0.0107768 
21.5 0.0106028 
21.6 0.0104316 
21.7 0.0102627 
21.8 0.0100959 
21.9 0.00993159 
22 0.00977037 
22.1 0.00961291 
22.2 0.00945974 
22.3 0.00931106 
22.4 0.00916664 
22.5 0.00902584 
22.6 0.00888771 
22.7 0.00875131 
22.8 0.00861598 
22.9 0.00848158 
23 0.00834853 
23.1 0.00821762 
23.2 0.00808979 
23.3 0.00796576 
23.4 0.00784587 
23.5 0.00772992 
23.6 0.00761721 
23.7 0.0075067 
23.8 0.0073973 
23.9 0.00728823 
24 0.00717924 
24.1 0.0070707 
24.2 0.00696349 
24.3 0.00685864 
24.4 0.00675707 
24.5 0.00665926 
24.6 0.00656513 
24.7 0.00647404 
24.8 0.00638494 
24.9 0.00629666 
25 0.0062083 
25.1 0.00611946 
25.2 0.00603041 
25.3 0.00594195 
25.4 0.00585517 
25.5 0.00577111 
25.6 0.00569039 
25.7 0.0056131 
25.8 0.00553873 
25.9 0.0054663 
26 0.00539465 
26.1 0.00532274 
26.2 0.00525005 
26.3 0.00517665 
26.4 0.00510324 
26.5 0.00503086 
26.6 0.00496059 
26.7 0.00489323 
26.8 0.00482903 
26.9 0.00476765 
27 0.00470826 
27.1 0.00464973 
27.2 0.00459098 
27.3 0.00453131 
27.4 0.00447064 
27.5 0.00440945 
27.6 0.0043487 
27.7 0.00428947 
27.8 0.00423266 
27.9 0.0041787 
28 0.00412746 
28.1 0.00407828 
28.2 0.00403012 
28.3 0.00398191 
28.4 0.00393284 
28.5 0.00388259 
28.6 0.00383147 
28.7 0.00378026 
28.8 0.00372999 
28.9 0.00368161 
29 0.00363574 
29.1 0.00359243 
29.2 0.00355125 
29.3 0.0035113 
29.4 0.00347154 
29.5 0.00343109 
29.6 0.00338946 
29.7 0.00334671 
29.8 0.00330343 
29.9 0.00326056 
30 0.00321905 
30.1 0.00317962 
30.2 0.00314257 
30.3 0.00310765 
30.4 0.00307416 
30.5 0.00304117 
30.6 0.00300774 
30.7 0.00297324 
30.8 0.00293752 
30.9 0.00290095 
31 0.00286429 
31.1 0.00282846 
31.2 0.00279427 
31.3 0.00276218 
31.4 0.00273216 
31.5 0.00270374 
31.6 0.00267611 
31.7 0.00264838 
31.8 0.00261979 
31.9 0.00259001 
32 0.00255916 
32.1 0.00252782 
32.2 0.0024968 
32.3 0.00246695 
32.4 0.00243884 
32.5 0.00241268 
32.6 0.00238821 
32.7 0.0023648 
32.8 0.00234163 
32.9 0.00231792 
33 0.00229315 
33.1 0.00226723 
33.2 0.00224051 
33.3 0.00221366 
33.4 0.00218748 
33.5 0.00216266 
33.6 0.00213956 
33.7 0.00211816 
33.8 0.00209802 
33.9 0.00207846 
34 0.00205871 
34.1 0.00203815 
34.2 0.00201647 
34.3 0.00199382 
34.4 0.00197066 
34.5 0.00194771 
34.6 0.00192567 
34.7 0.00190505 
34.8 0.00188603 
34.9 0.0018684 
35 0.00185164 
35.1 0.00183505 
35.2 0.00181796 
35.3 0.00179994 
35.4 0.00178087 
35.5 0.00176103 
35.6 0.00174098 
35.7 0.00172139 
35.8 0.00170285 
35.9 0.00168571 
36 0.00166998 
36.1 0.00165534 
36.2 0.00164121 
36.3 0.00162694 
36.4 0.00161199 
36.5 0.00159607 
36.6 0.00157924 
36.7 0.00156186 
36.8 0.00154452 
36.9 0.00152782 
37 0.00151223 
37.1 0.00149795 
37.2 0.00148486 
37.3 0.00147257 
37.4 0.0014605 
37.5 0.00144808 
37.6 0.00143489 
37.7 0.00142077 
37.8 0.00140589 
37.9 0.00139068 
38 0.00137569 
38.1 0.00136145 
38.2 0.00134832 
38.3 0.00133637 
38.4 0.0013254 
38.5 0.00131498 
38.6 0.00130455 
38.7 0.00129364 
38.8 0.00128192 
38.9 0.00126937 
39 0.00125621 
39.1 0.0012429 
39.2 0.00122995 
39.3 0.00121779 
39.4 0.0012067 
39.5 0.00119664 
39.6 0.00118736 
39.7 0.00117843 
39.8 0.00116934 
39.9 0.00115969 
40 0.00114925 
40.1 0.00113808 
40.2 0.00112644 
40.3 0.00111479 
40.4 0.00110357 
40.5 0.00109317 
40.6 0.00108375 
40.7 0.00107523 
40.8 0.00106732 
40.9 0.0010596 
41 0.00105162 
41.1 0.00104304 
41.2 0.00103373 
41.3 0.00102378 
41.4 0.00101348 
41.5 0.00100327 
41.6 0.000993538 
41.7 0.000984599 
41.8 0.000976552 
41.9 0.000969281 
42 0.000962486 
42.1 0.000955764 
42.2 0.000948723 
42.3 0.000941086 
42.4 0.000932768 
42.5 0.0009239 
42.6 0.000914784 
42.7 0.000905808 
42.8 0.000897336 
42.9 0.000889611 
43 0.000882693 
43.1 0.000876441 
43.2 0.000870561 
43.3 0.00086468 
43.4 0.00085845 
43.5 0.000851644 
43.6 0.000844217 
43.7 0.000836314 
43.8 0.000828229 
43.9 0.000820318 
44 0.000812903 
44.1 0.000806184 
44.2 0.000800192 
44.3 0.000794778 
44.4 0.00078966 
44.5 0.000784495 
44.6 0.000778978 
44.7 0.000772916 
44.8 0.000766288 
44.9 0.000759243 
45 0.000752057 
45.1 0.000745057 
45.2 0.000738527 
45.3 0.00073264 
45.4 0.000727408 
45.5 0.000722686 
45.6 0.000718209 
45.7 0.000713666 
45.8 0.000708782 
45.9 0.000703391 
46 0.000697482 
46.1 0.000691199 
46.2 0.000684797 
46.3 0.000678573 
46.4 0.000672785 
46.5 0.000667583 
46.6 0.000662976 
46.7 0.000658828 
46.8 0.000654896 
46.9 0.000650897 
47 0.000646581 
47.1 0.000641798 
47.2 0.000636539 
47.3 0.000630935 
47.4 0.000625217 
47.5 0.000619655 
47.6 0.000614486 
47.7 0.000609849 
47.8 0.000605755 
47.9 0.000602084 
48 0.000598617 
48.1 0.000595097 
48.2 0.000591293 
48.3 0.000587064 
48.4 0.000582395 
48.5 0.000577397 
48.6 0.000572278 
48.7 0.000567283 
48.8 0.000562632 
48.9 0.00055846 
49 0.000554786 
49.1 0.00055151 
49.2 0.00054844 
49.3 0.000545342 
49.4 0.000542001 
49.5 0.000538278 
49.6 0.000534146 
49.7 0.000529695 
49.8 0.000525105 
49.9 0.000520599 
50 0.000516382 
50.1 0.000512592 
50.2 0.000509259 
50.3 0.000506309 
50.4 0.000503575 
50.5 0.000500847 
50.6 0.000497923 
50.7 0.000494662 
50.8 0.000491023 
50.9 0.000487069 
51 0.000482952 
51.1 0.000478873 
51.2 0.000475026 
51.3 0.000471549 
51.4 0.000468491 
51.5 0.000465804 
51.6 0.00046335 
51.7 0.000460942 
51.8 0.000458391 
51.9 0.000455553 
52 0.000452368 
52.1 0.000448871 
52.2 0.000445185 
52.3 0.000441486 
52.4 0.000437957 
52.5 0.000434739 
52.6 0.000431901 
52.7 0.000429422 
52.8 0.000427194 
52.9 0.000425058 
53 0.000422835 
53.1 0.00042038 
53.2 0.000417613 
53.3 0.000414542 
53.4 0.000411256 
53.5 0.000407905 
53.6 0.000404658 
53.7 0.000401659 
53.8 0.000398996 
53.9 0.000396674 
54 0.000394623 
54.1 0.000392707 
54.2 0.000390766 
54.3 0.000388653 
54.4 0.000386272 
54.5 0.000383599 
54.6 0.000380692 
54.7 0.000377669 
54.8 0.000374681 
54.9 0.000371875 
55 0.000369351 
55.1 0.000367146 
55.2 0.000365222 
55.3 0.000363475 
55.4 0.000361767 
55.5 0.000359952 
55.6 0.000357921 
55.7 0.000355623 
55.8 0.000353078 
55.9 0.000350374 
56 0.000347638 
56.1 0.00034501 
56.2 0.000342605 
56.3 0.000340483 
56.4 0.000338642 
56.5 0.000337014 
56.6 0.000335483 
56.7 0.000333917 
56.8 0.000332197 
56.9 0.000330246 
57 0.000328052 
57.1 0.000325664 
57.2 0.000323183 
57.3 0.000320736 
57.4 0.00031844 
57.5 0.000316381 
57.6 0.000314587 
57.7 0.000313028 
57.8 0.000311619 
57.9 0.000310245 
58 0.000308787 
58.1 0.000307151 
58.2 0.000305292 
58.3 0.000303221 
58.4 0.000301008 
58.5 0.000298754 
58.6 0.000296577 
58.7 0.000294573 
58.8 0.000292803 
58.9 0.00029127 
59 0.000289926 
59.1 0.000288683 
59.2 0.000287431 
59.3 0.000286066 
59.4 0.000284518 
59.5 0.000282762 
59.6 0.00028083 
59.7 0.000278795 
59.8 0.000276758 
59.9 0.000274822 
60 0.000273067 
60.1 0.000271531 
60.2 0.000270203 
60.3 0.000269027 
60.4 0.000267914 
60.5 0.000266764 
60.6 0.000265489 
60.7 0.000264035 
60.8 0.000262394 
60.9 0.000260606 
61 0.000258744 
61.1 0.000256905 
61.2 0.000255178 
61.3 0.000253628 
61.4 0.000252279 
61.5 0.000251113 
61.6 0.00025007 
61.7 0.000249065 
61.8 0.000248008 
61.9 0.000246824 
62 0.000245472 
62.1 0.000243952 
62.2 0.000242306 
62.3 0.000240608 
62.4 0.000238943 
62.5 0.000237392 
62.6 0.000236008 
62.7 0.000234808 
62.8 0.00023377 
62.9 0.000232834 
63 0.000231923 
63.1 0.000230956 
63.2 0.000229866 
63.3 0.000228621 
63.4 0.000227224 
63.5 0.000225717 
63.6 0.000224167 
63.7 0.000222654 
63.8 0.000221249 
63.9 0.000219998 
64 0.000218915 
64.1 0.000217977 
64.2 0.00021713 
64.3 0.000216304 
64.4 0.000215424 
64.5 0.000214432 
64.6 0.000213296 
64.7 0.000212023 
64.8 0.000210647 
64.9 0.000209233 
65 0.00020785 
65.1 0.000206564 
65.2 0.000205418 
65.3 0.000204425 
65.4 0.000203567 
65.5 0.000202795 
65.6 0.000202045 
65.7 0.000201251 
65.8 0.000200357 
65.9 0.000199333 
66 0.000198181 
66.1 0.000196932 
66.2 0.00019564 
66.3 0.00019437 
66.4 0.000193181 
66.5 0.000192117 
66.6 0.000191193 
66.7 0.000190395 
66.8 0.000189684 
66.9 0.000189004 
67 0.000188291 
67.1 0.000187495 
67.2 0.000186583 
67.3 0.000185551 
67.4 0.000184423 
67.5 0.000183245 
67.6 0.000182073 
67.7 0.000180966 
67.8 0.000179965 
67.9 0.000179091 
68 0.000178338 
68.1 0.000177674 
68.2 0.000177052 
68.3 0.000176416 
68.4 0.000175714 
68.5 0.000174912 
68.6 0.000173999 
68.7 0.00017299 
68.8 0.00017192 
68.9 0.000170839 
69 0.000169802 
69.1 0.00016885 
69.2 0.000168011 
69.3 0.000167287 
69.4 0.000166657 
69.5 0.000166081 
69.6 0.000165511 
69.7 0.000164897 
69.8 0.000164202 
69.9 0.000163406 
70 0.000162514 
70.1 0.000161551 
70.2 0.000160559 
70.3 0.000159586 
70.4 0.000158677 
70.5 0.000157861 
70.6 0.000157152 
70.7 0.00015654 
70.8 0.000155996 
70.9 0.000155479 
71 0.000154942 
71.1 0.000154345 
71.2 0.000153663 
71.3 0.000152889 
71.4 0.000152035 
71.5 0.000151135 
71.6 0.000150228 
71.7 0.000149358 
71.8 0.00014856 
71.9 0.000147856 
72 0.000147248 
72.1 0.000146718 
72.2 0.000146235 
72.3 0.000145759 
72.4 0.000145249 
72.5 0.000144674 
72.6 0.000144015 
72.7 0.000143275 
72.8 0.000142473 
72.9 0.00014164 
73 0.000140815 
73.1 0.000140036 
73.2 0.000139332 
73.3 0.000138715 
73.4 0.000138182 
73.5 0.000137713 
73.6 0.000137276 
73.7 0.000136834 
73.8 0.000136353 
73.9 0.000135805 
74 0.00013518 
74.1 0.000134484 
74.2 0.000133737 
74.3 0.000132971 
74.4 0.000132221 
74.5 0.000131519 
74.6 0.000130888 
74.7 0.000130338 
74.8 0.000129862 
74.9 0.000129439 
75 0.00012904 
75.1 0.00012863 
75.2 0.000128179 
75.3 0.000127667 
75.4 0.000127083 
75.5 0.000126437 
75.6 0.000125747 
75.7 0.000125043 
75.8 0.000124357 
75.9 0.000123717 
76 0.000123143 
76.1 0.000122643 
76.2 0.000122209 
76.3 0.000121822 
76.4 0.000121455 
76.5 0.000121078 
76.6 0.000120663 
76.7 0.00012019 
76.8 0.000119654 
76.9 0.00011906 
77 0.000118426 
77.1 0.000117779 
77.2 0.000117147 
77.3 0.000116557 
77.4 0.000116026 
77.5 0.000115561 
77.6 0.000115158 
77.7 0.000114799 
77.8 0.000114461 
77.9 0.000114116 
78 0.000113739 
78.1 0.000113311 
78.2 0.000112826 
78.3 0.000112286 
78.4 0.000111707 
78.5 0.000111112 
78.6 0.000110527 
78.7 0.000109975 
78.8 0.000109476 
78.9 0.000109036 
79 0.000108654 
79.1 0.000108316 
79.2 0.000108003 
79.3 0.000107688 
79.4 0.00010735 
79.5 0.000106969 
79.6 0.000106537 
79.7 0.000106053 
79.8 0.000105529 
79.9 0.000104984 
80 0.00010444 
80.1 0.00010392 
80.2 0.000103443 
80.3 0.000103019 
80.4 0.000102649 
80.5 0.000102325 
80.6 0.00010203 
80.7 0.000101743 
80.8 0.000101442 
80.9 0.000101108 
81 0.00010073 
81.1 0.000100304 
81.2 9.98361e-05 
81.3 9.93406e-05 
81.4 9.88367e-05 
81.5 9.83456e-05 
81.6 9.78858e-05 
81.7 9.74705e-05 
81.8 9.7105e-05 
81.9 9.67858e-05 
82 9.65015e-05 
82.1 9.6235e-05 
82.2 9.59664e-05 
82.3 9.56771e-05 
82.4 9.53525e-05 
82.5 9.4985e-05 
82.6 9.45755e-05 
82.7 9.41325e-05 
82.8 9.3671e-05 
82.9 9.32093e-05 
83 9.27658e-05 
83.1 9.23559e-05 
83.2 9.19888e-05 
83.3 9.16666e-05 
83.4 9.13837e-05 
83.5 9.11279e-05 
83.6 9.08829e-05 
83.7 9.06307e-05 
83.8 9.03555e-05 
83.9 9.00457e-05 
84 8.96966e-05 
84.1 8.93107e-05 
84.2 8.88973e-05 
84.3 8.84707e-05 
84.4 8.80477e-05 
84.5 8.76444e-05 
84.6 8.72735e-05 
84.7 8.69422e-05 
84.8 8.66512e-05 
84.9 8.63943e-05 
85 8.616e-05 
85.1 8.59332e-05 
85.2 8.56981e-05 
85.3 8.54407e-05 
85.4 8.51513e-05 
85.5 8.48263e-05 
85.6 8.44685e-05 
85.7 8.40865e-05 
85.8 8.36935e-05 
85.9 8.33042e-05 
86 8.29331e-05 
86.1 8.25915e-05 
86.2 8.22858e-05 
86.3 8.20164e-05 
86.4 8.17781e-05 
86.5 8.15606e-05 
86.6 8.13505e-05 
86.7 8.11336e-05 
86.8 8.08973e-05 
86.9 8.06327e-05 
87 8.0336e-05 
87.1 8.00091e-05 
87.2 7.96592e-05 
87.3 7.92977e-05 
87.4 7.89377e-05 
87.5 7.85923e-05 
87.6 7.8272e-05 
87.7 7.79835e-05 
87.8 7.77281e-05 
87.9 7.75022e-05 
88 7.72973e-05 
88.1 7.71021e-05 
88.2 7.69037e-05 
88.3 7.66905e-05 
88.4 7.64535e-05 
88.5 7.6188e-05 
88.6 7.58942e-05 
88.7 7.55773e-05 
88.8 7.52464e-05 
88.9 7.49129e-05 
89 7.45886e-05 
89.1 7.4284e-05 
89.2 7.40063e-05 
89.3 7.37586e-05 
89.4 7.35392e-05 
89.5 7.33424e-05 
89.6 7.31588e-05 
89.7 7.29774e-05 
89.8 7.27872e-05 
89.9 7.25788e-05 
90 7.23462e-05 
90.1 7.20876e-05 
90.2 7.18052e-05 
90.3 7.15058e-05 
90.4 7.11984e-05 
90.5 7.08936e-05 
90.6 7.06016e-05 
90.7 7.03306e-05 
90.8 7.00854e-05 
90.9 6.98672e-05 
91 6.96728e-05 
91.1 6.94959e-05 
91.2 6.93273e-05 
91.3 6.91571e-05 
91.4 6.89759e-05 
91.5 6.87763e-05 
91.6 6.85539e-05 
91.7 6.83084e-05 
91.8 6.8043e-05 
91.9 6.77642e-05 
92 6.74806e-05 
92.1 6.72018e-05 
92.2 6.69363e-05 
92.3 6.66908e-05 
92.4 6.64691e-05 
92.5 6.62714e-05 
92.6 6.60943e-05 
92.7 6.59316e-05 
92.8 6.57753e-05 
92.9 6.56163e-05 
93 6.54467e-05 
93.1 6.52599e-05 
93.2 6.50527e-05 
93.3 6.48247e-05 
93.4 6.45792e-05 
93.5 6.43219e-05 
93.6 6.40607e-05 
93.7 6.38038e-05 
93.8 6.35589e-05 
93.9 6.3332e-05 
94 6.31262e-05 
94.1 6.2942e-05 
94.2 6.27766e-05 
94.3 6.26246e-05 
94.4 6.24789e-05 
94.5 6.23318e-05 
94.6 6.21759e-05 
94.7 6.20053e-05 
94.8 6.18167e-05 
94.9 6.16093e-05 
95 6.13855e-05 
95.1 6.11501e-05 
95.2 6.09097e-05 
95.3 6.06714e-05 
95.4 6.04424e-05 
95.5 6.02283e-05 
95.6 6.00327e-05 
95.7 5.98565e-05 
95.8 5.96981e-05 
95.9 5.95535e-05 
96 5.94168e-05 
96.1 5.92812e-05 
96.2 5.914e-05 
96.3 5.89875e-05 
96.4 5.88197e-05 
96.5 5.86352e-05 
96.6 5.84349e-05 
96.7 5.82221e-05 
96.8 5.80019e-05 
96.9 5.77807e-05 
97 5.75648e-05 
97.1 5.73598e-05 
97.2 5.717e-05 
97.3 5.69973e-05 
97.4 5.68417e-05 
97.5 5.67006e-05 
97.6 5.65698e-05 
97.7 5.64436e-05 
97.8 5.63162e-05 
97.9 5.61817e-05 
98 5.60357e-05 
98.1 5.58755e-05 
98.2 5.57004e-05 
98.3 5.55118e-05 
98.4 5.53134e-05 
98.5 5.51099e-05 
98.6 5.49069e-05 
98.7 5.47099e-05 
98.8 5.45236e-05 
98.9 5.43513e-05 
99 5.41945e-05 
99.1 5.40526e-05 
99.2 5.39231e-05 
99.3 5.38022e-05 
99.4 5.36849e-05 
99.5 5.35658e-05 
99.6 5.34401e-05 
99.7 5.3304e-05 
99.8 5.31552e-05 
99.9 5.29931e-05 
100 5.28193e-05 
100.1 5.26366e-05 
100.2 5.24493e-05 
100.3 5.22624e-05 
100.4 5.20805e-05 
100.5 5.19079e-05 
100.6 5.17476e-05 
100.7 5.1601e-05 
100.8 5.14677e-05 
100.9 5.1346e-05 
101 5.12324e-05 
101.1 5.11228e-05 
101.2 5.10126e-05 
101.3 5.08974e-05 
101.4 5.07737e-05 
101.5 5.0639e-05 
101.6 5.04926e-05 
101.7 5.03353e-05 
101.8 5.01692e-05 
101.9 4.99978e-05 
102 4.98252e-05 
102.1 4.96557e-05 
102.2 4.94931e-05 
102.3 4.93405e-05 
102.4 4.91997e-05 
102.5 4.90711e-05 
102.6 4.89535e-05 
102.7 4.88447e-05 
102.8 4.87413e-05 
102.9 4.86394e-05 
103 4.85351e-05 
103.1 4.84248e-05 
103.2 4.8306e-05 
103.3 4.8177e-05 
103.4 4.80378e-05 
103.5 4.78895e-05 
103.6 4.77346e-05 
103.7 4.75762e-05 
103.8 4.7418e-05 
103.9 4.72637e-05 
104 4.71163e-05 
104.1 4.69783e-05 
104.2 4.6851e-05 
104.3 4.67342e-05 
104.4 4.66269e-05 
104.5 4.65268e-05 
104.6 4.64309e-05 
104.7 4.63359e-05 
104.8 4.62382e-05 
104.9 4.61351e-05 
105 4.60242e-05 
105.1 4.59044e-05 
105.2 4.57756e-05 
105.3 4.5639e-05 
105.4 4.54965e-05 
105.5 4.5351e-05 
105.6 4.52056e-05 
105.7 4.50635e-05 
105.8 4.49273e-05 
105.9 4.47993e-05 
106 4.46805e-05 
106.1 4.45711e-05 
106.2 4.44703e-05 
106.3 4.43762e-05 
106.4 4.42863e-05 
106.5 4.41978e-05 
106.6 4.41077e-05 
106.7 4.40134e-05 
106.8 4.39128e-05 
106.9 4.38046e-05 
107 4.36885e-05 
107.1 4.3565e-05 
107.2 4.34358e-05 
107.3 4.33029e-05 
107.4 4.31691e-05 
107.5 4.30369e-05 
107.6 4.2909e-05 
107.7 4.27875e-05 
107.8 4.26737e-05 
107.9 4.25682e-05 
108 4.24707e-05 
108.1 4.23801e-05 
108.2 4.22944e-05 
108.3 4.22115e-05 
108.4 4.21288e-05 
108.5 4.20439e-05 
108.6 4.19546e-05 
108.7 4.18594e-05 
108.8 4.17574e-05 
108.9 4.16485e-05 
109 4.15336e-05 
109.1 4.1414e-05 
109.2 4.12917e-05 
109.3 4.1169e-05 
109.4 4.10482e-05 
109.5 4.09315e-05 
109.6 4.08205e-05 
109.7 4.07163e-05 
109.8 4.06193e-05 
109.9 4.05293e-05 
110 4.04453e-05 
110.1 4.03656e-05 
110.2 4.02883e-05 
110.3 4.02113e-05 
110.4 4.01326e-05 
110.5 4.00501e-05 
110.6 3.99627e-05 
110.7 3.98695e-05 
110.8 3.97703e-05 
110.9 3.96657e-05 
111 3.95567e-05 
111.1 3.94451e-05 
111.2 3.93326e-05 
111.3 3.92212e-05 
111.4 3.91128e-05 
111.5 3.9009e-05 
111.6 3.89108e-05 
111.7 3.88189e-05 
111.8 3.87331e-05 
111.9 3.8653e-05 
112 3.85773e-05 
112.1 3.85045e-05 
112.2 3.8433e-05 
112.3 3.83608e-05 
112.4 3.82863e-05 
112.5 3.82081e-05 
112.6 3.81253e-05 
112.7 3.80373e-05 
112.8 3.79443e-05 
112.9 3.78469e-05 
113 3.77462e-05 
113.1 3.76436e-05 
113.2 3.75408e-05 
113.3 3.74393e-05 
113.4 3.73407e-05 
113.5 3.72463e-05 
113.6 3.71569e-05 
113.7 3.70729e-05 
113.8 3.69942e-05 
113.9 3.69203e-05 
114 3.68501e-05 
114.1 3.67825e-05 
114.2 3.67159e-05 
114.3 3.66488e-05 
114.4 3.65798e-05 
114.5 3.65078e-05 
114.6 3.64318e-05 
114.7 3.63515e-05 
114.8 3.62668e-05 
114.9 3.61783e-05 
115 3.60868e-05 
115.1 3.59933e-05 
115.2 3.58992e-05 
115.3 3.5806e-05 
115.4 3.57148e-05 
115.5 3.56269e-05 
115.6 3.55431e-05 
115.7 3.54638e-05 
115.8 3.53891e-05 
115.9 3.53188e-05 
116 3.52522e-05 
116.1 3.51884e-05 
116.2 3.51261e-05 
116.3 3.50642e-05 
116.4 3.50013e-05 
116.5 3.49365e-05 
116.6 3.48688e-05 
116.7 3.47975e-05 
116.8 3.47226e-05 
116.9 3.4644e-05 
117 3.45624e-05 
117.1 3.44783e-05 
117.2 3.43928e-05 
117.3 3.43071e-05 
117.4 3.42221e-05 
117.5 3.41391e-05 
117.6 3.40589e-05 
117.7 3.39823e-05 
117.8 3.39094e-05 
117.9 3.38406e-05 
118 3.37755e-05 
118.1 3.37136e-05 
118.2 3.36541e-05 
118.3 3.35961e-05 
118.4 3.35387e-05 
118.5 3.34806e-05 
118.6 3.34211e-05 
118.7 3.33594e-05 
118.8 3.32948e-05 
118.9 3.32271e-05 
119 3.31563e-05 
119.1 3.30828e-05 
119.2 3.30069e-05 
119.3 3.29295e-05 
119.4 3.28514e-05 
119.5 3.27736e-05 
119.6 3.26969e-05 
119.7 3.26222e-05 
119.8 3.25502e-05 
119.9 3.24813e-05 
120 3.24157e-05 
120.1 3.23534e-05 
120.2 3.22942e-05 
120.3 3.22376e-05 
120.4 3.21828e-05 
120.5 3.21292e-05 
120.6 3.20759e-05 
120.7 3.20221e-05 
120.8 3.19669e-05 
120.9 3.19099e-05 
121 3.18505e-05 
121.1 3.17885e-05 
121.2 3.1724e-05 
121.3 3.16571e-05 
121.4 3.15883e-05 
121.5 3.15181e-05 
121.6 3.14472e-05 
121.7 3.13764e-05 
121.8 3.13064e-05 
121.9 3.12379e-05 
122 3.11714e-05 
122.1 3.11075e-05 
122.2 3.10463e-05 
122.3 3.0988e-05 
122.4 3.09323e-05 
122.5 3.0879e-05 
122.6 3.08276e-05 
122.7 3.07775e-05 
122.8 3.07281e-05 
122.9 3.06787e-05 
123 3.06286e-05 
123.1 3.05773e-05 
123.2 3.05243e-05 
123.3 3.04693e-05 
123.4 3.04123e-05 
123.5 3.03531e-05 
123.6 3.0292e-05 
123.7 3.02294e-05 
123.8 3.01657e-05 
123.9 3.01014e-05 
124 3.00373e-05 
124.1 2.99738e-05 
124.2 2.99115e-05 
124.3 2.98509e-05 
124.4 2.97924e-05 
124.5 2.97361e-05 
124.6 2.96822e-05 
124.7 2.96305e-05 
124.8 2.95809e-05 
124.9 2.9533e-05 
125 2.94863e-05 
125.1 2.94405e-05 
125.2 2.9395e-05 
125.3 2.93491e-05 
125.4 2.93026e-05 
125.5 2.92548e-05 
125.6 2.92056e-05 
125.7 2.91548e-05 
125.8 2.91022e-05 
125.9 2.90479e-05 
126 2.89922e-05 
126.1 2.89353e-05 
126.2 2.88776e-05 
126.3 2.88196e-05 
126.4 2.87617e-05 
126.5 2.87044e-05 
126.6 2.86481e-05 
126.7 2.85932e-05 
126.8 2.85399e-05 
126.9 2.84885e-05 
127 2.8439e-05 
127.1 2.83914e-05 
127.2 2.83456e-05 
127.3 2.83012e-05 
127.4 2.8258e-05 
127.5 2.82156e-05 
127.6 2.81736e-05 
127.7 2.81316e-05 
127.8 2.80892e-05 
127.9 2.8046e-05 
128 2.80018e-05 
128.1 2.79564e-05 
128.2 2.79096e-05 
128.3 2.78614e-05 
128.4 2.7812e-05 
128.5 2.77614e-05 
128.6 2.771e-05 
128.7 2.7658e-05 
128.8 2.76058e-05 
128.9 2.75538e-05 
129 2.75022e-05 
129.1 2.74515e-05 
129.2 2.74018e-05 
129.3 2.73535e-05 
129.4 2.73067e-05 
129.5 2.72615e-05 
129.6 2.72177e-05 
129.7 2.71754e-05 
129.8 2.71344e-05 
129.9 2.70945e-05 
130 2.70554e-05 
130.1 2.70167e-05 
130.2 2.69782e-05 
130.3 2.69396e-05 
130.4 2.69006e-05 
130.5 2.68609e-05 
130.6 2.68203e-05 
130.7 2.67788e-05 
130.8 2.67362e-05 
130.9 2.66925e-05 
131 2.66479e-05 
131.1 2.66024e-05 
131.2 2.65562e-05 
131.3 2.65097e-05 
131.4 2.64629e-05 
131.5 2.64163e-05 
131.6 2.637e-05 
131.7 2.63244e-05 
131.8 2.62796e-05 
131.9 2.62358e-05 
132 2.61931e-05 
132.1 2.61517e-05 
132.2 2.61115e-05 
132.3 2.60725e-05 
132.4 2.60346e-05 
132.5 2.59977e-05 
132.6 2.59615e-05 
132.7 2.5926e-05 
132.8 2.58907e-05 
132.9 2.58556e-05 
133 2.58203e-05 
133.1 2.57847e-05 
133.2 2.57487e-05 
133.3 2.57119e-05 
133.4 2.56745e-05 
133.5 2.56362e-05 
133.6 2.55971e-05 
133.7 2.55573e-05 
133.8 2.55169e-05 
133.9 2.54759e-05 
134 2.54345e-05 
134.1 2.53929e-05 
134.2 2.53513e-05 
134.3 2.53099e-05 
134.4 2.52689e-05 
134.5 2.52285e-05 
134.6 2.51888e-05 
134.7 2.51499e-05 
134.8 2.51119e-05 
134.9 2.50749e-05 
135 2.50388e-05 
135.1 2.50037e-05 
135.2 2.49694e-05 
135.3 2.49359e-05 
135.4 2.4903e-05 
135.5 2.48706e-05 
135.6 2.48386e-05 
135.7 2.48067e-05 
135.8 2.47748e-05 
135.9 2.47427e-05 
136 2.47103e-05 
136.1 2.46775e-05 
136.2 2.46442e-05 
136.3 2.46104e-05 
136.4 2.4576e-05 
136.5 2.4541e-05 
136.6 2.45055e-05 
136.7 2.44695e-05 
136.8 2.44331e-05 
136.9 2.43965e-05 
137 2.43597e-05 
137.1 2.4323e-05 
137.2 2.42864e-05 
137.3 2.42501e-05 
137.4 2.42141e-05 
137.5 2.41787e-05 
137.6 2.41439e-05 
137.7 2.41098e-05 
137.8 2.40764e-05 
137.9 2.40437e-05 
138 2.40118e-05 
138.1 2.39805e-05 
138.2 2.39499e-05 
138.3 2.39199e-05 
138.4 2.38904e-05 
138.5 2.38612e-05 
138.6 2.38323e-05 
138.7 2.38035e-05 
138.8 2.37748e-05 
138.9 2.3746e-05 
139 2.37171e-05 
139.1 2.36879e-05 
139.2 2.36584e-05 
139.3 2.36285e-05 
139.4 2.35982e-05 
139.5 2.35676e-05 
139.6 2.35365e-05 
139.7 2.35051e-05 
139.8 2.34734e-05 
139.9 2.34414e-05 
140 2.34093e-05 
140.1 2.33771e-05 
140.2 2.3345e-05 
140.3 2.33129e-05 
140.4 2.32811e-05 
140.5 2.32495e-05 
140.6 2.32183e-05 
140.7 2.31875e-05 
140.8 2.31572e-05 
140.9 2.31274e-05 
141 2.30982e-05 
141.1 2.30695e-05 
141.2 2.30413e-05 
141.3 2.30137e-05 
141.4 2.29865e-05 
141.5 2.29598e-05 
141.6 2.29334e-05 
141.7 2.29074e-05 
141.8 2.28816e-05 
141.9 2.28559e-05 
142 2.28303e-05 
142.1 2.28047e-05 
142.2 2.27791e-05 
142.3 2.27534e-05 
142.4 2.27274e-05 
142.5 2.27013e-05 
142.6 2.2675e-05 
142.7 2.26484e-05 
142.8 2.26215e-05 
142.9 2.25944e-05 
143 2.25671e-05 
143.1 2.25396e-05 
143.2 2.2512e-05 
143.3 2.24842e-05 
143.4 2.24564e-05 
143.5 2.24285e-05 
143.6 2.24008e-05 
143.7 2.23731e-05 
143.8 2.23457e-05 
143.9 2.23184e-05 
144 2.22914e-05 
144.1 2.22648e-05 
144.2 2.22385e-05 
144.3 2.22125e-05 
144.4 2.2187e-05 
144.5 2.21618e-05 
144.6 2.2137e-05 
144.7 2.21126e-05 
144.8 2.20886e-05 
144.9 2.20649e-05 
145 2.20415e-05 
145.1 2.20184e-05 
145.2 2.19955e-05 
145.3 2.19728e-05 
145.4 2.19503e-05 
145.5 2.19278e-05 
145.6 2.19053e-05 
145.7 2.18829e-05 
145.8 2.18605e-05 
145.9 2.1838e-05 
146 2.18154e-05 
146.1 2.17927e-05 
146.2 2.17698e-05 
146.3 2.17468e-05 
146.4 2.17237e-05 
146.5 2.17005e-05 
146.6 2.16771e-05 
146.7 2.16536e-05 
146.8 2.16301e-05 
146.9 2.16064e-05 
147 2.15828e-05 
147.1 2.15592e-05 
147.2 2.15356e-05 
147.3 2.1512e-05 
147.4 2.14886e-05 
147.5 2.14653e-05 
147.6 2.14421e-05 
147.7 2.14192e-05 
147.8 2.13965e-05 
147.9 2.1374e-05 
148 2.13517e-05 
148.1 2.13297e-05 
148.2 2.1308e-05 
148.3 2.12866e-05 
148.4 2.12654e-05 
148.5 2.12445e-05 
148.6 2.12238e-05 
148.7 2.12034e-05 
148.8 2.11832e-05 
148.9 2.11632e-05 
149 2.11434e-05 
149.1 2.11238e-05 
149.2 2.11043e-05 
149.3 2.10849e-05 
149.4 2.10656e-05 
149.5 2.10463e-05 
149.6 2.10271e-05 
149.7 2.1008e-05 
149.8 2.09888e-05 
149.9 2.09696e-05 
150 2.09503e-05 
150.1 2.09311e-05 
150.2 2.09118e-05 
150.3 2.08924e-05 
150.4 2.0873e-05 
150.5 2.08535e-05 
150.6 2.0834e-05 
150.7 2.08145e-05 
150.8 2.07949e-05 
150.9 2.07753e-05 
151 2.07557e-05 
151.1 2.07361e-05 
151.2 2.07166e-05 
151.3 2.06971e-05 
151.4 2.06777e-05 
151.5 2.06583e-05 
151.6 2.06391e-05 
151.7 2.06199e-05 
151.8 2.06009e-05 
151.9 2.0582e-05 
152 2.05632e-05 
152.1 2.05447e-05 
152.2 2.05263e-05 
152.3 2.0508e-05 
152.4 2.049e-05 
152.5 2.04721e-05 
152.6 2.04544e-05 
152.7 2.04369e-05 
152.8 2.04195e-05 
152.9 2.04024e-05 
153 2.03854e-05 
153.1 2.03685e-05 
153.2 2.03518e-05 
153.3 2.03353e-05 
153.4 2.03188e-05 
153.5 2.03025e-05 
153.6 2.02863e-05 
153.7 2.02702e-05 
153.8 2.02541e-05 
153.9 2.02382e-05 
154 2.02223e-05 
154.1 2.02064e-05 
154.2 2.01906e-05 
154.3 2.01749e-05 
154.4 2.01591e-05 
154.5 2.01434e-05 
154.6 2.01277e-05 
154.7 2.0112e-05 
154.8 2.00963e-05 
154.9 2.00807e-05 
155 2.0065e-05 
155.1 2.00494e-05 
155.2 2.00337e-05 
155.3 2.00181e-05 
155.4 2.00025e-05 
155.5 1.99869e-05 
155.6 1.99713e-05 
155.7 1.99558e-05 
155.8 1.99403e-05 
155.9 1.99248e-05 
156 1.99094e-05 
156.1 1.98941e-05 
156.2 1.98788e-05 
156.3 1.98636e-05 
156.4 1.98485e-05 
156.5 1.98335e-05 
156.6 1.98185e-05 
156.7 1.98037e-05 
156.8 1.97889e-05 
156.9 1.97742e-05 
157 1.97597e-05 
157.1 1.97453e-05 
157.2 1.97309e-05 
157.3 1.97167e-05 
157.4 1.97026e-05 
157.5 1.96886e-05 
157.6 1.96748e-05 
157.7 1.9661e-05 
157.8 1.96474e-05 
157.9 1.96339e-05 
158 1.96205e-05 
158.1 1.96072e-05 
158.2 1.9594e-05 
158.3 1.95809e-05 
158.4 1.95679e-05 
158.5 1.9555e-05 
158.6 1.95422e-05 
158.7 1.95295e-05 
158.8 1.95168e-05 
158.9 1.95043e-05 
159 1.94918e-05 
159.1 1.94794e-05 
159.2 1.9467e-05 
159.3 1.94548e-05 
159.4 1.94425e-05 
159.5 1.94304e-05 
159.6 1.94183e-05 
159.7 1.94062e-05 
159.8 1.93942e-05 
159.9 1.93823e-05 
160 1.93704e-05 
160.1 1.93586e-05 
160.2 1.93467e-05 
160.3 1.9335e-05 
160.4 1.93233e-05 
160.5 1.93116e-05 
160.6 1.92999e-05 
160.7 1.92883e-05 
160.8 1.92768e-05 
160.9 1.92653e-05 
161 1.92538e-05 
161.1 1.92424e-05 
161.2 1.9231e-05 
161.3 1.92197e-05 
161.4 1.92085e-05 
161.5 1.91972e-05 
161.6 1.91861e-05 
161.7 1.9175e-05 
161.8 1.91639e-05 
161.9 1.9153e-05 
162 1.9142e-05 
162.1 1.91312e-05 
162.2 1.91204e-05 
162.3 1.91096e-05 
162.4 1.9099e-05 
162.5 1.90884e-05 
162.6 1.90778e-05 
162.7 1.90674e-05 
162.8 1.9057e-05 
162.9 1.90467e-05 
163 1.90364e-05 
163.1 1.90263e-05 
163.2 1.90162e-05 
163.3 1.90062e-05 
163.4 1.89962e-05 
163.5 1.89864e-05 
163.6 1.89766e-05 
163.7 1.89669e-05 
163.8 1.89573e-05 
163.9 1.89477e-05 
164 1.89382e-05 
164.1 1.89288e-05 
164.2 1.89195e-05 
164.3 1.89103e-05 
164.4 1.89011e-05 
164.5 1.8892e-05 
164.6 1.8883e-05 
164.7 1.8874e-05 
164.8 1.88651e-05 
164.9 1.88563e-05 
165 1.88476e-05 
165.1 1.88389e-05 
165.2 1.88303e-05 
165.3 1.88218e-05 
165.4 1.88133e-05 
165.5 1.88049e-05 
165.6 1.87965e-05 
165.7 1.87883e-05 
165.8 1.87801e-05 
165.9 1.87719e-05 
166 1.87638e-05 
166.1 1.87558e-05 
166.2 1.87479e-05 
166.3 1.874e-05 
166.4 1.87321e-05 
166.5 1.87243e-05 
166.6 1.87166e-05 
166.7 1.8709e-05 
166.8 1.87014e-05 
166.9 1.86938e-05 
167 1.86864e-05 
167.1 1.86789e-05 
167.2 1.86716e-05 
167.3 1.86643e-05 
167.4 1.8657e-05 
167.5 1.86498e-05 
167.6 1.86427e-05 
167.7 1.86356e-05 
167.8 1.86285e-05 
167.9 1.86216e-05 
168 1.86146e-05 
168.1 1.86078e-05 
168.2 1.8601e-05 
168.3 1.85942e-05 
168.4 1.85875e-05 
168.5 1.85809e-05 
168.6 1.85743e-05 
168.7 1.85678e-05 
168.8 1.85613e-05 
168.9 1.85549e-05 
169 1.85486e-05 
169.1 1.85423e-05 
169.2 1.8536e-05 
169.3 1.85298e-05 
169.4 1.85237e-05 
169.5 1.85176e-05 
169.6 1.85116e-05 
169.7 1.85057e-05 
169.8 1.84998e-05 
169.9 1.8494e-05 
170 1.84882e-05 
170.1 1.84825e-05 
170.2 1.84768e-05 
170.3 1.84712e-05 
170.4 1.84657e-05 
170.5 1.84602e-05 
170.6 1.84548e-05 
170.7 1.84494e-05 
170.8 1.84441e-05 
170.9 1.84388e-05 
171 1.84336e-05 
171.1 1.84285e-05 
171.2 1.84234e-05 
171.3 1.84184e-05 
171.4 1.84135e-05 
171.5 1.84086e-05 
171.6 1.84037e-05 
171.7 1.8399e-05 
171.8 1.83942e-05 
171.9 1.83896e-05 
172 1.8385e-05 
172.1 1.83804e-05 
172.2 1.8376e-05 
172.3 1.83715e-05 
172.4 1.83672e-05 
172.5 1.83629e-05 
172.6 1.83586e-05 
172.7 1.83544e-05 
172.8 1.83503e-05 
172.9 1.83462e-05 
173 1.83422e-05 
173.1 1.83383e-05 
173.2 1.83344e-05 
173.3 1.83305e-05 
173.4 1.83268e-05 
173.5 1.83231e-05 
173.6 1.83194e-05 
173.7 1.83158e-05 
173.8 1.83122e-05 
173.9 1.83088e-05 
174 1.83053e-05 
174.1 1.8302e-05 
174.2 1.82986e-05 
174.3 1.82954e-05 
174.4 1.82922e-05 
174.5 1.82891e-05 
174.6 1.8286e-05 
174.7 1.8283e-05 
174.8 1.828e-05 
174.9 1.82771e-05 
175 1.82742e-05 
175.1 1.82714e-05 
175.2 1.82687e-05 
175.3 1.8266e-05 
175.4 1.82634e-05 
175.5 1.82608e-05 
175.6 1.82583e-05 
175.7 1.82559e-05 
175.8 1.82535e-05 
175.9 1.82511e-05 
176 1.82489e-05 
176.1 1.82466e-05 
176.2 1.82445e-05 
176.3 1.82424e-05 
176.4 1.82403e-05 
176.5 1.82383e-05 
176.6 1.82364e-05 
176.7 1.82345e-05 
176.8 1.82327e-05 
176.9 1.82309e-05 
177 1.82292e-05 
177.1 1.82275e-05 
177.2 1.82259e-05 
177.3 1.82244e-05 
177.4 1.82229e-05 
177.5 1.82215e-05 
177.6 1.82201e-05 
177.7 1.82188e-05 
177.8 1.82175e-05 
177.9 1.82163e-05 
178 1.82152e-05 
178.1 1.82141e-05 
178.2 1.8213e-05 
178.3 1.82121e-05 
178.4 1.82111e-05 
178.5 1.82103e-05 
178.6 1.82094e-05 
178.7 1.82087e-05 
178.8 1.8208e-05 
178.9 1.82073e-05 
179 1.82067e-05 
179.1 1.82062e-05 
179.2 1.82057e-05 
179.3 1.82053e-05 
179.4 1.8205e-05 
179.5 1.82047e-05 
179.6 1.82044e-05 
179.7 1.82042e-05 
179.8 1.82041e-05 
