0.1 13.7514 
0.2 14.4996 
0.3 15.6546 
0.4 17.0698 
0.5 18.5414 
0.6 19.8364 
0.7 20.7407 
0.8 21.1098 
0.9 20.9029 
1 20.1852 
1.1 19.099 
1.2 17.819 
1.3 16.5073 
1.4 15.2832 
1.5 14.2119 
1.6 13.3084 
1.7 12.5505 
1.8 11.8953 
1.9 11.2946 
2 10.7082 
2.1 10.112 
2.2 9.50111 
2.3 8.88646 
2.4 8.28816 
2.5 7.72733 
2.6 7.21954 
2.7 6.77131 
2.8 6.3798 
2.9 6.03503 
3 5.72341 
3.1 5.43152 
3.2 5.14928 
3.3 4.87173 
3.4 4.59911 
3.5 4.33551 
3.6 4.08657 
3.7 3.85721 
3.8 3.65005 
3.9 3.46468 
4 3.29807 
4.1 3.14555 
4.2 3.0021 
4.3 2.86364 
4.4 2.72786 
4.5 2.59447 
4.6 2.46479 
4.7 2.34103 
4.8 2.22529 
4.9 2.11886 
5 2.02184 
5.1 1.93319 
5.2 1.85104 
5.3 1.77329 
5.4 1.69814 
5.5 1.62448 
5.6 1.55212 
5.7 1.48158 
5.8 1.41387 
5.9 1.34997 
6 1.29054 
6.1 1.23572 
6.2 1.18507 
6.3 1.13778 
6.4 1.09286 
6.5 1.04945 
6.6 1.007 
6.7 0.965373 
6.8 0.924803 
6.9 0.885752 
7 0.848707 
7.1 0.814005 
7.2 0.781727 
7.3 0.751682 
7.4 0.723476 
7.5 0.696627 
7.6 0.6707 
7.7 0.645408 
7.8 0.620667 
7.9 0.596579 
8 0.573363 
8.1 0.551258 
8.2 0.530432 
8.3 0.510926 
8.4 0.492649 
8.5 0.475406 
8.6 0.458956 
8.7 0.443078 
8.8 0.427622 
8.9 0.412537 
9 0.397868 
9.1 0.383717 
9.2 0.370198 
9.3 0.357389 
9.4 0.34531 
9.5 0.333913 
9.6 0.323102 
9.7 0.312759 
9.8 0.302773 
9.9 0.293069 
10 0.28362 
10.1 0.274443 
10.2 0.265583 
10.3 0.257091 
10.4 0.248998 
10.5 0.241309 
10.6 0.234 
10.7 0.227022 
10.8 0.220321 
10.9 0.213847 
11 0.207565 
11.1 0.201463 
11.2 0.195546 
11.3 0.189832 
11.4 0.184337 
11.5 0.179069 
11.6 0.174025 
11.7 0.16919 
11.8 0.164541 
11.9 0.160057 
12 0.15572 
12.1 0.151517 
12.2 0.147445 
12.3 0.143506 
12.4 0.139703 
12.5 0.136036 
12.6 0.1325 
12.7 0.129087 
12.8 0.125786 
12.9 0.122589 
13 0.11949 
13.1 0.116487 
13.2 0.113581 
13.3 0.110775 
13.4 0.108068 
13.5 0.105456 
13.6 0.102934 
13.7 0.100489 
13.8 0.0981112 
13.9 0.0957911 
14 0.0935259 
14.1 0.0913183 
14.2 0.0891748 
14.3 0.087103 
14.4 0.0851082 
14.5 0.083191 
14.6 0.0813458 
14.7 0.0795618 
14.8 0.0778253 
14.9 0.076124 
15 0.07445 
15.1 0.0728027 
15.2 0.0711879 
15.3 0.069616 
15.4 0.0680977 
15.5 0.0666405 
15.6 0.0652456 
15.7 0.0639073 
15.8 0.0626138 
15.9 0.0613511 
16 0.0601061 
16.1 0.0588713 
16.2 0.0576464 
16.3 0.0564384 
16.4 0.0552588 
16.5 0.0541195 
16.6 0.053029 
16.7 0.0519897 
16.8 0.0509964 
16.9 0.0500382 
17 0.0491012 
17.1 0.0481726 
17.2 0.0472449 
17.3 0.0463174 
17.4 0.0453967 
17.5 0.044494 
17.6 0.0436216 
17.7 0.0427884 
17.8 0.0419976 
17.9 0.0412454 
18 0.040522 
18.1 0.0398145 
18.2 0.0391109 
18.3 0.0384032 
18.4 0.0376904 
18.5 0.0369778 
18.6 0.0362759 
18.7 0.0355962 
18.8 0.0349478 
18.9 0.0343349 
19 0.0337549 
19.1 0.0331996 
19.2 0.0326574 
19.3 0.032117 
19.4 0.0315705 
19.5 0.031016 
19.6 0.0304575 
19.7 0.0299043 
19.8 0.0293668 
19.9 0.0288543 
20 0.0283713 
20.1 0.0279167 
20.2 0.0274838 
20.3 0.0270627 
20.4 0.0266428 
20.5 0.0262165 
20.6 0.0257808 
20.7 0.0253387 
20.8 0.0248976 
20.9 0.0244673 
21 0.0240564 
21.1 0.02367 
21.2 0.0233082 
21.3 0.022966 
21.4 0.0226348 
21.5 0.0223052 
21.6 0.0219696 
21.7 0.0216246 
21.8 0.0212716 
21.9 0.0209168 
22 0.0205686 
22.1 0.020235 
22.2 0.0199216 
22.3 0.0196295 
22.4 0.0193552 
22.5 0.0190916 
22.6 0.0188304 
22.7 0.0185643 
22.8 0.0182892 
22.9 0.0180056 
23 0.017718 
23.1 0.0174336 
23.2 0.0171599 
23.3 0.0169025 
23.4 0.0166634 
23.5 0.0164405 
23.6 0.0162281 
23.7 0.0160191 
23.8 0.0158066 
23.9 0.0155861 
24 0.015357 
24.1 0.0151225 
24.2 0.0148886 
24.3 0.0146619 
24.4 0.0144481 
24.5 0.0142498 
24.6 0.0140662 
24.7 0.013893 
24.8 0.0137241 
24.9 0.0135532 
25 0.0133756 
25.1 0.0131899 
25.2 0.0129979 
25.3 0.0128043 
25.4 0.0126152 
25.5 0.0124357 
25.6 0.0122693 
25.7 0.012116 
25.8 0.0119729 
25.9 0.011835 
26 0.0116965 
26.1 0.0115529 
26.2 0.0114019 
26.3 0.0112442 
26.4 0.0110835 
26.5 0.0109246 
26.6 0.0107728 
26.7 0.0106315 
26.8 0.0105018 
26.9 0.0103819 
27 0.0102679 
27.1 0.0101548 
27.2 0.0100381 
27.3 0.00991505 
27.4 0.00978543 
27.5 0.00965162 
27.6 0.00951774 
27.7 0.0093884 
27.8 0.00926729 
27.9 0.00915616 
28 0.00905431 
28.1 0.00895883 
28.2 0.00886554 
28.3 0.00877017 
28.4 0.00866967 
28.5 0.00856305 
28.6 0.00845161 
28.7 0.00833854 
28.8 0.00822786 
28.9 0.00812325 
29 0.00802695 
29.1 0.00793916 
29.2 0.007858 
29.3 0.0077801 
29.4 0.00770162 
29.5 0.00761935 
29.6 0.00753166 
29.7 0.00743896 
29.8 0.00734346 
29.9 0.00724855 
30 0.00715769 
30.1 0.00707345 
30.2 0.00699676 
30.3 0.00692667 
30.4 0.00686067 
30.5 0.00679544 
30.6 0.00672782 
30.7 0.00665573 
30.8 0.00657879 
30.9 0.00649831 
31 0.00641694 
31.1 0.0063378 
31.2 0.0062636 
31.3 0.00619581 
31.4 0.00613432 
31.5 0.00607745 
31.6 0.00602251 
31.7 0.00596655 
31.8 0.00590725 
31.9 0.00584357 
32 0.00577601 
32.1 0.00570645 
32.2 0.00563754 
32.3 0.00557192 
32.4 0.00551145 
32.5 0.0054567 
32.6 0.0054068 
32.7 0.00535974 
32.8 0.00531293 
32.9 0.00526399 
33 0.00521142 
33.1 0.005155 
33.2 0.00509585 
33.3 0.00503604 
33.4 0.00497799 
33.5 0.00492375 
33.6 0.00487441 
33.7 0.00482983 
33.8 0.0047887 
33.9 0.00474892 
34 0.00470824 
34.1 0.00466487 
34.2 0.00461801 
34.3 0.00456808 
34.4 0.0045165 
34.5 0.00446532 
34.6 0.00441659 
34.7 0.00437176 
34.8 0.0043313 
34.9 0.00429458 
35 0.00426007 
35.1 0.0042258 
35.2 0.0041899 
35.3 0.00415116 
35.4 0.00410935 
35.5 0.00406527 
35.6 0.00402047 
35.7 0.00397683 
35.8 0.00393597 
35.9 0.00389881 
36 0.00386536 
36.1 0.00383469 
36.2 0.00380523 
36.3 0.00377522 
36.4 0.00374322 
36.5 0.0037085 
36.6 0.00367124 
36.7 0.00363245 
36.8 0.00359366 
36.9 0.0035565 
37 0.00352219 
37.1 0.00349123 
37.2 0.00346329 
37.3 0.00343729 
37.4 0.00341174 
37.5 0.00338515 
37.6 0.00335646 
37.7 0.00332532 
37.8 0.00329218 
37.9 0.00325813 
38 0.00322461 
38.1 0.00319295 
38.2 0.00316403 
38.3 0.00313804 
38.4 0.00311442 
38.5 0.00309207 
38.6 0.00306964 
38.7 0.0030459 
38.8 0.00302011 
38.9 0.00299221 
39 0.00296279 
39.1 0.00293296 
39.2 0.00290398 
39.3 0.00287694 
39.4 0.00285243 
39.5 0.0028304 
39.6 0.0028102 
39.7 0.00279076 
39.8 0.00277088 
39.9 0.00274959 
40 0.0027264 
40.1 0.00270143 
40.2 0.00267536 
40.3 0.00264923 
40.4 0.00262414 
40.5 0.00260094 
40.6 0.00258002 
40.7 0.00256117 
40.8 0.00254371 
40.9 0.00252663 
41 0.00250891 
41.1 0.00248978 
41.2 0.00246894 
41.3 0.00244662 
41.4 0.00242354 
41.5 0.00240062 
41.6 0.00237883 
41.7 0.00235881 
41.8 0.0023408 
41.9 0.00232452 
42 0.00230928 
42.1 0.00229416 
42.2 0.00227831 
42.3 0.00226112 
42.4 0.00224241 
42.5 0.0022225 
42.6 0.00220204 
42.7 0.00218191 
42.8 0.00216288 
42.9 0.0021455 
43 0.00212986 
43.1 0.00211567 
43.2 0.00210225 
43.3 0.00208882 
43.4 0.00207461 
43.5 0.00205917 
43.6 0.00204241 
43.7 0.00202464 
43.8 0.0020065 
43.9 0.00198874 
44 0.00197205 
44.1 0.00195683 
44.2 0.00194314 
44.3 0.00193066 
44.4 0.00191878 
44.5 0.0019068 
44.6 0.00189407 
44.7 0.00188022 
44.8 0.00186522 
44.9 0.00184937 
45 0.00183325 
45.1 0.00181753 
45.2 0.00180279 
45.3 0.00178936 
45.4 0.00177728 
45.5 0.00176622 
45.6 0.00175565 
45.7 0.00174494 
45.8 0.00173354 
45.9 0.00172114 
46 0.00170773 
46.1 0.00169359 
46.2 0.00167924 
46.3 0.00166526 
46.4 0.00165215 
46.5 0.00164021 
46.6 0.00162945 
46.7 0.00161958 
46.8 0.00161014 
46.9 0.00160056 
47 0.00159037 
47.1 0.00157929 
47.2 0.00156732 
47.3 0.0015547 
47.4 0.00154189 
47.5 0.00152939 
47.6 0.00151767 
47.7 0.00150697 
47.8 0.00149731 
47.9 0.00148844 
48 0.00147997 
48.1 0.0014714 
48.2 0.0014623 
48.3 0.00145243 
48.4 0.00144175 
48.5 0.00143049 
48.6 0.00141903 
48.7 0.00140782 
48.8 0.00139726 
48.9 0.00138759 
49 0.00137885 
49.1 0.00137084 
49.2 0.0013632 
49.3 0.00135552 
49.4 0.00134741 
49.5 0.00133863 
49.6 0.00132913 
49.7 0.00131909 
49.8 0.00130882 
49.9 0.00129872 
50 0.00128915 
50.1 0.00128036 
50.2 0.00127239 
50.3 0.00126509 
50.4 0.00125819 
50.5 0.0012513 
50.6 0.00124407 
50.7 0.00123628 
50.8 0.00122785 
50.9 0.0012189 
51 0.00120969 
51.1 0.00120056 
51.2 0.00119186 
51.3 0.0011838 
51.4 0.00117648 
51.5 0.00116979 
51.6 0.0011635 
51.7 0.0011573 
51.8 0.00115087 
51.9 0.00114397 
52 0.00113651 
52.1 0.00112854 
52.2 0.00112029 
52.3 0.00111204 
52.4 0.00110409 
52.5 0.00109667 
52.6 0.00108989 
52.7 0.0010837 
52.8 0.00107794 
52.9 0.00107233 
53 0.0010666 
53.1 0.0010605 
53.2 0.00105391 
53.3 0.00104685 
53.4 0.00103947 
53.5 0.00103201 
53.6 0.00102473 
53.7 0.00101787 
53.8 0.00101156 
53.9 0.00100579 
54 0.00100046 
54.1 0.000995355 
54.2 0.000990218 
54.3 0.000984825 
54.4 0.000979028 
54.5 0.000972797 
54.6 0.000966224 
54.7 0.000959493 
54.8 0.000952837 
54.9 0.000946477 
55 0.000940564 
55.1 0.000935151 
55.2 0.000930174 
55.3 0.000925475 
55.4 0.000920842 
55.5 0.000916061 
55.6 0.000910968 
55.7 0.000905492 
55.8 0.000899667 
55.9 0.000893625 
56 0.000887556 
56.1 0.000881665 
56.2 0.000876117 
56.3 0.000871 
56.4 0.000866304 
56.5 0.000861929 
56.6 0.000857704 
56.7 0.000853438 
56.8 0.00084896 
56.9 0.000844165 
57 0.000839037 
57.1 0.00083365 
57.2 0.00082815 
57.3 0.000822715 
57.4 0.000817512 
57.5 0.000812657 
57.6 0.000808188 
57.7 0.000804059 
57.8 0.00080015 
57.9 0.000796299 
58 0.000792341 
58.1 0.000788148 
58.2 0.000783661 
58.3 0.000778901 
58.4 0.00077396 
58.5 0.000768983 
58.6 0.000764126 
58.7 0.000759521 
58.8 0.000755245 
58.9 0.0007513 
59 0.000747621 
59.1 0.000744085 
59.2 0.000740546 
59.3 0.000736867 
59.4 0.000732957 
59.5 0.000728787 
59.6 0.000724399 
59.7 0.000719892 
59.8 0.000715399 
59.9 0.000711054 
60 0.000706957 
60.1 0.000703157 
60.2 0.000699638 
60.3 0.000696323 
60.4 0.000693098 
60.5 0.000689834 
60.6 0.000686421 
60.7 0.000682793 
60.8 0.000678941 
60.9 0.000674917 
61 0.000670817 
61.1 0.00066676 
61.2 0.000662858 
61.3 0.000659188 
61.4 0.000655781 
61.5 0.000652609 
61.6 0.000649598 
61.7 0.000646643 
61.8 0.000643633 
61.9 0.000640477 
62 0.000637128 
62.1 0.000633588 
62.2 0.000629911 
62.3 0.000626184 
62.4 0.000622512 
62.5 0.000618988 
62.6 0.000615676 
62.7 0.000612594 
62.8 0.000609712 
62.9 0.00060696 
63 0.000604245 
63.1 0.000601473 
63.2 0.000598567 
63.3 0.000595491 
63.4 0.00059225 
63.5 0.000588896 
63.6 0.000585506 
63.7 0.000582171 
63.8 0.000578972 
63.9 0.000575959 
64 0.000573148 
64.1 0.00057051 
64.2 0.000567983 
64.3 0.000565487 
64.4 0.000562938 
64.5 0.000560273 
64.6 0.00055746 
64.7 0.000554503 
64.8 0.000551448 
64.9 0.000548361 
65 0.000545321 
65.1 0.000542398 
65.2 0.000539639 
65.3 0.000537056 
65.4 0.000534625 
65.5 0.000532297 
65.6 0.000529999 
65.7 0.000527661 
65.8 0.000525225 
65.9 0.000522661 
66 0.000519972 
66.1 0.000517191 
66.2 0.000514377 
66.3 0.000511597 
66.4 0.000508914 
66.5 0.000506369 
66.6 0.000503979 
66.7 0.000501727 
66.8 0.000499572 
66.9 0.000497454 
67 0.000495311 
67.1 0.000493091 
67.2 0.000490763 
67.3 0.000488323 
67.4 0.000485796 
67.5 0.00048323 
67.6 0.000480682 
67.7 0.000478208 
67.8 0.000475848 
67.9 0.000473622 
68 0.000471523 
68.1 0.000469519 
68.2 0.000467562 
68.3 0.000465598 
68.4 0.000463577 
68.5 0.000461468 
68.6 0.000459261 
68.7 0.000456971 
68.8 0.000454633 
68.9 0.000452295 
69 0.000450007 
69.1 0.00044781 
69.2 0.000445727 
69.3 0.000443758 
69.4 0.000441884 
69.5 0.000440068 
69.6 0.000438262 
69.7 0.000436423 
69.8 0.000434516 
69.9 0.000432525 
70 0.000430455 
70.1 0.00042833 
70.2 0.000426187 
70.3 0.000424072 
70.4 0.000422021 
70.5 0.000420063 
70.6 0.000418207 
70.7 0.000416443 
70.8 0.000414745 
70.9 0.000413077 
71 0.000411398 
71.1 0.000409673 
71.2 0.000407881 
71.3 0.000406016 
71.4 0.000404092 
71.5 0.000402136 
71.6 0.000400183 
71.7 0.00039827 
71.8 0.000396426 
71.9 0.000394669 
72 0.000392997 
72.1 0.000391398 
72.2 0.000389844 
72.3 0.000388301 
72.4 0.000386736 
72.5 0.000385123 
72.6 0.000383448 
72.7 0.000381715 
72.8 0.000379938 
72.9 0.000378145 
73 0.000376366 
73.1 0.000374632 
73.2 0.000372964 
73.3 0.000371373 
73.4 0.000369854 
73.5 0.000368391 
73.6 0.000366958 
73.7 0.000365527 
73.8 0.00036407 
73.9 0.000362568 
74 0.000361013 
74.1 0.00035941 
74.2 0.000357776 
74.3 0.000356133 
74.4 0.000354511 
74.5 0.000352932 
74.6 0.000351413 
74.7 0.00034996 
74.8 0.000348568 
74.9 0.00034722 
75 0.000345895 
75.1 0.000344568 
75.2 0.000343215 
75.3 0.000341823 
75.4 0.000340386 
75.5 0.000338909 
75.6 0.000337408 
75.7 0.000335903 
75.8 0.000334419 
75.9 0.000332973 
76 0.00033158 
76.1 0.000330244 
76.2 0.00032896 
76.3 0.000327713 
76.4 0.000326485 
76.5 0.000325254 
76.6 0.000324002 
76.7 0.000322717 
76.8 0.000321393 
76.9 0.000320036 
77 0.000318659 
77.1 0.000317279 
77.2 0.000315915 
77.3 0.000314586 
77.4 0.000313301 
77.5 0.000312064 
77.6 0.000310873 
77.7 0.000309715 
77.8 0.000308575 
77.9 0.000307435 
78 0.000306279 
78.1 0.000305095 
78.2 0.000303879 
78.3 0.000302635 
78.4 0.000301372 
78.5 0.000300105 
78.6 0.000298849 
78.7 0.00029762 
78.8 0.000296429 
78.9 0.000295279 
79 0.000294168 
79.1 0.000293089 
79.2 0.000292029 
79.3 0.000290972 
79.4 0.000289905 
79.5 0.000288818 
79.6 0.000287704 
79.7 0.000286565 
79.8 0.000285408 
79.9 0.000284243 
80 0.000283085 
80.1 0.000281947 
80.2 0.000280837 
80.3 0.000279763 
80.4 0.000278723 
80.5 0.000277714 
80.6 0.000276725 
80.7 0.000275744 
80.8 0.000274759 
80.9 0.00027376 
81 0.000272741 
81.1 0.0002717 
81.2 0.000270641 
81.3 0.000269572 
81.4 0.000268504 
81.5 0.000267447 
81.6 0.000266412 
81.7 0.000265405 
81.8 0.000264429 
81.9 0.00026348 
82 0.000262553 
82.1 0.000261639 
82.2 0.000260728 
82.3 0.000259809 
82.4 0.000258877 
82.5 0.000257926 
82.6 0.000256959 
82.7 0.00025598 
82.8 0.000254996 
82.9 0.000254017 
83 0.000253051 
83.1 0.000252106 
83.2 0.000251186 
83.3 0.000250291 
83.4 0.000249418 
83.5 0.000248562 
83.6 0.000247714 
83.7 0.000246867 
83.8 0.000246012 
83.9 0.000245144 
84 0.000244262 
84.1 0.000243367 
84.2 0.000242464 
84.3 0.000241559 
84.4 0.00024066 
84.5 0.000239774 
84.6 0.000238907 
84.7 0.00023806 
84.8 0.000237235 
84.9 0.000236428 
85 0.000235634 
85.1 0.000234846 
85.2 0.000234058 
85.3 0.000233264 
85.4 0.000232459 
85.5 0.000231643 
85.6 0.000230817 
85.7 0.000229985 
85.8 0.000229152 
85.9 0.000228325 
86 0.000227509 
86.1 0.000226709 
86.2 0.000225927 
86.3 0.000225162 
86.4 0.000224412 
86.5 0.000223673 
86.6 0.000222941 
86.7 0.000222208 
86.8 0.000221472 
86.9 0.000220727 
87 0.000219974 
87.1 0.000219212 
87.2 0.000218446 
87.3 0.000217679 
87.4 0.000216916 
87.5 0.000216163 
87.6 0.000215421 
87.7 0.000214695 
87.8 0.000213983 
87.9 0.000213284 
88 0.000212596 
88.1 0.000211914 
88.2 0.000211233 
88.3 0.00021055 
88.4 0.000209862 
88.5 0.000209167 
88.6 0.000208466 
88.7 0.00020776 
88.8 0.000207053 
88.9 0.000206349 
89 0.000205651 
89.1 0.000204963 
89.2 0.000204286 
89.3 0.000203621 
89.4 0.000202969 
89.5 0.000202325 
89.6 0.000201689 
89.7 0.000201055 
89.8 0.000200422 
89.9 0.000199786 
90 0.000199145 
90.1 0.000198499 
90.2 0.00019785 
90.3 0.000197198 
90.4 0.000196547 
90.5 0.000195901 
90.6 0.00019526 
90.7 0.000194629 
90.8 0.000194008 
90.9 0.000193396 
91 0.000192794 
91.1 0.000192198 
91.2 0.000191607 
91.3 0.000191019 
91.4 0.000190429 
91.5 0.000189838 
91.6 0.000189243 
91.7 0.000188645 
91.8 0.000188044 
91.9 0.000187443 
92 0.000186844 
92.1 0.000186249 
92.2 0.00018566 
92.3 0.000185078 
92.4 0.000184505 
92.5 0.000183939 
92.6 0.000183381 
92.7 0.000182828 
92.8 0.000182279 
92.9 0.000181731 
93 0.000181183 
93.1 0.000180634 
93.2 0.000180083 
93.3 0.00017953 
93.4 0.000178975 
93.5 0.000178421 
93.6 0.000177869 
93.7 0.00017732 
93.8 0.000176776 
93.9 0.000176238 
94 0.000175707 
94.1 0.000175182 
94.2 0.000174663 
94.3 0.000174149 
94.4 0.000173638 
94.5 0.000173128 
94.6 0.000172619 
94.7 0.00017211 
94.8 0.000171599 
94.9 0.000171088 
95 0.000170576 
95.1 0.000170064 
95.2 0.000169554 
95.3 0.000169047 
95.4 0.000168544 
95.5 0.000168046 
95.6 0.000167552 
95.7 0.000167064 
95.8 0.00016658 
95.9 0.000166101 
96 0.000165625 
96.1 0.00016515 
96.2 0.000164677 
96.3 0.000164204 
96.4 0.000163731 
96.5 0.000163258 
96.6 0.000162785 
96.7 0.000162313 
96.8 0.000161841 
96.9 0.000161372 
97 0.000160906 
97.1 0.000160443 
97.2 0.000159984 
97.3 0.00015953 
97.4 0.000159079 
97.5 0.000158631 
97.6 0.000158187 
97.7 0.000157745 
97.8 0.000157304 
97.9 0.000156865 
98 0.000156426 
98.1 0.000155988 
98.2 0.00015555 
98.3 0.000155113 
98.4 0.000154677 
98.5 0.000154242 
98.6 0.00015381 
98.7 0.00015338 
98.8 0.000152954 
98.9 0.00015253 
99 0.000152109 
99.1 0.000151691 
99.2 0.000151276 
99.3 0.000150863 
99.4 0.000150453 
99.5 0.000150043 
99.6 0.000149635 
99.7 0.000149228 
99.8 0.000148822 
99.9 0.000148417 
100 0.000148013 
100.1 0.00014761 
100.2 0.000147209 
100.3 0.00014681 
100.4 0.000146414 
100.5 0.000146019 
100.6 0.000145627 
100.7 0.000145237 
100.8 0.000144849 
100.9 0.000144464 
101 0.00014408 
101.1 0.000143697 
101.2 0.000143317 
101.3 0.000142937 
101.4 0.000142559 
101.5 0.000142183 
101.6 0.000141808 
101.7 0.000141434 
101.8 0.000141062 
101.9 0.000140691 
102 0.000140323 
102.1 0.000139956 
102.2 0.000139591 
102.3 0.000139228 
102.4 0.000138866 
102.5 0.000138506 
102.6 0.000138147 
102.7 0.00013779 
102.8 0.000137434 
102.9 0.000137079 
103 0.000136726 
103.1 0.000136375 
103.2 0.000136025 
103.3 0.000135677 
103.4 0.00013533 
103.5 0.000134986 
103.6 0.000134643 
103.7 0.000134302 
103.8 0.000133962 
103.9 0.000133624 
104 0.000133287 
104.1 0.000132952 
104.2 0.000132617 
104.3 0.000132284 
104.4 0.000131951 
104.5 0.00013162 
104.6 0.00013129 
104.7 0.000130961 
104.8 0.000130634 
104.9 0.000130308 
105 0.000129984 
105.1 0.000129662 
105.2 0.000129341 
105.3 0.000129023 
105.4 0.000128707 
105.5 0.000128392 
105.6 0.000128078 
105.7 0.000127766 
105.8 0.000127455 
105.9 0.000127145 
106 0.000126836 
106.1 0.000126527 
106.2 0.000126219 
106.3 0.000125911 
106.4 0.000125605 
106.5 0.000125299 
106.6 0.000124995 
106.7 0.000124693 
106.8 0.000124392 
106.9 0.000124093 
107 0.000123797 
107.1 0.000123502 
107.2 0.000123209 
107.3 0.000122918 
107.4 0.000122629 
107.5 0.000122341 
107.6 0.000122053 
107.7 0.000121767 
107.8 0.00012148 
107.9 0.000121194 
108 0.000120909 
108.1 0.000120623 
108.2 0.000120339 
108.3 0.000120055 
108.4 0.000119772 
108.5 0.000119491 
108.6 0.000119211 
108.7 0.000118934 
108.8 0.000118658 
108.9 0.000118384 
109 0.000118113 
109.1 0.000117843 
109.2 0.000117575 
109.3 0.000117309 
109.4 0.000117043 
109.5 0.000116778 
109.6 0.000116514 
109.7 0.000116249 
109.8 0.000115985 
109.9 0.000115721 
110 0.000115456 
110.1 0.000115193 
110.2 0.00011493 
110.3 0.000114668 
110.4 0.000114407 
110.5 0.000114148 
110.6 0.000113891 
110.7 0.000113636 
110.8 0.000113384 
110.9 0.000113133 
111 0.000112884 
111.1 0.000112636 
111.2 0.00011239 
111.3 0.000112145 
111.4 0.000111901 
111.5 0.000111657 
111.6 0.000111413 
111.7 0.000111169 
111.8 0.000110925 
111.9 0.00011068 
112 0.000110436 
112.1 0.000110193 
112.2 0.00010995 
112.3 0.000109708 
112.4 0.000109468 
112.5 0.000109229 
112.6 0.000108992 
112.7 0.000108758 
112.8 0.000108525 
112.9 0.000108295 
113 0.000108066 
113.1 0.000107838 
113.2 0.000107612 
113.3 0.000107387 
113.4 0.000107162 
113.5 0.000106937 
113.6 0.000106712 
113.7 0.000106486 
113.8 0.000106261 
113.9 0.000106035 
114 0.00010581 
114.1 0.000105585 
114.2 0.00010536 
114.3 0.000105137 
114.4 0.000104915 
114.5 0.000104694 
114.6 0.000104476 
114.7 0.000104259 
114.8 0.000104045 
114.9 0.000103832 
115 0.000103621 
115.1 0.000103411 
115.2 0.000103203 
115.3 0.000102995 
115.4 0.000102788 
115.5 0.000102581 
115.6 0.000102374 
115.7 0.000102167 
115.8 0.000101959 
115.9 0.000101751 
116 0.000101543 
116.1 0.000101335 
116.2 0.000101127 
116.3 0.000100921 
116.4 0.000100715 
116.5 0.000100511 
116.6 0.000100308 
116.7 0.000100107 
116.8 9.99084e-05 
116.9 9.97114e-05 
117 9.95161e-05 
117.1 9.93223e-05 
117.2 9.91299e-05 
117.3 9.89384e-05 
117.4 9.87477e-05 
117.5 9.85572e-05 
117.6 9.83669e-05 
117.7 9.81763e-05 
117.8 9.79855e-05 
117.9 9.77943e-05 
118 9.76029e-05 
118.1 9.74113e-05 
118.2 9.72197e-05 
118.3 9.70285e-05 
118.4 9.6838e-05 
118.5 9.66484e-05 
118.6 9.646e-05 
118.7 9.62731e-05 
118.8 9.60879e-05 
118.9 9.59044e-05 
119 9.57226e-05 
119.1 9.55426e-05 
119.2 9.53641e-05 
119.3 9.51869e-05 
119.4 9.50108e-05 
119.5 9.48354e-05 
119.6 9.46604e-05 
119.7 9.44857e-05 
119.8 9.43108e-05 
119.9 9.41358e-05 
120 9.39604e-05 
120.1 9.37846e-05 
120.2 9.36086e-05 
120.3 9.34325e-05 
120.4 9.32565e-05 
120.5 9.30808e-05 
120.6 9.29058e-05 
120.7 9.27316e-05 
120.8 9.25587e-05 
120.9 9.23871e-05 
121 9.2217e-05 
121.1 9.20485e-05 
121.2 9.18817e-05 
121.3 9.17165e-05 
121.4 9.15526e-05 
121.5 9.139e-05 
121.6 9.12284e-05 
121.7 9.10676e-05 
121.8 9.09072e-05 
121.9 9.0747e-05 
122 9.05868e-05 
122.1 9.04264e-05 
122.2 9.02658e-05 
122.3 9.01048e-05 
122.4 8.99435e-05 
122.5 8.9782e-05 
122.6 8.96205e-05 
122.7 8.94592e-05 
122.8 8.92983e-05 
122.9 8.91381e-05 
123 8.89788e-05 
123.1 8.88207e-05 
123.2 8.86638e-05 
123.3 8.85084e-05 
123.4 8.83544e-05 
123.5 8.82019e-05 
123.6 8.80508e-05 
123.7 8.7901e-05 
123.8 8.77523e-05 
123.9 8.76045e-05 
124 8.74574e-05 
124.1 8.73107e-05 
124.2 8.71642e-05 
124.3 8.70178e-05 
124.4 8.68711e-05 
124.5 8.67243e-05 
124.6 8.65771e-05 
124.7 8.64297e-05 
124.8 8.6282e-05 
124.9 8.61344e-05 
125 8.59868e-05 
125.1 8.58395e-05 
125.2 8.56927e-05 
125.3 8.55466e-05 
125.4 8.54015e-05 
125.5 8.52574e-05 
125.6 8.51146e-05 
125.7 8.49731e-05 
125.8 8.48329e-05 
125.9 8.46941e-05 
126 8.45564e-05 
126.1 8.44199e-05 
126.2 8.42844e-05 
126.3 8.41496e-05 
126.4 8.40154e-05 
126.5 8.38816e-05 
126.6 8.3748e-05 
126.7 8.36144e-05 
126.8 8.34807e-05 
126.9 8.33469e-05 
127 8.32127e-05 
127.1 8.30784e-05 
127.2 8.29438e-05 
127.3 8.28092e-05 
127.4 8.26746e-05 
127.5 8.25403e-05 
127.6 8.24063e-05 
127.7 8.2273e-05 
127.8 8.21403e-05 
127.9 8.20086e-05 
128 8.18779e-05 
128.1 8.17483e-05 
128.2 8.16199e-05 
128.3 8.14927e-05 
128.4 8.13666e-05 
128.5 8.12416e-05 
128.6 8.11176e-05 
128.7 8.09944e-05 
128.8 8.08719e-05 
128.9 8.07499e-05 
129 8.06282e-05 
129.1 8.05067e-05 
129.2 8.03853e-05 
129.3 8.02638e-05 
129.4 8.01422e-05 
129.5 8.00204e-05 
129.6 7.98984e-05 
129.7 7.97763e-05 
129.8 7.96541e-05 
129.9 7.95319e-05 
130 7.94099e-05 
130.1 7.92881e-05 
130.2 7.91668e-05 
130.3 7.90461e-05 
130.4 7.89261e-05 
130.5 7.88069e-05 
130.6 7.86887e-05 
130.7 7.85715e-05 
130.8 7.84553e-05 
130.9 7.83401e-05 
131 7.82259e-05 
131.1 7.81127e-05 
131.2 7.80003e-05 
131.3 7.78887e-05 
131.4 7.77776e-05 
131.5 7.7667e-05 
131.6 7.75568e-05 
131.7 7.74468e-05 
131.8 7.73369e-05 
131.9 7.7227e-05 
132 7.7117e-05 
132.1 7.70069e-05 
132.2 7.68967e-05 
132.3 7.67863e-05 
132.4 7.66759e-05 
132.5 7.65655e-05 
132.6 7.64552e-05 
132.7 7.63451e-05 
132.8 7.62353e-05 
132.9 7.61259e-05 
133 7.6017e-05 
133.1 7.59088e-05 
133.2 7.58013e-05 
133.3 7.56947e-05 
133.4 7.55889e-05 
133.5 7.54839e-05 
133.6 7.53799e-05 
133.7 7.52767e-05 
133.8 7.51744e-05 
133.9 7.50728e-05 
134 7.49718e-05 
134.1 7.48715e-05 
134.2 7.47716e-05 
134.3 7.46722e-05 
134.4 7.45729e-05 
134.5 7.44739e-05 
134.6 7.43749e-05 
134.7 7.4276e-05 
134.8 7.4177e-05 
134.9 7.4078e-05 
135 7.39789e-05 
135.1 7.38798e-05 
135.2 7.37806e-05 
135.3 7.36815e-05 
135.4 7.35825e-05 
135.5 7.34837e-05 
135.6 7.33851e-05 
135.7 7.32869e-05 
135.8 7.31891e-05 
135.9 7.30918e-05 
136 7.29952e-05 
136.1 7.28992e-05 
136.2 7.28039e-05 
136.3 7.27093e-05 
136.4 7.26155e-05 
136.5 7.25225e-05 
136.6 7.24301e-05 
136.7 7.23385e-05 
136.8 7.22475e-05 
136.9 7.21571e-05 
137 7.20672e-05 
137.1 7.19777e-05 
137.2 7.18886e-05 
137.3 7.17997e-05 
137.4 7.17111e-05 
137.5 7.16226e-05 
137.6 7.15341e-05 
137.7 7.14457e-05 
137.8 7.13573e-05 
137.9 7.12689e-05 
138 7.11805e-05 
138.1 7.10922e-05 
138.2 7.10038e-05 
138.3 7.09155e-05 
138.4 7.08274e-05 
138.5 7.07394e-05 
138.6 7.06517e-05 
138.7 7.05643e-05 
138.8 7.04773e-05 
138.9 7.03907e-05 
139 7.03046e-05 
139.1 7.02191e-05 
139.2 7.01341e-05 
139.3 7.00498e-05 
139.4 6.9966e-05 
139.5 6.98829e-05 
139.6 6.98004e-05 
139.7 6.97186e-05 
139.8 6.96372e-05 
139.9 6.95565e-05 
140 6.94762e-05 
140.1 6.93963e-05 
140.2 6.93168e-05 
140.3 6.92377e-05 
140.4 6.91588e-05 
140.5 6.90801e-05 
140.6 6.90016e-05 
140.7 6.89233e-05 
140.8 6.8845e-05 
140.9 6.87668e-05 
141 6.86887e-05 
141.1 6.86106e-05 
141.2 6.85325e-05 
141.3 6.84545e-05 
141.4 6.83766e-05 
141.5 6.82988e-05 
141.6 6.82212e-05 
141.7 6.81437e-05 
141.8 6.80664e-05 
141.9 6.79895e-05 
142 6.79128e-05 
142.1 6.78365e-05 
142.2 6.77606e-05 
142.3 6.76851e-05 
142.4 6.76101e-05 
142.5 6.75356e-05 
142.6 6.74615e-05 
142.7 6.7388e-05 
142.8 6.7315e-05 
142.9 6.72425e-05 
143 6.71705e-05 
143.1 6.7099e-05 
143.2 6.70279e-05 
143.3 6.69573e-05 
143.4 6.6887e-05 
143.5 6.68171e-05 
143.6 6.67475e-05 
143.7 6.66782e-05 
143.8 6.66091e-05 
143.9 6.65402e-05 
144 6.64716e-05 
144.1 6.6403e-05 
144.2 6.63346e-05 
144.3 6.62663e-05 
144.4 6.61981e-05 
144.5 6.613e-05 
144.6 6.6062e-05 
144.7 6.59941e-05 
144.8 6.59263e-05 
144.9 6.58586e-05 
145 6.5791e-05 
145.1 6.57237e-05 
145.2 6.56565e-05 
145.3 6.55895e-05 
145.4 6.55228e-05 
145.5 6.54563e-05 
145.6 6.53901e-05 
145.7 6.53243e-05 
145.8 6.52588e-05 
145.9 6.51937e-05 
146 6.5129e-05 
146.1 6.50646e-05 
146.2 6.50007e-05 
146.3 6.49372e-05 
146.4 6.48741e-05 
146.5 6.48114e-05 
146.6 6.47491e-05 
146.7 6.46872e-05 
146.8 6.46256e-05 
146.9 6.45644e-05 
147 6.45036e-05 
147.1 6.44431e-05 
147.2 6.43829e-05 
147.3 6.43229e-05 
147.4 6.42632e-05 
147.5 6.42038e-05 
147.6 6.41445e-05 
147.7 6.40854e-05 
147.8 6.40265e-05 
147.9 6.39678e-05 
148 6.39092e-05 
148.1 6.38508e-05 
148.2 6.37924e-05 
148.3 6.37342e-05 
148.4 6.36762e-05 
148.5 6.36182e-05 
148.6 6.35604e-05 
148.7 6.35028e-05 
148.8 6.34453e-05 
148.9 6.33879e-05 
149 6.33308e-05 
149.1 6.32738e-05 
149.2 6.32171e-05 
149.3 6.31606e-05 
149.4 6.31043e-05 
149.5 6.30483e-05 
149.6 6.29925e-05 
149.7 6.29371e-05 
149.8 6.28819e-05 
149.9 6.2827e-05 
150 6.27725e-05 
150.1 6.27182e-05 
150.2 6.26643e-05 
150.3 6.26108e-05 
150.4 6.25575e-05 
150.5 6.25046e-05 
150.6 6.2452e-05 
150.7 6.23997e-05 
150.8 6.23477e-05 
150.9 6.2296e-05 
151 6.22446e-05 
151.1 6.21935e-05 
151.2 6.21426e-05 
151.3 6.2092e-05 
151.4 6.20417e-05 
151.5 6.19915e-05 
151.6 6.19416e-05 
151.7 6.18919e-05 
151.8 6.18425e-05 
151.9 6.17931e-05 
152 6.1744e-05 
152.1 6.16951e-05 
152.2 6.16463e-05 
152.3 6.15977e-05 
152.4 6.15492e-05 
152.5 6.15009e-05 
152.6 6.14527e-05 
152.7 6.14047e-05 
152.8 6.13568e-05 
152.9 6.13091e-05 
153 6.12616e-05 
153.1 6.12142e-05 
153.2 6.1167e-05 
153.3 6.112e-05 
153.4 6.10732e-05 
153.5 6.10265e-05 
153.6 6.09801e-05 
153.7 6.09338e-05 
153.8 6.08878e-05 
153.9 6.0842e-05 
154 6.07964e-05 
154.1 6.0751e-05 
154.2 6.07059e-05 
154.3 6.0661e-05 
154.4 6.06164e-05 
154.5 6.0572e-05 
154.6 6.05279e-05 
154.7 6.0484e-05 
154.8 6.04404e-05 
154.9 6.03971e-05 
155 6.0354e-05 
155.1 6.03111e-05 
155.2 6.02685e-05 
155.3 6.02262e-05 
155.4 6.01841e-05 
155.5 6.01422e-05 
155.6 6.01006e-05 
155.7 6.00593e-05 
155.8 6.00181e-05 
155.9 5.99772e-05 
156 5.99365e-05 
156.1 5.9896e-05 
156.2 5.98558e-05 
156.3 5.98157e-05 
156.4 5.97758e-05 
156.5 5.97362e-05 
156.6 5.96967e-05 
156.7 5.96574e-05 
156.8 5.96183e-05 
156.9 5.95794e-05 
157 5.95406e-05 
157.1 5.9502e-05 
157.2 5.94636e-05 
157.3 5.94254e-05 
157.4 5.93873e-05 
157.5 5.93494e-05 
157.6 5.93117e-05 
157.7 5.92741e-05 
157.8 5.92367e-05 
157.9 5.91995e-05 
158 5.91624e-05 
158.1 5.91255e-05 
158.2 5.90888e-05 
158.3 5.90523e-05 
158.4 5.90159e-05 
158.5 5.89797e-05 
158.6 5.89437e-05 
158.7 5.89079e-05 
158.8 5.88722e-05 
158.9 5.88367e-05 
159 5.88015e-05 
159.1 5.87664e-05 
159.2 5.87315e-05 
159.3 5.86968e-05 
159.4 5.86623e-05 
159.5 5.8628e-05 
159.6 5.85939e-05 
159.7 5.856e-05 
159.8 5.85263e-05 
159.9 5.84928e-05 
160 5.84595e-05 
160.1 5.84264e-05 
160.2 5.83935e-05 
160.3 5.83609e-05 
160.4 5.83284e-05 
160.5 5.82961e-05 
160.6 5.8264e-05 
160.7 5.82322e-05 
160.8 5.82005e-05 
160.9 5.81691e-05 
161 5.81378e-05 
161.1 5.81067e-05 
161.2 5.80759e-05 
161.3 5.80452e-05 
161.4 5.80147e-05 
161.5 5.79844e-05 
161.6 5.79543e-05 
161.7 5.79244e-05 
161.8 5.78947e-05 
161.9 5.78652e-05 
162 5.78359e-05 
162.1 5.78067e-05 
162.2 5.77777e-05 
162.3 5.77489e-05 
162.4 5.77203e-05 
162.5 5.76919e-05 
162.6 5.76636e-05 
162.7 5.76355e-05 
162.8 5.76076e-05 
162.9 5.75799e-05 
163 5.75523e-05 
163.1 5.75249e-05 
163.2 5.74977e-05 
163.3 5.74706e-05 
163.4 5.74437e-05 
163.5 5.7417e-05 
163.6 5.73905e-05 
163.7 5.73641e-05 
163.8 5.73379e-05 
163.9 5.73118e-05 
164 5.72859e-05 
164.1 5.72602e-05 
164.2 5.72347e-05 
164.3 5.72093e-05 
164.4 5.71841e-05 
164.5 5.7159e-05 
164.6 5.71342e-05 
164.7 5.71094e-05 
164.8 5.70849e-05 
164.9 5.70605e-05 
165 5.70363e-05 
165.1 5.70123e-05 
165.2 5.69884e-05 
165.3 5.69647e-05 
165.4 5.69412e-05 
165.5 5.69179e-05 
165.6 5.68947e-05 
165.7 5.68716e-05 
165.8 5.68488e-05 
165.9 5.68261e-05 
166 5.68036e-05 
166.1 5.67813e-05 
166.2 5.67591e-05 
166.3 5.67371e-05 
166.4 5.67153e-05 
166.5 5.66937e-05 
166.6 5.66722e-05 
166.7 5.66509e-05 
166.8 5.66298e-05 
166.9 5.66088e-05 
167 5.6588e-05 
167.1 5.65674e-05 
167.2 5.65469e-05 
167.3 5.65266e-05 
167.4 5.65065e-05 
167.5 5.64866e-05 
167.6 5.64668e-05 
167.7 5.64472e-05 
167.8 5.64278e-05 
167.9 5.64085e-05 
168 5.63895e-05 
168.1 5.63705e-05 
168.2 5.63518e-05 
168.3 5.63332e-05 
168.4 5.63148e-05 
168.5 5.62965e-05 
168.6 5.62784e-05 
168.7 5.62605e-05 
168.8 5.62428e-05 
168.9 5.62252e-05 
169 5.62078e-05 
169.1 5.61905e-05 
169.2 5.61734e-05 
169.3 5.61565e-05 
169.4 5.61398e-05 
169.5 5.61232e-05 
169.6 5.61068e-05 
169.7 5.60905e-05 
169.8 5.60744e-05 
169.9 5.60585e-05 
170 5.60427e-05 
170.1 5.60271e-05 
170.2 5.60116e-05 
170.3 5.59963e-05 
170.4 5.59812e-05 
170.5 5.59663e-05 
170.6 5.59515e-05 
170.7 5.59368e-05 
170.8 5.59223e-05 
170.9 5.5908e-05 
171 5.58939e-05 
171.1 5.58799e-05 
171.2 5.5866e-05 
171.3 5.58524e-05 
171.4 5.58389e-05 
171.5 5.58255e-05 
171.6 5.58123e-05 
171.7 5.57993e-05 
171.8 5.57864e-05 
171.9 5.57736e-05 
172 5.57611e-05 
172.1 5.57487e-05 
172.2 5.57364e-05 
172.3 5.57244e-05 
172.4 5.57124e-05 
172.5 5.57007e-05 
172.6 5.56891e-05 
172.7 5.56776e-05 
172.8 5.56663e-05 
172.9 5.56552e-05 
173 5.56442e-05 
173.1 5.56334e-05 
173.2 5.56227e-05 
173.3 5.56122e-05 
173.4 5.56018e-05 
173.5 5.55917e-05 
173.6 5.55816e-05 
173.7 5.55717e-05 
173.8 5.5562e-05 
173.9 5.55525e-05 
174 5.55431e-05 
174.1 5.55338e-05 
174.2 5.55247e-05 
174.3 5.55158e-05 
174.4 5.5507e-05 
174.5 5.54984e-05 
174.6 5.54899e-05 
174.7 5.54816e-05 
174.8 5.54735e-05 
174.9 5.54655e-05 
175 5.54576e-05 
175.1 5.54499e-05 
175.2 5.54424e-05 
175.3 5.5435e-05 
175.4 5.54278e-05 
175.5 5.54208e-05 
175.6 5.54139e-05 
175.7 5.54071e-05 
175.8 5.54005e-05 
175.9 5.53941e-05 
176 5.53878e-05 
176.1 5.53817e-05 
176.2 5.53757e-05 
176.3 5.53699e-05 
176.4 5.53643e-05 
176.5 5.53588e-05 
176.6 5.53534e-05 
176.7 5.53482e-05 
176.8 5.53432e-05 
176.9 5.53383e-05 
177 5.53336e-05 
177.1 5.5329e-05 
177.2 5.53246e-05 
177.3 5.53204e-05 
177.4 5.53163e-05 
177.5 5.53123e-05 
177.6 5.53085e-05 
177.7 5.53049e-05 
177.8 5.53014e-05 
177.9 5.5298e-05 
178 5.52949e-05 
178.1 5.52918e-05 
178.2 5.5289e-05 
178.3 5.52863e-05 
178.4 5.52837e-05 
178.5 5.52813e-05 
178.6 5.52791e-05 
178.7 5.5277e-05 
178.8 5.52751e-05 
178.9 5.52733e-05 
179 5.52717e-05 
179.1 5.52702e-05 
179.2 5.52689e-05 
179.3 5.52677e-05 
179.4 5.52667e-05 
179.5 5.52659e-05 
179.6 5.52652e-05 
179.7 5.52646e-05 
179.8 5.52642e-05 
