0.1 27.6902 
0.2 28.7151 
0.3 30.2727 
0.4 32.1404 
0.5 34.0277 
0.6 35.6199 
0.7 36.6394 
0.8 36.9066 
0.9 36.3771 
1 35.1411 
1.1 33.3868 
1.2 31.3446 
1.3 29.2307 
1.4 27.2079 
1.5 25.3694 
1.6 23.7417 
1.7 22.3011 
1.8 20.9952 
1.9 19.765 
2 18.5617 
2.1 17.3585 
2.2 16.1533 
2.3 14.964 
2.4 13.819 
2.5 12.7469 
2.6 11.7679 
2.7 10.8897 
2.8 10.1077 
2.9 9.40787 
3 8.77223 
3.1 8.1833 
3.2 7.62808 
3.3 7.09988 
3.4 6.59814 
3.5 6.1265 
3.6 5.69007 
3.7 5.29279 
3.8 4.9358 
3.9 4.61688 
4 4.33108 
4.1 4.07194 
4.2 3.83299 
4.3 3.60903 
4.4 3.3969 
4.5 3.19559 
4.6 3.00576 
4.7 2.82882 
4.8 2.66606 
4.9 2.51796 
5 2.38385 
5.1 2.26208 
5.2 2.15037 
5.3 2.04634 
5.4 1.948 
5.5 1.85409 
5.6 1.76417 
5.7 1.67847 
5.8 1.59759 
5.9 1.52211 
6 1.4523 
6.1 1.38803 
6.2 1.32872 
6.3 1.27351 
6.4 1.22148 
6.5 1.17182 
6.6 1.12403 
6.7 1.07792 
6.8 1.0336 
6.9 0.991336 
7 0.951402 
7.1 0.913952 
7.2 0.87895 
7.3 0.846179 
7.4 0.815294 
7.5 0.78591 
7.6 0.757691 
7.7 0.730419 
7.8 0.704018 
7.9 0.678533 
8 0.654081 
8.1 0.630777 
8.2 0.608688 
8.3 0.587795 
8.4 0.568004 
8.5 0.549171 
8.6 0.531134 
8.7 0.513754 
8.8 0.496943 
8.9 0.480667 
9 0.464945 
9.1 0.449816 
9.2 0.435318 
9.3 0.421464 
9.4 0.408235 
9.5 0.395583 
9.6 0.383448 
9.7 0.371769 
9.8 0.360497 
9.9 0.349603 
10 0.339079 
10.1 0.328926 
10.2 0.319151 
10.3 0.30975 
10.4 0.30071 
10.5 0.292007 
10.6 0.283612 
10.7 0.275502 
10.8 0.267664 
10.9 0.260092 
11 0.252787 
11.1 0.245752 
11.2 0.238984 
11.3 0.232473 
11.4 0.226199 
11.5 0.220132 
11.6 0.214247 
11.7 0.208524 
11.8 0.202956 
11.9 0.197552 
12 0.192325 
12.1 0.187293 
12.2 0.182465 
12.3 0.177838 
12.4 0.173394 
12.5 0.169107 
12.6 0.164942 
12.7 0.160872 
12.8 0.156882 
12.9 0.152971 
13 0.149157 
13.1 0.145463 
13.2 0.141912 
13.3 0.138519 
13.4 0.135281 
13.5 0.13218 
13.6 0.129187 
13.7 0.126268 
13.8 0.123395 
13.9 0.120554 
14 0.117748 
14.1 0.114997 
14.2 0.112327 
14.3 0.109763 
14.4 0.107322 
14.5 0.105003 
14.6 0.102791 
14.7 0.100657 
14.8 0.0985692 
14.9 0.0965006 
15 0.0944379 
15.1 0.0923842 
15.2 0.0903577 
15.3 0.0883849 
15.4 0.0864916 
15.5 0.0846945 
15.6 0.0829957 
15.7 0.0813819 
15.8 0.0798279 
15.9 0.0783043 
16 0.0767859 
16.1 0.0752595 
16.2 0.0737271 
16.3 0.0722046 
16.4 0.0707166 
16.5 0.0692876 
16.6 0.0679346 
16.7 0.0666614 
16.8 0.0654579 
16.9 0.0643023 
17 0.0631686 
17.1 0.0620336 
17.2 0.060884 
17.3 0.0597203 
17.4 0.0585557 
17.5 0.0574118 
17.6 0.0563112 
17.7 0.0552706 
17.8 0.0542954 
17.9 0.0533783 
18 0.0525016 
18.1 0.0516423 
18.2 0.0507793 
18.3 0.0498997 
18.4 0.0490021 
18.5 0.048097 
18.6 0.0472027 
18.7 0.0463396 
18.8 0.0455236 
18.9 0.0447613 
19 0.0440483 
19.1 0.0433703 
19.2 0.0427077 
19.3 0.0420415 
19.4 0.041359 
19.5 0.0406575 
19.6 0.0399445 
19.7 0.0392352 
19.8 0.0385476 
19.9 0.0378967 
20 0.0372899 
20.1 0.0367251 
20.2 0.0361914 
20.3 0.0356723 
20.4 0.0351509 
20.5 0.0346152 
20.6 0.0340608 
20.7 0.033493 
20.8 0.0329238 
20.9 0.0323688 
21 0.0318418 
21.1 0.0313509 
21.2 0.0308959 
21.3 0.0304688 
21.4 0.0300562 
21.5 0.0296432 
21.6 0.0292183 
21.7 0.0287764 
21.8 0.0283201 
21.9 0.0278591 
22 0.0274064 
22.1 0.0269745 
22.2 0.0265717 
22.3 0.0261996 
22.4 0.0258526 
22.5 0.0255201 
22.6 0.0251893 
22.7 0.0248493 
22.8 0.0244945 
22.9 0.0241255 
23 0.0237494 
23.1 0.023377 
23.2 0.0230194 
23.3 0.022685 
23.4 0.0223765 
23.5 0.0220906 
23.6 0.0218192 
23.7 0.0215514 
23.8 0.0212773 
23.9 0.0209907 
24 0.0206908 
24.1 0.0203823 
24.2 0.0200741 
24.3 0.0197757 
24.4 0.0194952 
24.5 0.0192363 
24.6 0.0189978 
24.7 0.0187733 
24.8 0.0185543 
24.9 0.0183316 
25 0.0180989 
25.1 0.0178543 
25.2 0.0176005 
25.3 0.0173441 
25.4 0.0170936 
25.5 0.0168565 
25.6 0.0166371 
25.7 0.0164355 
25.8 0.0162476 
25.9 0.0160665 
26 0.0158841 
26.1 0.0156944 
26.2 0.0154942 
26.3 0.0152848 
26.4 0.0150711 
26.5 0.01486 
26.6 0.0146582 
26.7 0.0144706 
26.8 0.0142984 
26.9 0.0141392 
27 0.0139876 
27.1 0.013837 
27.2 0.0136814 
27.3 0.0135173 
27.4 0.0133444 
27.5 0.013166 
27.6 0.0129876 
27.7 0.0128151 
27.8 0.0126535 
27.9 0.012505 
28 0.0123684 
28.1 0.0122401 
28.2 0.0121145 
28.3 0.0119861 
28.4 0.0118511 
28.5 0.0117082 
28.6 0.0115593 
28.7 0.0114084 
28.8 0.0112607 
28.9 0.0111208 
29 0.0109916 
29.1 0.0108731 
29.2 0.0107631 
29.3 0.0106571 
29.4 0.0105503 
29.5 0.0104389 
29.6 0.0103208 
29.7 0.0101965 
29.8 0.010069 
29.9 0.0099424 
30 0.00982096 
30.1 0.0097078 
30.2 0.00960401 
30.3 0.00950836 
30.4 0.00941774 
30.5 0.0093281 
30.6 0.00923562 
30.7 0.00913786 
30.8 0.00903437 
30.9 0.00892681 
31 0.00881839 
31.1 0.00871284 
31.2 0.00861335 
31.3 0.00852165 
31.4 0.00843752 
31.5 0.00835894 
31.6 0.00828271 
31.7 0.00820537 
31.8 0.00812422 
31.9 0.0080381 
32 0.00794764 
32.1 0.00785506 
32.2 0.00776344 
32.3 0.00767583 
32.4 0.00759432 
32.5 0.00751953 
32.6 0.00745041 
32.7 0.00738462 
32.8 0.00731922 
32.9 0.00725151 
33 0.00717983 
33.1 0.00710398 
33.2 0.00702525 
33.3 0.00694599 
33.4 0.00686891 
33.5 0.00679625 
33.6 0.00672922 
33.7 0.00666759 
33.8 0.00660989 
33.9 0.00655379 
34 0.0064968 
34.1 0.006437 
34.2 0.00637354 
34.3 0.00630691 
34.4 0.0062387 
34.5 0.00617112 
34.6 0.00610637 
34.7 0.00604599 
34.8 0.00599044 
34.9 0.00593902 
35 0.00589006 
35.1 0.00584146 
35.2 0.00579126 
35.3 0.0057382 
35.4 0.00568206 
35.5 0.00562373 
35.6 0.00556483 
35.7 0.00550733 
35.8 0.00545289 
35.9 0.00540245 
36 0.00535596 
36.1 0.00531245 
36.2 0.00527029 
36.3 0.00522768 
36.4 0.00518316 
36.5 0.00513601 
36.6 0.00508646 
36.7 0.00503553 
36.8 0.00498479 
36.9 0.00493585 
37 0.00488991 
37.1 0.00484745 
37.2 0.00480811 
37.3 0.0047708 
37.4 0.00473404 
37.5 0.00469636 
37.6 0.00465675 
37.7 0.00461488 
37.8 0.00457122 
37.9 0.00452684 
38 0.00448314 
38.1 0.00444139 
38.2 0.00440241 
38.3 0.00436635 
38.4 0.00433267 
38.5 0.00430029 
38.6 0.00426793 
38.7 0.00423445 
38.8 0.00419915 
38.9 0.00416201 
39 0.0041236 
39.1 0.00408496 
39.2 0.00404727 
39.3 0.0040115 
39.4 0.00397819 
39.5 0.00394726 
39.6 0.00391811 
39.7 0.00388974 
39.8 0.00386106 
39.9 0.00383121 
40 0.00379976 
40.1 0.00376685 
40.2 0.00373309 
40.3 0.00369942 
40.4 0.00366681 
40.5 0.003636 
40.6 0.0036073 
40.7 0.00358052 
40.8 0.00355504 
40.9 0.00352998 
41 0.00350446 
41.1 0.00347781 
41.2 0.00344981 
41.3 0.00342066 
41.4 0.00339098 
41.5 0.00336158 
41.6 0.00333325 
41.7 0.00330653 
41.8 0.0032816 
41.9 0.00325821 
42 0.00323576 
42.1 0.0032135 
42.2 0.00319071 
42.3 0.00316691 
42.4 0.00314198 
42.5 0.00311617 
42.6 0.00309005 
42.7 0.0030643 
42.8 0.00303956 
42.9 0.00301624 
43 0.0029944 
43.1 0.00297379 
43.2 0.00295388 
43.3 0.00293403 
43.4 0.00291365 
43.5 0.00289239 
43.6 0.0028702 
43.7 0.00284734 
43.8 0.0028243 
43.9 0.00280166 
44 0.00277994 
44.1 0.00275943 
44.2 0.00274017 
44.3 0.00272188 
44.4 0.00270413 
44.5 0.00268636 
44.6 0.00266811 
44.7 0.00264912 
44.8 0.00262936 
44.9 0.00260909 
45 0.00258872 
45.1 0.00256874 
45.2 0.00254956 
45.3 0.00253141 
45.4 0.00251429 
45.5 0.00249797 
45.6 0.00248206 
45.7 0.00246612 
45.8 0.00244977 
45.9 0.00243279 
46 0.00241519 
46.1 0.00239719 
46.2 0.00237913 
46.3 0.00236142 
46.4 0.00234439 
46.5 0.00232822 
46.6 0.00231291 
46.7 0.00229826 
46.8 0.00228396 
46.9 0.00226962 
47 0.00225495 
47.1 0.00223978 
47.2 0.00222409 
47.3 0.00220807 
47.4 0.00219202 
47.5 0.00217625 
47.6 0.00216105 
47.7 0.00214657 
47.8 0.0021328 
47.9 0.0021196 
48 0.00210668 
48.1 0.00209377 
48.2 0.00208059 
48.3 0.002067 
48.4 0.00205301 
48.5 0.00203873 
48.6 0.00202442 
48.7 0.00201033 
48.8 0.00199671 
48.9 0.00198367 
49 0.00197123 
49.1 0.00195927 
49.2 0.00194757 
49.3 0.0019359 
49.4 0.00192405 
49.5 0.00191187 
49.6 0.00189936 
49.7 0.00188662 
49.8 0.00187383 
49.9 0.00186121 
50 0.00184894 
50.1 0.00183715 
50.2 0.00182586 
50.3 0.00181498 
50.4 0.00180436 
50.5 0.00179379 
50.6 0.0017831 
50.7 0.00177217 
50.8 0.00176097 
50.9 0.00174958 
51 0.00173812 
51.1 0.00172678 
51.2 0.00171571 
51.3 0.00170501 
51.4 0.00169473 
51.5 0.0016848 
51.6 0.00167511 
51.7 0.0016655 
51.8 0.00165583 
51.9 0.001646 
52 0.00163596 
52.1 0.00162575 
52.2 0.00161547 
52.3 0.00160526 
52.4 0.00159524 
52.5 0.00158552 
52.6 0.00157612 
52.7 0.00156703 
52.8 0.00155816 
52.9 0.0015494 
53 0.00154063 
53.1 0.00153175 
53.2 0.00152273 
53.3 0.00151357 
53.4 0.00150433 
53.5 0.00149513 
53.6 0.00148605 
53.7 0.00147719 
53.8 0.00146859 
53.9 0.00146024 
54 0.0014521 
54.1 0.00144408 
54.2 0.00143609 
54.3 0.00142805 
54.4 0.00141991 
54.5 0.00141166 
54.6 0.00140335 
54.7 0.00139505 
54.8 0.00138682 
54.9 0.00137874 
55 0.00137086 
55.1 0.00136319 
55.2 0.00135569 
55.3 0.00134832 
55.4 0.00134101 
55.5 0.00133369 
55.6 0.00132632 
55.7 0.00131888 
55.8 0.00131139 
55.9 0.00130388 
56 0.00129642 
56.1 0.00128906 
56.2 0.00128184 
56.3 0.00127478 
56.4 0.00126787 
56.5 0.00126108 
56.6 0.00125436 
56.7 0.00124767 
56.8 0.00124096 
56.9 0.00123422 
57 0.00122744 
57.1 0.00122065 
57.2 0.00121388 
57.3 0.00120717 
57.4 0.00120057 
57.5 0.00119407 
57.6 0.0011877 
57.7 0.00118142 
57.8 0.00117523 
57.9 0.00116908 
58 0.00116294 
58.1 0.0011568 
58.2 0.00115064 
58.3 0.00114449 
58.4 0.00113834 
58.5 0.00113224 
58.6 0.00112619 
58.7 0.00112023 
58.8 0.00111436 
58.9 0.00110856 
59 0.00110284 
59.1 0.00109716 
59.2 0.00109151 
59.3 0.00108589 
59.4 0.00108027 
59.5 0.00107466 
59.6 0.00106907 
59.7 0.00106351 
59.8 0.00105799 
59.9 0.00105253 
60 0.00104712 
60.1 0.00104178 
60.2 0.00103648 
60.3 0.00103123 
60.4 0.00102602 
60.5 0.00102083 
60.6 0.00101567 
60.7 0.00101053 
60.8 0.00100542 
60.9 0.00100034 
61 0.000995303 
61.1 0.000990306 
61.2 0.000985349 
61.3 0.00098043 
61.4 0.000975545 
61.5 0.000970688 
61.6 0.000965859 
61.7 0.000961057 
61.8 0.000956285 
61.9 0.000951547 
62 0.000946848 
62.1 0.000942192 
62.2 0.000937578 
62.3 0.000933005 
62.4 0.000928467 
62.5 0.000923955 
62.6 0.000919463 
62.7 0.000914983 
62.8 0.000910516 
62.9 0.000906064 
63 0.000901636 
63.1 0.000897241 
63.2 0.00089289 
63.3 0.000888588 
63.4 0.000884338 
63.5 0.000880138 
63.6 0.000875979 
63.7 0.000871848 
63.8 0.000867732 
63.9 0.000863618 
64 0.000859503 
64.1 0.000855386 
64.2 0.000851275 
64.3 0.000847186 
64.4 0.000843132 
64.5 0.000839127 
64.6 0.000835181 
64.7 0.000831295 
64.8 0.000827464 
64.9 0.000823673 
65 0.000819905 
65.1 0.000816143 
65.2 0.000812373 
65.3 0.000808587 
65.4 0.000804789 
65.5 0.000800989 
65.6 0.000797206 
65.7 0.000793459 
65.8 0.000789765 
65.9 0.000786135 
66 0.000782571 
66.1 0.000779066 
66.2 0.000775603 
66.3 0.000772162 
66.4 0.000768721 
66.5 0.000765264 
66.6 0.000761782 
66.7 0.000758277 
66.8 0.000754761 
66.9 0.000751256 
67 0.000747784 
67.1 0.000744366 
67.2 0.000741014 
67.3 0.000737734 
67.4 0.000734517 
67.5 0.000731346 
67.6 0.000728199 
67.7 0.000725052 
67.8 0.000721883 
67.9 0.000718683 
68 0.000715451 
68.1 0.000712199 
68.2 0.000708948 
68.3 0.000705724 
68.4 0.000702549 
68.5 0.000699441 
68.6 0.000696407 
68.7 0.000693442 
68.8 0.00069053 
68.9 0.000687647 
69 0.000684767 
69.1 0.000681867 
69.2 0.000678931 
69.3 0.000675956 
69.4 0.000672951 
69.5 0.000669936 
69.6 0.000666936 
69.7 0.000663977 
69.8 0.000661082 
69.9 0.00065826 
70 0.000655513 
70.1 0.000652826 
70.2 0.000650178 
70.3 0.000647541 
70.4 0.00064489 
70.5 0.000642203 
70.6 0.000639474 
70.7 0.000636704 
70.8 0.000633911 
70.9 0.000631119 
71 0.000628355 
71.1 0.000625645 
71.2 0.000623006 
71.3 0.000620442 
71.4 0.000617948 
71.5 0.000615504 
71.6 0.000613084 
71.7 0.000610661 
71.8 0.00060821 
71.9 0.000605715 
72 0.000603174 
72.1 0.000600596 
72.2 0.000598001 
72.3 0.000595418 
72.4 0.000592874 
72.5 0.00059039 
72.6 0.000587981 
72.7 0.000585646 
72.8 0.000583374 
72.9 0.000581142 
73 0.000578923 
73.1 0.000576689 
73.2 0.000574418 
73.3 0.000572099 
73.4 0.000569734 
73.5 0.000567335 
73.6 0.000564927 
73.7 0.000562537 
73.8 0.000560192 
73.9 0.000557912 
74 0.000555707 
74.1 0.000553572 
74.2 0.000551495 
74.3 0.00054945 
74.4 0.000547409 
74.5 0.000545347 
74.6 0.000543243 
74.7 0.000541089 
74.8 0.000538889 
74.9 0.00053666 
75 0.000534424 
75.1 0.00053221 
75.2 0.000530044 
75.3 0.000527943 
75.4 0.000525915 
75.5 0.000523956 
75.6 0.00052205 
75.7 0.000520171 
75.8 0.000518293 
75.9 0.000516389 
76 0.000514443 
76.1 0.000512446 
76.2 0.000510404 
76.3 0.000508332 
76.4 0.000506255 
76.5 0.0005042 
76.6 0.000502191 
76.7 0.000500247 
76.8 0.000498373 
76.9 0.000496566 
77 0.00049481 
77.1 0.00049308 
77.2 0.000491351 
77.3 0.000489597 
77.4 0.000487801 
77.5 0.000485955 
77.6 0.000484063 
77.7 0.00048214 
77.8 0.000480209 
77.9 0.000478296 
78 0.000476425 
78.1 0.000474615 
78.2 0.000472874 
78.3 0.000471197 
78.4 0.000469572 
78.5 0.000467977 
78.6 0.000466385 
78.7 0.000464773 
78.8 0.000463121 
78.9 0.000461421 
79 0.000459673 
79.1 0.000457891 
79.2 0.000456095 
79.3 0.000454311 
79.4 0.000452562 
79.5 0.000450867 
79.6 0.000449237 
79.7 0.000447671 
79.8 0.00044616 
79.9 0.000444683 
80 0.000443217 
80.1 0.000441737 
80.2 0.000440224 
80.3 0.000438665 
80.4 0.000437058 
80.5 0.000435413 
80.6 0.000433745 
80.7 0.000432079 
80.8 0.000430438 
80.9 0.000428842 
81 0.000427305 
81.1 0.000425831 
81.2 0.000424414 
81.3 0.000423039 
81.4 0.000421685 
81.5 0.000420327 
81.6 0.000418946 
81.7 0.000417524 
81.8 0.000416056 
81.9 0.000414545 
82 0.000413003 
82.1 0.00041145 
82.2 0.000409908 
82.3 0.0004084 
82.4 0.000406941 
82.5 0.000405541 
82.6 0.0004042 
82.7 0.000402908 
82.8 0.000401649 
82.9 0.000400399 
83 0.000399139 
83.1 0.000397848 
83.2 0.000396516 
83.3 0.000395139 
83.4 0.000393724 
83.5 0.000392285 
83.6 0.000390841 
83.7 0.000389415 
83.8 0.000388025 
83.9 0.000386685 
84 0.000385402 
84.1 0.000384173 
84.2 0.000382986 
84.3 0.000381826 
84.4 0.000380671 
84.5 0.0003795 
84.6 0.000378299 
84.7 0.000377056 
84.8 0.000375771 
84.9 0.000374452 
85 0.000373111 
85.1 0.000371769 
85.2 0.000370446 
85.3 0.000369158 
85.4 0.000367919 
85.5 0.000366734 
85.6 0.000365599 
85.7 0.000364503 
85.8 0.000363431 
85.9 0.000362362 
86 0.000361279 
86.1 0.000360165 
86.2 0.000359012 
86.3 0.00035782 
86.4 0.000356593 
86.5 0.000355347 
86.6 0.000354099 
86.7 0.000352866 
86.8 0.000351666 
86.9 0.000350512 
87 0.000349407 
87.1 0.00034835 
87.2 0.000347332 
87.3 0.000346338 
87.4 0.00034535 
87.5 0.00034435 
87.6 0.000343323 
87.7 0.000342261 
87.8 0.00034116 
87.9 0.000340026 
88 0.00033887 
88.1 0.000337707 
88.2 0.000336556 
88.3 0.000335431 
88.4 0.000334347 
88.5 0.000333308 
88.6 0.000332315 
88.7 0.000331362 
88.8 0.000330436 
88.9 0.000329521 
89 0.0003286 
89.1 0.000327659 
89.2 0.000326686 
89.3 0.000325678 
89.4 0.000324636 
89.5 0.000323568 
89.6 0.000322487 
89.7 0.00032141 
89.8 0.000320351 
89.9 0.000319325 
90 0.000318339 
90.1 0.000317397 
90.2 0.000316496 
90.3 0.000315626 
90.4 0.000314775 
90.5 0.000313927 
90.6 0.000313066 
90.7 0.000312182 
90.8 0.000311266 
90.9 0.000310316 
91 0.000309337 
91.1 0.000308338 
91.2 0.000307332 
91.3 0.000306335 
91.4 0.000305359 
91.5 0.000304417 
91.6 0.000303514 
91.7 0.000302651 
91.8 0.000301825 
91.9 0.000301024 
92 0.000300237 
92.1 0.000299449 
92.2 0.000298647 
92.3 0.000297821 
92.4 0.000296964 
92.5 0.000296076 
92.6 0.000295163 
92.7 0.000294232 
92.8 0.000293297 
92.9 0.000292372 
93 0.000291468 
93.1 0.000290596 
93.2 0.00028976 
93.3 0.000288962 
93.4 0.000288197 
93.5 0.000287455 
93.6 0.000286725 
93.7 0.000285994 
93.8 0.00028525 
93.9 0.000284484 
94 0.000283689 
94.1 0.000282866 
94.2 0.000282019 
94.3 0.000281155 
94.4 0.000280286 
94.5 0.000279424 
94.6 0.000278581 
94.7 0.000277766 
94.8 0.000276985 
94.9 0.000276238 
95 0.000275522 
95.1 0.00027483 
95.2 0.000274152 
95.3 0.000273475 
95.4 0.000272789 
95.5 0.000272083 
95.6 0.000271353 
95.7 0.000270596 
95.8 0.000269815 
95.9 0.000269016 
96 0.000268209 
96.1 0.000267405 
96.2 0.000266614 
96.3 0.000265846 
96.4 0.000265108 
96.5 0.000264401 
96.6 0.000263725 
96.7 0.000263074 
96.8 0.00026244 
96.9 0.000261812 
97 0.000261181 
97.1 0.000260536 
97.2 0.000259871 
97.3 0.000259181 
97.4 0.000258468 
97.5 0.000257735 
97.6 0.000256988 
97.7 0.000256238 
97.8 0.000255495 
97.9 0.000254767 
98 0.000254063 
98.1 0.000253387 
98.2 0.00025274 
98.3 0.00025212 
98.4 0.000251521 
98.5 0.000250934 
98.6 0.000250352 
98.7 0.000249764 
98.8 0.000249161 
98.9 0.00024854 
99 0.000247895 
99.1 0.00024723 
99.2 0.000246547 
99.3 0.000245853 
99.4 0.000245157 
99.5 0.000244468 
99.6 0.000243794 
99.7 0.000243141 
99.8 0.000242515 
99.9 0.000241915 
100 0.000241339 
100.1 0.000240783 
100.2 0.000240238 
100.3 0.000239698 
100.4 0.000239152 
100.5 0.000238594 
100.6 0.000238019 
100.7 0.000237423 
100.8 0.000236808 
100.9 0.000236176 
101 0.000235533 
101.1 0.000234887 
101.2 0.000234246 
101.3 0.000233617 
101.4 0.000233006 
101.5 0.000232418 
101.6 0.000231855 
101.7 0.000231314 
101.8 0.000230793 
101.9 0.000230284 
102 0.000229782 
102.1 0.000229278 
102.2 0.000228765 
102.3 0.000228238 
102.4 0.000227693 
102.5 0.00022713 
102.6 0.00022655 
102.7 0.000225958 
102.8 0.00022536 
102.9 0.000224762 
103 0.000224171 
103.1 0.000223595 
103.2 0.000223038 
103.3 0.000222502 
103.4 0.000221987 
103.5 0.000221493 
103.6 0.000221014 
103.7 0.000220544 
103.8 0.000220078 
103.9 0.000219608 
104 0.000219128 
104.1 0.000218635 
104.2 0.000218126 
104.3 0.0002176 
104.4 0.00021706 
104.5 0.00021651 
104.6 0.000215955 
104.7 0.000215401 
104.8 0.000214856 
104.9 0.000214323 
105 0.000213808 
105.1 0.000213312 
105.2 0.000212836 
105.3 0.000212377 
105.4 0.000211932 
105.5 0.000211496 
105.6 0.000211063 
105.7 0.000210627 
105.8 0.000210183 
105.9 0.000209727 
106 0.000209257 
106.1 0.000208771 
106.2 0.000208273 
106.3 0.000207765 
106.4 0.000207251 
106.5 0.000206738 
106.6 0.000206231 
106.7 0.000205734 
106.8 0.000205252 
106.9 0.000204787 
107 0.000204339 
107.1 0.000203909 
107.2 0.000203492 
107.3 0.000203084 
107.4 0.000202682 
107.5 0.000202279 
107.6 0.000201871 
107.7 0.000201453 
107.8 0.000201024 
107.9 0.000200581 
108 0.000200126 
108.1 0.00019966 
108.2 0.000199187 
108.3 0.000198712 
108.4 0.000198238 
108.5 0.000197772 
108.6 0.000197317 
108.7 0.000196875 
108.8 0.000196449 
108.9 0.000196039 
109 0.000195643 
109.1 0.000195258 
109.2 0.000194881 
109.3 0.000194508 
109.4 0.000194134 
109.5 0.000193754 
109.6 0.000193366 
109.7 0.000192967 
109.8 0.000192557 
109.9 0.000192135 
110 0.000191704 
110.1 0.000191267 
110.2 0.000190828 
110.3 0.00019039 
110.4 0.000189959 
110.5 0.000189537 
110.6 0.000189127 
110.7 0.00018873 
110.8 0.000188348 
110.9 0.000187979 
111 0.00018762 
111.1 0.000187269 
111.2 0.000186922 
111.3 0.000186576 
111.4 0.000186226 
111.5 0.000185869 
111.6 0.000185504 
111.7 0.000185128 
111.8 0.000184742 
111.9 0.000184348 
112 0.000183946 
112.1 0.000183541 
112.2 0.000183136 
112.3 0.000182735 
112.4 0.00018234 
112.5 0.000181954 
112.6 0.00018158 
112.7 0.000181219 
112.8 0.000180869 
112.9 0.000180531 
113 0.000180201 
113.1 0.000179877 
113.2 0.000179556 
113.3 0.000179234 
113.4 0.000178909 
113.5 0.000178577 
113.6 0.000178238 
113.7 0.00017789 
113.8 0.000177533 
113.9 0.000177168 
114 0.000176798 
114.1 0.000176425 
114.2 0.000176052 
114.3 0.000175681 
114.4 0.000175317 
114.5 0.00017496 
114.6 0.000174614 
114.7 0.000174278 
114.8 0.000173953 
114.9 0.000173638 
115 0.000173331 
115.1 0.00017303 
115.2 0.000172732 
115.3 0.000172435 
115.4 0.000172135 
115.5 0.000171831 
115.6 0.00017152 
115.7 0.000171202 
115.8 0.000170876 
115.9 0.000170543 
116 0.000170205 
116.1 0.000169862 
116.2 0.000169518 
116.3 0.000169176 
116.4 0.000168837 
116.5 0.000168504 
116.6 0.000168179 
116.7 0.000167862 
116.8 0.000167556 
116.9 0.000167258 
117 0.000166969 
117.1 0.000166686 
117.2 0.000166408 
117.3 0.000166133 
117.4 0.000165857 
117.5 0.00016558 
117.6 0.000165299 
117.7 0.000165012 
117.8 0.000164718 
117.9 0.000164418 
118 0.000164112 
118.1 0.000163802 
118.2 0.000163487 
118.3 0.000163172 
118.4 0.000162857 
118.5 0.000162544 
118.6 0.000162237 
118.7 0.000161936 
118.8 0.000161642 
118.9 0.000161357 
119 0.00016108 
119.1 0.00016081 
119.2 0.000160546 
119.3 0.000160288 
119.4 0.000160033 
119.5 0.000159779 
119.6 0.000159524 
119.7 0.000159266 
119.8 0.000159005 
119.9 0.000158738 
120 0.000158466 
120.1 0.000158189 
120.2 0.000157907 
120.3 0.000157621 
120.4 0.000157332 
120.5 0.000157043 
120.6 0.000156755 
120.7 0.000156469 
120.8 0.000156187 
120.9 0.000155911 
121 0.000155642 
121.1 0.000155379 
121.2 0.000155124 
121.3 0.000154875 
121.4 0.000154632 
121.5 0.000154393 
121.6 0.000154157 
121.7 0.000153922 
121.8 0.000153687 
121.9 0.000153451 
122 0.000153211 
122.1 0.000152968 
122.2 0.00015272 
122.3 0.000152468 
122.4 0.000152211 
122.5 0.000151951 
122.6 0.000151688 
122.7 0.000151424 
122.8 0.00015116 
122.9 0.000150897 
123 0.000150637 
123.1 0.000150381 
123.2 0.000150129 
123.3 0.000149884 
123.4 0.000149644 
123.5 0.000149411 
123.6 0.000149183 
123.7 0.000148959 
123.8 0.000148739 
123.9 0.000148522 
124 0.000148306 
124.1 0.00014809 
124.2 0.000147873 
124.3 0.000147653 
124.4 0.000147431 
124.5 0.000147205 
124.6 0.000146975 
124.7 0.000146741 
124.8 0.000146504 
124.9 0.000146265 
125 0.000146024 
125.1 0.000145783 
125.2 0.000145543 
125.3 0.000145305 
125.4 0.000145069 
125.5 0.000144837 
125.6 0.00014461 
125.7 0.000144387 
125.8 0.00014417 
125.9 0.000143957 
126 0.000143749 
126.1 0.000143545 
126.2 0.000143344 
126.3 0.000143144 
126.4 0.000142946 
126.5 0.000142748 
126.6 0.000142548 
126.7 0.000142347 
126.8 0.000142144 
126.9 0.000141938 
127 0.000141728 
127.1 0.000141516 
127.2 0.000141301 
127.3 0.000141084 
127.4 0.000140866 
127.5 0.000140647 
127.6 0.000140428 
127.7 0.000140211 
127.8 0.000139995 
127.9 0.000139783 
128 0.000139574 
128.1 0.000139368 
128.2 0.000139167 
128.3 0.00013897 
128.4 0.000138777 
128.5 0.000138588 
128.6 0.000138402 
128.7 0.000138218 
128.8 0.000138035 
128.9 0.000137854 
129 0.000137672 
129.1 0.00013749 
129.2 0.000137307 
129.3 0.000137121 
129.4 0.000136934 
129.5 0.000136744 
129.6 0.000136552 
129.7 0.000136358 
129.8 0.000136162 
129.9 0.000135964 
130 0.000135766 
130.1 0.000135568 
130.2 0.000135371 
130.3 0.000135175 
130.4 0.000134981 
130.5 0.00013479 
130.6 0.000134601 
130.7 0.000134416 
130.8 0.000134234 
130.9 0.000134056 
131 0.000133881 
131.1 0.000133708 
131.2 0.000133539 
131.3 0.000133371 
131.4 0.000133205 
131.5 0.000133039 
131.6 0.000132874 
131.7 0.000132708 
131.8 0.000132542 
131.9 0.000132374 
132 0.000132205 
132.1 0.000132034 
132.2 0.000131861 
132.3 0.000131686 
132.4 0.00013151 
132.5 0.000131333 
132.6 0.000131155 
132.7 0.000130977 
132.8 0.000130799 
132.9 0.000130621 
133 0.000130445 
133.1 0.000130271 
133.2 0.000130099 
133.3 0.000129929 
133.4 0.000129762 
133.5 0.000129597 
133.6 0.000129435 
133.7 0.000129276 
133.8 0.000129119 
133.9 0.000128965 
134 0.000128812 
134.1 0.000128661 
134.2 0.00012851 
134.3 0.00012836 
134.4 0.000128211 
134.5 0.00012806 
134.6 0.00012791 
134.7 0.000127758 
134.8 0.000127605 
134.9 0.00012745 
135 0.000127295 
135.1 0.000127138 
135.2 0.00012698 
135.3 0.000126822 
135.4 0.000126662 
135.5 0.000126503 
135.6 0.000126344 
135.7 0.000126185 
135.8 0.000126027 
135.9 0.000125871 
136 0.000125716 
136.1 0.000125562 
136.2 0.000125411 
136.3 0.000125262 
136.4 0.000125115 
136.5 0.00012497 
136.6 0.000124828 
136.7 0.000124687 
136.8 0.000124548 
136.9 0.00012441 
137 0.000124274 
137.1 0.000124138 
137.2 0.000124003 
137.3 0.000123868 
137.4 0.000123733 
137.5 0.000123598 
137.6 0.000123462 
137.7 0.000123326 
137.8 0.000123188 
137.9 0.00012305 
138 0.000122911 
138.1 0.000122771 
138.2 0.000122631 
138.3 0.00012249 
138.4 0.000122348 
138.5 0.000122207 
138.6 0.000122066 
138.7 0.000121925 
138.8 0.000121785 
138.9 0.000121646 
139 0.000121508 
139.1 0.000121371 
139.2 0.000121236 
139.3 0.000121103 
139.4 0.000120971 
139.5 0.000120841 
139.6 0.000120713 
139.7 0.000120586 
139.8 0.000120461 
139.9 0.000120337 
140 0.000120214 
140.1 0.000120092 
140.2 0.000119971 
140.3 0.00011985 
140.4 0.00011973 
140.5 0.000119609 
140.6 0.000119489 
140.7 0.000119368 
140.8 0.000119247 
140.9 0.000119126 
141 0.000119004 
141.1 0.000118882 
141.2 0.000118759 
141.3 0.000118636 
141.4 0.000118512 
141.5 0.000118388 
141.6 0.000118264 
141.7 0.000118139 
141.8 0.000118016 
141.9 0.000117892 
142 0.000117769 
142.1 0.000117647 
142.2 0.000117525 
142.3 0.000117405 
142.4 0.000117285 
142.5 0.000117167 
142.6 0.00011705 
142.7 0.000116934 
142.8 0.00011682 
142.9 0.000116707 
143 0.000116595 
143.1 0.000116484 
143.2 0.000116374 
143.3 0.000116266 
143.4 0.000116158 
143.5 0.00011605 
143.6 0.000115944 
143.7 0.000115837 
143.8 0.000115731 
143.9 0.000115626 
144 0.00011552 
144.1 0.000115414 
144.2 0.000115308 
144.3 0.000115202 
144.4 0.000115095 
144.5 0.000114989 
144.6 0.000114882 
144.7 0.000114775 
144.8 0.000114668 
144.9 0.00011456 
145 0.000114453 
145.1 0.000114345 
145.2 0.000114238 
145.3 0.000114131 
145.4 0.000114024 
145.5 0.000113918 
145.6 0.000113812 
145.7 0.000113707 
145.8 0.000113602 
145.9 0.000113499 
146 0.000113396 
146.1 0.000113294 
146.2 0.000113193 
146.3 0.000113093 
146.4 0.000112994 
146.5 0.000112896 
146.6 0.000112799 
146.7 0.000112702 
146.8 0.000112607 
146.9 0.000112512 
147 0.000112418 
147.1 0.000112325 
147.2 0.000112232 
147.3 0.000112139 
147.4 0.000112047 
147.5 0.000111956 
147.6 0.000111864 
147.7 0.000111773 
147.8 0.000111682 
147.9 0.00011159 
148 0.000111499 
148.1 0.000111408 
148.2 0.000111317 
148.3 0.000111226 
148.4 0.000111134 
148.5 0.000111043 
148.6 0.000110952 
148.7 0.000110861 
148.8 0.000110769 
148.9 0.000110678 
149 0.000110587 
149.1 0.000110497 
149.2 0.000110406 
149.3 0.000110316 
149.4 0.000110226 
149.5 0.000110137 
149.6 0.000110048 
149.7 0.00010996 
149.8 0.000109872 
149.9 0.000109785 
150 0.000109699 
150.1 0.000109613 
150.2 0.000109528 
150.3 0.000109443 
150.4 0.00010936 
150.5 0.000109277 
150.6 0.000109194 
150.7 0.000109113 
150.8 0.000109032 
150.9 0.000108951 
151 0.000108871 
151.1 0.000108792 
151.2 0.000108713 
151.3 0.000108634 
151.4 0.000108556 
151.5 0.000108479 
151.6 0.000108401 
151.7 0.000108324 
151.8 0.000108247 
151.9 0.000108171 
152 0.000108094 
152.1 0.000108018 
152.2 0.000107942 
152.3 0.000107866 
152.4 0.00010779 
152.5 0.000107715 
152.6 0.000107639 
152.7 0.000107564 
152.8 0.000107488 
152.9 0.000107413 
153 0.000107338 
153.1 0.000107263 
153.2 0.000107188 
153.3 0.000107114 
153.4 0.000107039 
153.5 0.000106965 
153.6 0.000106891 
153.7 0.000106818 
153.8 0.000106745 
153.9 0.000106672 
154 0.0001066 
154.1 0.000106527 
154.2 0.000106456 
154.3 0.000106385 
154.4 0.000106314 
154.5 0.000106244 
154.6 0.000106174 
154.7 0.000106105 
154.8 0.000106036 
154.9 0.000105967 
155 0.0001059 
155.1 0.000105832 
155.2 0.000105765 
155.3 0.000105699 
155.4 0.000105633 
155.5 0.000105568 
155.6 0.000105503 
155.7 0.000105438 
155.8 0.000105374 
155.9 0.00010531 
156 0.000105247 
156.1 0.000105183 
156.2 0.000105121 
156.3 0.000105058 
156.4 0.000104996 
156.5 0.000104934 
156.6 0.000104873 
156.7 0.000104812 
156.8 0.000104751 
156.9 0.00010469 
157 0.000104629 
157.1 0.000104569 
157.2 0.000104509 
157.3 0.000104449 
157.4 0.000104389 
157.5 0.00010433 
157.6 0.000104271 
157.7 0.000104212 
157.8 0.000104153 
157.9 0.000104094 
158 0.000104036 
158.1 0.000103978 
158.2 0.00010392 
158.3 0.000103862 
158.4 0.000103804 
158.5 0.000103747 
158.6 0.00010369 
158.7 0.000103633 
158.8 0.000103577 
158.9 0.000103521 
159 0.000103465 
159.1 0.000103409 
159.2 0.000103354 
159.3 0.000103299 
159.4 0.000103244 
159.5 0.00010319 
159.6 0.000103136 
159.7 0.000103082 
159.8 0.000103029 
159.9 0.000102976 
160 0.000102924 
160.1 0.000102871 
160.2 0.000102819 
160.3 0.000102768 
160.4 0.000102717 
160.5 0.000102666 
160.6 0.000102615 
160.7 0.000102565 
160.8 0.000102515 
160.9 0.000102466 
161 0.000102417 
161.1 0.000102368 
161.2 0.00010232 
161.3 0.000102271 
161.4 0.000102224 
161.5 0.000102176 
161.6 0.000102129 
161.7 0.000102082 
161.8 0.000102036 
161.9 0.000101989 
162 0.000101943 
162.1 0.000101898 
162.2 0.000101852 
162.3 0.000101807 
162.4 0.000101763 
162.5 0.000101718 
162.6 0.000101674 
162.7 0.00010163 
162.8 0.000101586 
162.9 0.000101543 
163 0.0001015 
163.1 0.000101457 
163.2 0.000101414 
163.3 0.000101372 
163.4 0.000101329 
163.5 0.000101287 
163.6 0.000101246 
163.7 0.000101204 
163.8 0.000101163 
163.9 0.000101122 
164 0.000101082 
164.1 0.000101041 
164.2 0.000101001 
164.3 0.000100961 
164.4 0.000100921 
164.5 0.000100882 
164.6 0.000100843 
164.7 0.000100804 
164.8 0.000100765 
164.9 0.000100727 
165 0.000100688 
165.1 0.000100651 
165.2 0.000100613 
165.3 0.000100575 
165.4 0.000100538 
165.5 0.000100501 
165.6 0.000100465 
165.7 0.000100428 
165.8 0.000100392 
165.9 0.000100357 
166 0.000100321 
166.1 0.000100286 
166.2 0.000100251 
166.3 0.000100216 
166.4 0.000100181 
166.5 0.000100147 
166.6 0.000100113 
166.7 0.00010008 
166.8 0.000100046 
166.9 0.000100013 
167 9.99804e-05 
167.1 9.99478e-05 
167.2 9.99155e-05 
167.3 9.98835e-05 
167.4 9.98518e-05 
167.5 9.98203e-05 
167.6 9.97891e-05 
167.7 9.97582e-05 
167.8 9.97276e-05 
167.9 9.96972e-05 
168 9.96671e-05 
168.1 9.96373e-05 
168.2 9.96078e-05 
168.3 9.95785e-05 
168.4 9.95494e-05 
168.5 9.95207e-05 
168.6 9.94922e-05 
168.7 9.9464e-05 
168.8 9.94361e-05 
168.9 9.94084e-05 
169 9.9381e-05 
169.1 9.93538e-05 
169.2 9.9327e-05 
169.3 9.93004e-05 
169.4 9.9274e-05 
169.5 9.92479e-05 
169.6 9.92221e-05 
169.7 9.91965e-05 
169.8 9.91712e-05 
169.9 9.91462e-05 
170 9.91214e-05 
170.1 9.90968e-05 
170.2 9.90725e-05 
170.3 9.90485e-05 
170.4 9.90247e-05 
170.5 9.90012e-05 
170.6 9.8978e-05 
170.7 9.8955e-05 
170.8 9.89322e-05 
170.9 9.89097e-05 
171 9.88875e-05 
171.1 9.88655e-05 
171.2 9.88438e-05 
171.3 9.88223e-05 
171.4 9.8801e-05 
171.5 9.878e-05 
171.6 9.87593e-05 
171.7 9.87388e-05 
171.8 9.87185e-05 
171.9 9.86985e-05 
172 9.86788e-05 
172.1 9.86593e-05 
172.2 9.864e-05 
172.3 9.8621e-05 
172.4 9.86023e-05 
172.5 9.85838e-05 
172.6 9.85656e-05 
172.7 9.85476e-05 
172.8 9.85298e-05 
172.9 9.85123e-05 
173 9.8495e-05 
173.1 9.8478e-05 
173.2 9.84612e-05 
173.3 9.84447e-05 
173.4 9.84284e-05 
173.5 9.84123e-05 
173.6 9.83966e-05 
173.7 9.8381e-05 
173.8 9.83657e-05 
173.9 9.83507e-05 
174 9.83359e-05 
174.1 9.83214e-05 
174.2 9.83071e-05 
174.3 9.8293e-05 
174.4 9.82792e-05 
174.5 9.82656e-05 
174.6 9.82523e-05 
174.7 9.82392e-05 
174.8 9.82263e-05 
174.9 9.82137e-05 
175 9.82014e-05 
175.1 9.81893e-05 
175.2 9.81774e-05 
175.3 9.81658e-05 
175.4 9.81545e-05 
175.5 9.81434e-05 
175.6 9.81325e-05 
175.7 9.81219e-05 
175.8 9.81115e-05 
175.9 9.81014e-05 
176 9.80915e-05 
176.1 9.80818e-05 
176.2 9.80724e-05 
176.3 9.80633e-05 
176.4 9.80543e-05 
176.5 9.80457e-05 
176.6 9.80372e-05 
176.7 9.8029e-05 
176.8 9.80211e-05 
176.9 9.80134e-05 
177 9.8006e-05 
177.1 9.79988e-05 
177.2 9.79919e-05 
177.3 9.79852e-05 
177.4 9.79787e-05 
177.5 9.79725e-05 
177.6 9.79665e-05 
177.7 9.79608e-05 
177.8 9.79553e-05 
177.9 9.795e-05 
178 9.7945e-05 
178.1 9.79402e-05 
178.2 9.79357e-05 
178.3 9.79315e-05 
178.4 9.79274e-05 
178.5 9.79237e-05 
178.6 9.79202e-05 
178.7 9.79169e-05 
178.8 9.79139e-05 
178.9 9.79111e-05 
179 9.79085e-05 
179.1 9.79062e-05 
179.2 9.79041e-05 
179.3 9.79022e-05 
179.4 9.79006e-05 
179.5 9.78993e-05 
179.6 9.78982e-05 
179.7 9.78973e-05 
179.8 9.78967e-05 
