0.1 20.5701 
0.2 20.5616 
0.3 20.5473 
0.4 20.5273 
0.5 20.5015 
0.6 20.4698 
0.7 20.4322 
0.8 20.3887 
0.9 20.339 
1 20.2832 
1.1 20.2212 
1.2 20.1528 
1.3 20.0781 
1.4 19.9968 
1.5 19.9089 
1.6 19.8144 
1.7 19.7132 
1.8 19.6052 
1.9 19.4905 
2 19.3689 
2.1 19.2405 
2.2 19.1053 
2.3 18.9634 
2.4 18.8149 
2.5 18.6597 
2.6 18.498 
2.7 18.33 
2.8 18.1559 
2.9 17.9757 
3 17.7897 
3.1 17.5981 
3.2 17.4012 
3.3 17.1992 
3.4 16.9925 
3.5 16.7812 
3.6 16.5658 
3.7 16.3465 
3.8 16.1237 
3.9 15.8976 
4 15.6688 
4.1 15.4374 
4.2 15.2039 
4.3 14.9685 
4.4 14.7317 
4.5 14.4937 
4.6 14.2549 
4.7 14.0156 
4.8 13.7761 
4.9 13.5367 
5 13.2977 
5.1 13.0592 
5.2 12.8217 
5.3 12.5853 
5.4 12.3501 
5.5 12.1165 
5.6 11.8847 
5.7 11.6546 
5.8 11.4267 
5.9 11.2008 
6 10.9773 
6.1 10.7561 
6.2 10.5375 
6.3 10.3214 
6.4 10.1079 
6.5 9.89717 
6.6 9.68918 
6.7 9.48399 
6.8 9.28164 
6.9 9.08216 
7 8.88557 
7.1 8.69189 
7.2 8.50114 
7.3 8.31332 
7.4 8.12846 
7.5 7.94655 
7.6 7.76759 
7.7 7.59161 
7.8 7.41859 
7.9 7.24853 
8 7.08144 
8.1 6.91732 
8.2 6.75617 
8.3 6.59798 
8.4 6.44275 
8.5 6.29048 
8.6 6.14117 
8.7 5.99481 
8.8 5.85139 
8.9 5.71091 
9 5.57336 
9.1 5.43871 
9.2 5.30697 
9.3 5.17812 
9.4 5.05214 
9.5 4.929 
9.6 4.80868 
9.7 4.69117 
9.8 4.57643 
9.9 4.46443 
10 4.35514 
10.1 4.24853 
10.2 4.14455 
10.3 4.04317 
10.4 3.94435 
10.5 3.84804 
10.6 3.7542 
10.7 3.66278 
10.8 3.57374 
10.9 3.48703 
11 3.40259 
11.1 3.32038 
11.2 3.24036 
11.3 3.16246 
11.4 3.08664 
11.5 3.01285 
11.6 2.94104 
11.7 2.87116 
11.8 2.80316 
11.9 2.737 
12 2.67263 
12.1 2.61 
12.2 2.54907 
12.3 2.48979 
12.4 2.43213 
12.5 2.37604 
12.6 2.32148 
12.7 2.26841 
12.8 2.21679 
12.9 2.16659 
13 2.11777 
13.1 2.07029 
13.2 2.02412 
13.3 1.97923 
13.4 1.93558 
13.5 1.89314 
13.6 1.85187 
13.7 1.81175 
13.8 1.77275 
13.9 1.73483 
14 1.69797 
14.1 1.66213 
14.2 1.62729 
14.3 1.59342 
14.4 1.56049 
14.5 1.52848 
14.6 1.49735 
14.7 1.46708 
14.8 1.43764 
14.9 1.40901 
15 1.38117 
15.1 1.35408 
15.2 1.32773 
15.3 1.30209 
15.4 1.27714 
15.5 1.25286 
15.6 1.22923 
15.7 1.20622 
15.8 1.18381 
15.9 1.16199 
16 1.14074 
16.1 1.12004 
16.2 1.09988 
16.3 1.08023 
16.4 1.06108 
16.5 1.04241 
16.6 1.02422 
16.7 1.00648 
16.8 0.989188 
16.9 0.972324 
17 0.955878 
17.1 0.939837 
17.2 0.924189 
17.3 0.908923 
17.4 0.894029 
17.5 0.879495 
17.6 0.865311 
17.7 0.851467 
17.8 0.837953 
17.9 0.824758 
18 0.811875 
18.1 0.799292 
18.2 0.787002 
18.3 0.774994 
18.4 0.763261 
18.5 0.751793 
18.6 0.740582 
18.7 0.72962 
18.8 0.718899 
18.9 0.70841 
19 0.698146 
19.1 0.688099 
19.2 0.678262 
19.3 0.668629 
19.4 0.659192 
19.5 0.649945 
19.6 0.640881 
19.7 0.631995 
19.8 0.623281 
19.9 0.614734 
20 0.606348 
20.1 0.598118 
20.2 0.590041 
20.3 0.582112 
20.4 0.574327 
20.5 0.566682 
20.6 0.559174 
20.7 0.5518 
20.8 0.544555 
20.9 0.537439 
21 0.530447 
21.1 0.523577 
21.2 0.516828 
21.3 0.510196 
21.4 0.503679 
21.5 0.497276 
21.6 0.490984 
21.7 0.484801 
21.8 0.478724 
21.9 0.472753 
22 0.466885 
22.1 0.461117 
22.2 0.455449 
22.3 0.449877 
22.4 0.444399 
22.5 0.439014 
22.6 0.433718 
22.7 0.428511 
22.8 0.423389 
22.9 0.418351 
23 0.413393 
23.1 0.408514 
23.2 0.403712 
23.3 0.398984 
23.4 0.394328 
23.5 0.389741 
23.6 0.385223 
23.7 0.38077 
23.8 0.376381 
23.9 0.372054 
24 0.367788 
24.1 0.36358 
24.2 0.359428 
24.3 0.355333 
24.4 0.351292 
24.5 0.347304 
24.6 0.343368 
24.7 0.339483 
24.8 0.335648 
24.9 0.331863 
25 0.328127 
25.1 0.324439 
25.2 0.320799 
25.3 0.317206 
25.4 0.313661 
25.5 0.310162 
25.6 0.306709 
25.7 0.303303 
25.8 0.299942 
25.9 0.296628 
26 0.293359 
26.1 0.290135 
26.2 0.286955 
26.3 0.283821 
26.4 0.280731 
26.5 0.277684 
26.6 0.274681 
26.7 0.27172 
26.8 0.268802 
26.9 0.265925 
27 0.263089 
27.1 0.260294 
27.2 0.257538 
27.3 0.25482 
27.4 0.25214 
27.5 0.249497 
27.6 0.246891 
27.7 0.244319 
27.8 0.241782 
27.9 0.239278 
28 0.236806 
28.1 0.234366 
28.2 0.231957 
28.3 0.229578 
28.4 0.227228 
28.5 0.224906 
28.6 0.222613 
28.7 0.220346 
28.8 0.218106 
28.9 0.215893 
29 0.213705 
29.1 0.211542 
29.2 0.209404 
29.3 0.207291 
29.4 0.205202 
29.5 0.203137 
29.6 0.201097 
29.7 0.19908 
29.8 0.197087 
29.9 0.195118 
30 0.193173 
30.1 0.191252 
30.2 0.189354 
30.3 0.18748 
30.4 0.18563 
30.5 0.183803 
30.6 0.182 
30.7 0.180221 
30.8 0.178465 
30.9 0.176733 
31 0.175023 
31.1 0.173337 
31.2 0.171673 
31.3 0.170033 
31.4 0.168414 
31.5 0.166817 
31.6 0.165243 
31.7 0.163689 
31.8 0.162157 
31.9 0.160644 
32 0.159152 
32.1 0.15768 
32.2 0.156227 
32.3 0.154793 
32.4 0.153377 
32.5 0.151979 
32.6 0.150598 
32.7 0.149234 
32.8 0.147886 
32.9 0.146555 
33 0.14524 
33.1 0.14394 
33.2 0.142655 
33.3 0.141384 
33.4 0.140128 
33.5 0.138886 
33.6 0.137659 
33.7 0.136445 
33.8 0.135244 
33.9 0.134057 
34 0.132884 
34.1 0.131723 
34.2 0.130576 
34.3 0.129442 
34.4 0.128321 
34.5 0.127212 
34.6 0.126117 
34.7 0.125035 
34.8 0.123966 
34.9 0.12291 
35 0.121866 
35.1 0.120836 
35.2 0.119818 
35.3 0.118813 
35.4 0.117821 
35.5 0.116842 
35.6 0.115875 
35.7 0.11492 
35.8 0.113978 
35.9 0.113048 
36 0.11213 
36.1 0.111224 
36.2 0.11033 
36.3 0.109447 
36.4 0.108576 
36.5 0.107716 
36.6 0.106866 
36.7 0.106027 
36.8 0.105199 
36.9 0.104381 
37 0.103572 
37.1 0.102774 
37.2 0.101984 
37.3 0.101205 
37.4 0.100434 
37.5 0.0996716 
37.6 0.0989182 
37.7 0.0981732 
37.8 0.0974366 
37.9 0.096708 
38 0.0959874 
38.1 0.0952746 
38.2 0.0945696 
38.3 0.0938722 
38.4 0.0931822 
38.5 0.0924997 
38.6 0.0918246 
38.7 0.0911568 
38.8 0.0904961 
38.9 0.0898427 
39 0.0891965 
39.1 0.0885573 
39.2 0.0879252 
39.3 0.0873002 
39.4 0.0866822 
39.5 0.0860712 
39.6 0.0854672 
39.7 0.0848701 
39.8 0.0842798 
39.9 0.0836964 
40 0.0831198 
40.1 0.08255 
40.2 0.0819868 
40.3 0.0814302 
40.4 0.0808802 
40.5 0.0803367 
40.6 0.0797995 
40.7 0.0792686 
40.8 0.0787439 
40.9 0.0782253 
41 0.0777127 
41.1 0.077206 
41.2 0.0767051 
41.3 0.0762099 
41.4 0.0757202 
41.5 0.0752359 
41.6 0.074757 
41.7 0.0742834 
41.8 0.0738148 
41.9 0.0733514 
42 0.0728928 
42.1 0.0724391 
42.2 0.0719901 
42.3 0.0715458 
42.4 0.071106 
42.5 0.0706708 
42.6 0.0702401 
42.7 0.0698137 
42.8 0.0693916 
42.9 0.0689738 
43 0.0685602 
43.1 0.0681508 
43.2 0.0677455 
43.3 0.0673443 
43.4 0.0669471 
43.5 0.066554 
43.6 0.0661649 
43.7 0.0657797 
43.8 0.0653985 
43.9 0.0650211 
44 0.0646476 
44.1 0.0642779 
44.2 0.0639121 
44.3 0.06355 
44.4 0.0631916 
44.5 0.0628369 
44.6 0.0624858 
44.7 0.0621384 
44.8 0.0617945 
44.9 0.0614542 
45 0.0611173 
45.1 0.0607838 
45.2 0.0604537 
45.3 0.0601269 
45.4 0.0598034 
45.5 0.0594831 
45.6 0.0591659 
45.7 0.0588519 
45.8 0.0585409 
45.9 0.058233 
46 0.057928 
46.1 0.0576259 
46.2 0.0573267 
46.3 0.0570303 
46.4 0.0567367 
46.5 0.0564458 
46.6 0.0561577 
46.7 0.0558722 
46.8 0.0555894 
46.9 0.0553092 
47 0.0550316 
47.1 0.0547565 
47.2 0.054484 
47.3 0.054214 
47.4 0.0539466 
47.5 0.0536816 
47.6 0.053419 
47.7 0.0531589 
47.8 0.0529012 
47.9 0.052646 
48 0.0523931 
48.1 0.0521426 
48.2 0.0518945 
48.3 0.0516486 
48.4 0.0514051 
48.5 0.0511639 
48.6 0.0509249 
48.7 0.0506882 
48.8 0.0504537 
48.9 0.0502213 
49 0.0499911 
49.1 0.0497629 
49.2 0.0495369 
49.3 0.0493129 
49.4 0.0490909 
49.5 0.0488708 
49.6 0.0486527 
49.7 0.0484365 
49.8 0.0482221 
49.9 0.0480095 
50 0.0477987 
50.1 0.0475897 
50.2 0.0473823 
50.3 0.0471767 
50.4 0.0469727 
50.5 0.0467703 
50.6 0.0465696 
50.7 0.0463704 
50.8 0.0461728 
50.9 0.0459767 
51 0.0457821 
51.1 0.0455891 
51.2 0.0453975 
51.3 0.0452075 
51.4 0.0450189 
51.5 0.0448319 
51.6 0.0446463 
51.7 0.0444622 
51.8 0.0442796 
51.9 0.0440985 
52 0.0439188 
52.1 0.0437407 
52.2 0.0435641 
52.3 0.0433889 
52.4 0.0432152 
52.5 0.0430431 
52.6 0.0428724 
52.7 0.0427032 
52.8 0.0425355 
52.9 0.0423692 
53 0.0422044 
53.1 0.0420411 
53.2 0.0418792 
53.3 0.0417188 
53.4 0.0415597 
53.5 0.041402 
53.6 0.0412457 
53.7 0.0410907 
53.8 0.040937 
53.9 0.0407845 
54 0.0406334 
54.1 0.0404834 
54.2 0.0403346 
54.3 0.040187 
54.4 0.0400405 
54.5 0.0398951 
54.6 0.0397508 
54.7 0.0396075 
54.8 0.0394652 
54.9 0.0393239 
55 0.0391835 
55.1 0.0390441 
55.2 0.0389056 
55.3 0.038768 
55.4 0.0386312 
55.5 0.0384953 
55.6 0.0383603 
55.7 0.0382261 
55.8 0.0380927 
55.9 0.0379602 
56 0.0378285 
56.1 0.0376977 
56.2 0.0375677 
56.3 0.0374385 
56.4 0.0373102 
56.5 0.0371828 
56.6 0.0370563 
56.7 0.0369306 
56.8 0.0368058 
56.9 0.0366819 
57 0.0365589 
57.1 0.0364369 
57.2 0.0363158 
57.3 0.0361956 
57.4 0.0360764 
57.5 0.0359581 
57.6 0.0358408 
57.7 0.0357244 
57.8 0.035609 
57.9 0.0354945 
58 0.035381 
58.1 0.0352684 
58.2 0.0351568 
58.3 0.035046 
58.4 0.0349362 
58.5 0.0348272 
58.6 0.0347191 
58.7 0.0346119 
58.8 0.0345054 
58.9 0.0343998 
59 0.0342949 
59.1 0.0341908 
59.2 0.0340874 
59.3 0.0339847 
59.4 0.0338826 
59.5 0.0337813 
59.6 0.0336805 
59.7 0.0335803 
59.8 0.0334808 
59.9 0.0333817 
60 0.0332833 
60.1 0.0331853 
60.2 0.0330879 
60.3 0.0329909 
60.4 0.0328944 
60.5 0.0327984 
60.6 0.0327029 
60.7 0.0326078 
60.8 0.0325132 
60.9 0.0324191 
61 0.0323254 
61.1 0.0322322 
61.2 0.0321395 
61.3 0.0320473 
61.4 0.0319555 
61.5 0.0318643 
61.6 0.0317735 
61.7 0.0316833 
61.8 0.0315936 
61.9 0.0315045 
62 0.0314159 
62.1 0.0313279 
62.2 0.0312405 
62.3 0.0311536 
62.4 0.0310673 
62.5 0.0309817 
62.6 0.0308966 
62.7 0.0308122 
62.8 0.0307283 
62.9 0.0306451 
63 0.0305625 
63.1 0.0304804 
63.2 0.030399 
63.3 0.0303182 
63.4 0.0302379 
63.5 0.0301583 
63.6 0.0300791 
63.7 0.0300006 
63.8 0.0299225 
63.9 0.029845 
64 0.0297679 
64.1 0.0296914 
64.2 0.0296153 
64.3 0.0295396 
64.4 0.0294644 
64.5 0.0293895 
64.6 0.0293151 
64.7 0.029241 
64.8 0.0291672 
64.9 0.0290938 
65 0.0290207 
65.1 0.0289479 
65.2 0.0288754 
65.3 0.0288032 
65.4 0.0287312 
65.5 0.0286595 
65.6 0.028588 
65.7 0.0285168 
65.8 0.0284458 
65.9 0.0283751 
66 0.0283046 
66.1 0.0282344 
66.2 0.0281644 
66.3 0.0280946 
66.4 0.0280251 
66.5 0.0279559 
66.6 0.0278869 
66.7 0.0278182 
66.8 0.0277497 
66.9 0.0276816 
67 0.0276138 
67.1 0.0275463 
67.2 0.027479 
67.3 0.0274122 
67.4 0.0273456 
67.5 0.0272794 
67.6 0.0272135 
67.7 0.027148 
67.8 0.0270828 
67.9 0.027018 
68 0.0269536 
68.1 0.0268895 
68.2 0.0268257 
68.3 0.0267624 
68.4 0.0266993 
68.5 0.0266367 
68.6 0.0265743 
68.7 0.0265123 
68.8 0.0264506 
68.9 0.0263893 
69 0.0263282 
69.1 0.0262675 
69.2 0.026207 
69.3 0.0261468 
69.4 0.0260869 
69.5 0.0260272 
69.6 0.0259677 
69.7 0.0259085 
69.8 0.0258494 
69.9 0.0257906 
70 0.0257319 
70.1 0.0256735 
70.2 0.0256151 
70.3 0.0255569 
70.4 0.0254989 
70.5 0.025441 
70.6 0.0253832 
70.7 0.0253255 
70.8 0.025268 
70.9 0.0252105 
71 0.0251532 
71.1 0.0250959 
71.2 0.0250388 
71.3 0.0249817 
71.4 0.0249248 
71.5 0.0248679 
71.6 0.0248111 
71.7 0.0247545 
71.8 0.024698 
71.9 0.0246415 
72 0.0245852 
72.1 0.024529 
72.2 0.024473 
72.3 0.024417 
72.4 0.0243612 
72.5 0.0243056 
72.6 0.0242501 
72.7 0.0241948 
72.8 0.0241396 
72.9 0.0240846 
73 0.0240297 
73.1 0.023975 
73.2 0.0239205 
73.3 0.0238662 
73.4 0.023812 
73.5 0.023758 
73.6 0.0237042 
73.7 0.0236505 
73.8 0.0235971 
73.9 0.0235437 
74 0.0234906 
74.1 0.0234376 
74.2 0.0233848 
74.3 0.0233321 
74.4 0.0232795 
74.5 0.0232271 
74.6 0.0231748 
74.7 0.0231227 
74.8 0.0230706 
74.9 0.0230187 
75 0.0229668 
75.1 0.0229151 
75.2 0.0228634 
75.3 0.0228118 
75.4 0.0227602 
75.5 0.0227088 
75.6 0.0226573 
75.7 0.022606 
75.8 0.0225546 
75.9 0.0225033 
76 0.022452 
76.1 0.0224008 
76.2 0.0223496 
76.3 0.0222983 
76.4 0.0222472 
76.5 0.022196 
76.6 0.0221448 
76.7 0.0220937 
76.8 0.0220425 
76.9 0.0219914 
77 0.0219403 
77.1 0.0218892 
77.2 0.0218381 
77.3 0.021787 
77.4 0.021736 
77.5 0.021685 
77.6 0.021634 
77.7 0.021583 
77.8 0.0215321 
77.9 0.0214812 
78 0.0214303 
78.1 0.0213795 
78.2 0.0213287 
78.3 0.021278 
78.4 0.0212273 
78.5 0.0211767 
78.6 0.0211261 
78.7 0.0210756 
78.8 0.0210252 
78.9 0.0209748 
79 0.0209244 
79.1 0.0208741 
79.2 0.0208239 
79.3 0.0207737 
79.4 0.0207236 
79.5 0.0206735 
79.6 0.0206234 
79.7 0.0205735 
79.8 0.0205235 
79.9 0.0204736 
80 0.0204238 
80.1 0.020374 
80.2 0.0203242 
80.3 0.0202744 
80.4 0.0202247 
80.5 0.020175 
80.6 0.0201253 
80.7 0.0200757 
80.8 0.020026 
80.9 0.0199764 
81 0.0199267 
81.1 0.0198771 
81.2 0.0198274 
81.3 0.0197778 
81.4 0.0197281 
81.5 0.0196785 
81.6 0.0196288 
81.7 0.0195791 
81.8 0.0195294 
81.9 0.0194797 
82 0.01943 
82.1 0.0193802 
82.2 0.0193305 
82.3 0.0192807 
82.4 0.0192309 
82.5 0.0191811 
82.6 0.0191312 
82.7 0.0190814 
82.8 0.0190315 
82.9 0.0189817 
83 0.0189318 
83.1 0.0188819 
83.2 0.018832 
83.3 0.0187821 
83.4 0.0187322 
83.5 0.0186823 
83.6 0.0186323 
83.7 0.0185824 
83.8 0.0185325 
83.9 0.0184826 
84 0.0184327 
84.1 0.0183828 
84.2 0.0183329 
84.3 0.018283 
84.4 0.0182332 
84.5 0.0181833 
84.6 0.0181335 
84.7 0.0180836 
84.8 0.0180338 
84.9 0.017984 
85 0.0179342 
85.1 0.0178845 
85.2 0.0178347 
85.3 0.0177849 
85.4 0.0177352 
85.5 0.0176855 
85.6 0.0176358 
85.7 0.0175861 
85.8 0.0175364 
85.9 0.0174867 
86 0.017437 
86.1 0.0173874 
86.2 0.0173377 
86.3 0.0172881 
86.4 0.0172385 
86.5 0.0171888 
86.6 0.0171392 
86.7 0.0170896 
86.8 0.01704 
86.9 0.0169904 
87 0.0169408 
87.1 0.0168912 
87.2 0.0168416 
87.3 0.016792 
87.4 0.0167425 
87.5 0.0166929 
87.6 0.0166434 
87.7 0.0165938 
87.8 0.0165443 
87.9 0.0164948 
88 0.0164452 
88.1 0.0163957 
88.2 0.0163462 
88.3 0.0162968 
88.4 0.0162473 
88.5 0.0161979 
88.6 0.0161485 
88.7 0.0160991 
88.8 0.0160497 
88.9 0.0160003 
89 0.015951 
89.1 0.0159017 
89.2 0.0158524 
89.3 0.0158032 
89.4 0.0157539 
89.5 0.0157048 
89.6 0.0156556 
89.7 0.0156065 
89.8 0.0155574 
89.9 0.0155084 
90 0.0154594 
90.1 0.0154104 
90.2 0.0153615 
90.3 0.0153127 
90.4 0.0152638 
90.5 0.0152151 
90.6 0.0151663 
90.7 0.0151176 
90.8 0.015069 
90.9 0.0150204 
91 0.0149719 
91.1 0.0149234 
91.2 0.0148749 
91.3 0.0148266 
91.4 0.0147782 
91.5 0.01473 
91.6 0.0146818 
91.7 0.0146336 
91.8 0.0145855 
91.9 0.0145375 
92 0.0144895 
92.1 0.0144416 
92.2 0.0143937 
92.3 0.0143459 
92.4 0.0142982 
92.5 0.0142505 
92.6 0.0142029 
92.7 0.0141554 
92.8 0.014108 
92.9 0.0140606 
93 0.0140133 
93.1 0.0139661 
93.2 0.013919 
93.3 0.0138719 
93.4 0.0138249 
93.5 0.0137781 
93.6 0.0137313 
93.7 0.0136846 
93.8 0.0136379 
93.9 0.0135914 
94 0.013545 
94.1 0.0134987 
94.2 0.0134525 
94.3 0.0134064 
94.4 0.0133604 
94.5 0.0133145 
94.6 0.0132687 
94.7 0.013223 
94.8 0.0131775 
94.9 0.013132 
95 0.0130867 
95.1 0.0130415 
95.2 0.0129964 
95.3 0.0129515 
95.4 0.0129067 
95.5 0.012862 
95.6 0.0128175 
95.7 0.012773 
95.8 0.0127288 
95.9 0.0126846 
96 0.0126406 
96.1 0.0125968 
96.2 0.0125531 
96.3 0.0125095 
96.4 0.0124661 
96.5 0.0124228 
96.6 0.0123797 
96.7 0.0123367 
96.8 0.0122939 
96.9 0.0122512 
97 0.0122087 
97.1 0.0121663 
97.2 0.0121241 
97.3 0.0120821 
97.4 0.0120402 
97.5 0.0119985 
97.6 0.0119569 
97.7 0.0119156 
97.8 0.0118744 
97.9 0.0118333 
98 0.0117925 
98.1 0.0117518 
98.2 0.0117113 
98.3 0.0116709 
98.4 0.0116308 
98.5 0.0115908 
98.6 0.011551 
98.7 0.0115114 
98.8 0.011472 
98.9 0.0114328 
99 0.0113938 
99.1 0.011355 
99.2 0.0113164 
99.3 0.011278 
99.4 0.0112398 
99.5 0.0112018 
99.6 0.011164 
99.7 0.0111264 
99.8 0.0110891 
99.9 0.011052 
100 0.0110151 
100.1 0.0109784 
100.2 0.010942 
100.3 0.0109058 
100.4 0.0108698 
100.5 0.0108341 
100.6 0.0107986 
100.7 0.0107634 
100.8 0.0107284 
100.9 0.0106937 
101 0.0106593 
101.1 0.010625 
101.2 0.0105911 
101.3 0.0105574 
101.4 0.010524 
101.5 0.0104909 
101.6 0.010458 
101.7 0.0104254 
101.8 0.0103931 
101.9 0.0103611 
102 0.0103294 
102.1 0.0102979 
102.2 0.0102668 
102.3 0.0102359 
102.4 0.0102053 
102.5 0.010175 
102.6 0.010145 
102.7 0.0101153 
102.8 0.010086 
102.9 0.0100569 
103 0.0100281 
103.1 0.00999965 
103.2 0.00997149 
103.3 0.00994365 
103.4 0.00991612 
103.5 0.00988891 
103.6 0.00986201 
103.7 0.00983544 
103.8 0.00980919 
103.9 0.00978326 
104 0.00975766 
104.1 0.00973238 
104.2 0.00970744 
104.3 0.00968282 
104.4 0.00965854 
104.5 0.0096346 
104.6 0.009611 
104.7 0.00958774 
104.8 0.00956482 
104.9 0.00954224 
105 0.00952002 
105.1 0.00949814 
105.2 0.00947662 
105.3 0.00945545 
105.4 0.00943465 
105.5 0.0094142 
105.6 0.00939412 
105.7 0.0093744 
105.8 0.00935505 
105.9 0.00933608 
106 0.00931748 
106.1 0.00929926 
106.2 0.00928142 
106.3 0.00926397 
106.4 0.0092469 
106.5 0.00923022 
106.6 0.00921394 
106.7 0.00919806 
106.8 0.00918257 
106.9 0.00916749 
107 0.00915281 
107.1 0.00913855 
107.2 0.0091247 
107.3 0.00911126 
107.4 0.00909825 
107.5 0.00908565 
107.6 0.00907348 
107.7 0.00906175 
107.8 0.00905044 
107.9 0.00903957 
108 0.00902913 
108.1 0.00901914 
108.2 0.00900959 
108.3 0.00900048 
108.4 0.00899183 
108.5 0.00898363 
108.6 0.00897588 
108.7 0.00896859 
108.8 0.00896177 
108.9 0.0089554 
109 0.0089495 
109.1 0.00894407 
109.2 0.00893911 
109.3 0.00893462 
109.4 0.0089306 
109.5 0.00892707 
109.6 0.00892401 
109.7 0.00892143 
109.8 0.00891934 
109.9 0.00891774 
110 0.00891662 
110.1 0.00891599 
110.2 0.00891586 
110.3 0.00891621 
110.4 0.00891707 
110.5 0.00891842 
110.6 0.00892027 
110.7 0.00892263 
110.8 0.00892549 
110.9 0.00892885 
111 0.00893272 
111.1 0.0089371 
111.2 0.008942 
111.3 0.0089474 
111.4 0.00895332 
111.5 0.00895976 
111.6 0.00896672 
111.7 0.0089742 
111.8 0.0089822 
111.9 0.00899072 
112 0.00899977 
112.1 0.00900936 
112.2 0.00901947 
112.3 0.00903011 
112.4 0.0090413 
112.5 0.00905301 
112.6 0.00906527 
112.7 0.00907807 
112.8 0.00909141 
112.9 0.0091053 
113 0.00911974 
113.1 0.00913473 
113.2 0.00915027 
113.3 0.00916636 
113.4 0.00918301 
113.5 0.00920023 
113.6 0.009218 
113.7 0.00923634 
113.8 0.00925524 
113.9 0.00927472 
114 0.00929476 
114.1 0.00931538 
114.2 0.00933658 
114.3 0.00935835 
114.4 0.00938071 
114.5 0.00940365 
114.6 0.00942717 
114.7 0.00945129 
114.8 0.00947599 
114.9 0.00950129 
115 0.00952718 
115.1 0.00955367 
115.2 0.00958075 
115.3 0.00960844 
115.4 0.00963674 
115.5 0.00966564 
115.6 0.00969514 
115.7 0.00972526 
115.8 0.00975599 
115.9 0.00978734 
116 0.0098193 
116.1 0.00985188 
116.2 0.00988508 
116.3 0.0099189 
116.4 0.00995335 
116.5 0.00998842 
116.6 0.0100241 
116.7 0.0100604 
116.8 0.0100974 
116.9 0.010135 
117 0.0101732 
117.1 0.0102121 
117.2 0.0102516 
117.3 0.0102917 
117.4 0.0103325 
117.5 0.0103739 
117.6 0.010416 
117.7 0.0104587 
117.8 0.010502 
117.9 0.010546 
118 0.0105907 
118.1 0.010636 
118.2 0.0106819 
118.3 0.0107285 
118.4 0.0107758 
118.5 0.0108237 
118.6 0.0108723 
118.7 0.0109215 
118.8 0.0109713 
118.9 0.0110219 
119 0.0110731 
119.1 0.0111249 
119.2 0.0111774 
119.3 0.0112306 
119.4 0.0112844 
119.5 0.0113389 
119.6 0.0113941 
119.7 0.0114499 
119.8 0.0115064 
119.9 0.0115636 
120 0.0116214 
120.1 0.0116799 
120.2 0.0117391 
120.3 0.0117989 
120.4 0.0118595 
120.5 0.0119207 
120.6 0.0119825 
120.7 0.0120451 
120.8 0.0121083 
120.9 0.0121722 
121 0.0122367 
121.1 0.012302 
121.2 0.0123679 
121.3 0.0124345 
121.4 0.0125018 
121.5 0.0125698 
121.6 0.0126384 
121.7 0.0127077 
121.8 0.0127778 
121.9 0.0128485 
122 0.0129198 
122.1 0.0129919 
122.2 0.0130647 
122.3 0.0131381 
122.4 0.0132123 
122.5 0.0132871 
122.6 0.0133626 
122.7 0.0134388 
122.8 0.0135157 
122.9 0.0135933 
123 0.0136716 
123.1 0.0137506 
123.2 0.0138302 
123.3 0.0139106 
123.4 0.0139917 
123.5 0.0140734 
123.6 0.0141559 
123.7 0.014239 
123.8 0.0143228 
123.9 0.0144074 
124 0.0144926 
124.1 0.0145786 
124.2 0.0146652 
124.3 0.0147525 
124.4 0.0148406 
124.5 0.0149293 
124.6 0.0150187 
124.7 0.0151089 
124.8 0.0151997 
124.9 0.0152912 
125 0.0153834 
125.1 0.0154764 
125.2 0.01557 
125.3 0.0156643 
125.4 0.0157593 
125.5 0.0158551 
125.6 0.0159515 
125.7 0.0160486 
125.8 0.0161464 
125.9 0.016245 
126 0.0163442 
126.1 0.0164441 
126.2 0.0165447 
126.3 0.016646 
126.4 0.016748 
126.5 0.0168507 
126.6 0.0169541 
126.7 0.0170582 
126.8 0.017163 
126.9 0.0172685 
127 0.0173747 
127.1 0.0174816 
127.2 0.0175891 
127.3 0.0176974 
127.4 0.0178063 
127.5 0.017916 
127.6 0.0180263 
127.7 0.0181373 
127.8 0.018249 
127.9 0.0183614 
128 0.0184745 
128.1 0.0185883 
128.2 0.0187027 
128.3 0.0188179 
128.4 0.0189337 
128.5 0.0190502 
128.6 0.0191674 
128.7 0.0192853 
128.8 0.0194038 
128.9 0.019523 
129 0.0196429 
129.1 0.0197635 
129.2 0.0198847 
129.3 0.0200067 
129.4 0.0201293 
129.5 0.0202525 
129.6 0.0203765 
129.7 0.0205011 
129.8 0.0206264 
129.9 0.0207523 
130 0.0208789 
130.1 0.0210062 
130.2 0.0211341 
130.3 0.0212628 
130.4 0.021392 
130.5 0.0215219 
130.6 0.0216525 
130.7 0.0217837 
130.8 0.0219156 
130.9 0.0220482 
131 0.0221814 
131.1 0.0223152 
131.2 0.0224497 
131.3 0.0225849 
131.4 0.0227207 
131.5 0.0228571 
131.6 0.0229942 
131.7 0.0231319 
131.8 0.0232703 
131.9 0.0234093 
132 0.0235489 
132.1 0.0236892 
132.2 0.0238301 
132.3 0.0239716 
132.4 0.0241138 
132.5 0.0242565 
132.6 0.0244 
132.7 0.024544 
132.8 0.0246887 
132.9 0.0248339 
133 0.0249798 
133.1 0.0251264 
133.2 0.0252735 
133.3 0.0254212 
133.4 0.0255696 
133.5 0.0257186 
133.6 0.0258681 
133.7 0.0260183 
133.8 0.0261691 
133.9 0.0263205 
134 0.0264724 
134.1 0.026625 
134.2 0.0267782 
134.3 0.0269319 
134.4 0.0270863 
134.5 0.0272412 
134.6 0.0273967 
134.7 0.0275528 
134.8 0.0277095 
134.9 0.0278667 
135 0.0280245 
135.1 0.0281829 
135.2 0.0283419 
135.3 0.0285014 
135.4 0.0286615 
135.5 0.0288222 
135.6 0.0289834 
135.7 0.0291452 
135.8 0.0293075 
135.9 0.0294704 
136 0.0296338 
136.1 0.0297978 
136.2 0.0299623 
136.3 0.0301274 
136.4 0.030293 
136.5 0.0304591 
136.6 0.0306258 
136.7 0.030793 
136.8 0.0309607 
136.9 0.0311289 
137 0.0312977 
137.1 0.0314669 
137.2 0.0316367 
137.3 0.031807 
137.4 0.0319779 
137.5 0.0321492 
137.6 0.032321 
137.7 0.0324933 
137.8 0.0326661 
137.9 0.0328394 
138 0.0330132 
138.1 0.0331875 
138.2 0.0333623 
138.3 0.0335375 
138.4 0.0337132 
138.5 0.0338894 
138.6 0.0340661 
138.7 0.0342432 
138.8 0.0344208 
138.9 0.0345989 
139 0.0347774 
139.1 0.0349563 
139.2 0.0351358 
139.3 0.0353156 
139.4 0.0354959 
139.5 0.0356767 
139.6 0.0358578 
139.7 0.0360394 
139.8 0.0362215 
139.9 0.036404 
140 0.0365868 
140.1 0.0367701 
140.2 0.0369539 
140.3 0.037138 
140.4 0.0373225 
140.5 0.0375075 
140.6 0.0376928 
140.7 0.0378785 
140.8 0.0380647 
140.9 0.0382512 
141 0.0384381 
141.1 0.0386254 
141.2 0.038813 
141.3 0.0390011 
141.4 0.0391895 
141.5 0.0393782 
141.6 0.0395674 
141.7 0.0397569 
141.8 0.0399467 
141.9 0.0401369 
142 0.0403274 
142.1 0.0405183 
142.2 0.0407095 
142.3 0.0409011 
142.4 0.041093 
142.5 0.0412852 
142.6 0.0414777 
142.7 0.0416706 
142.8 0.0418637 
142.9 0.0420572 
143 0.042251 
143.1 0.0424451 
143.2 0.0426394 
143.3 0.0428341 
143.4 0.0430291 
143.5 0.0432243 
143.6 0.0434198 
143.7 0.0436156 
143.8 0.0438117 
143.9 0.0440081 
144 0.0442047 
144.1 0.0444015 
144.2 0.0445986 
144.3 0.044796 
144.4 0.0449936 
144.5 0.0451915 
144.6 0.0453896 
144.7 0.0455879 
144.8 0.0457865 
144.9 0.0459852 
145 0.0461842 
145.1 0.0463834 
145.2 0.0465829 
145.3 0.0467825 
145.4 0.0469823 
145.5 0.0471824 
145.6 0.0473826 
145.7 0.047583 
145.8 0.0477836 
145.9 0.0479844 
146 0.0481853 
146.1 0.0483864 
146.2 0.0485877 
146.3 0.0487891 
146.4 0.0489907 
146.5 0.0491925 
146.6 0.0493944 
146.7 0.0495964 
146.8 0.0497986 
146.9 0.0500009 
147 0.0502033 
147.1 0.0504059 
147.2 0.0506086 
147.3 0.0508114 
147.4 0.0510143 
147.5 0.0512173 
147.6 0.0514204 
147.7 0.0516236 
147.8 0.0518269 
147.9 0.0520302 
148 0.0522337 
148.1 0.0524372 
148.2 0.0526408 
148.3 0.0528445 
148.4 0.0530482 
148.5 0.053252 
148.6 0.0534558 
148.7 0.0536597 
148.8 0.0538636 
148.9 0.0540675 
149 0.0542715 
149.1 0.0544755 
149.2 0.0546796 
149.3 0.0548836 
149.4 0.0550877 
149.5 0.0552917 
149.6 0.0554958 
149.7 0.0556999 
149.8 0.0559039 
149.9 0.056108 
150 0.056312 
150.1 0.056516 
150.2 0.05672 
150.3 0.0569239 
150.4 0.0571278 
150.5 0.0573317 
150.6 0.0575355 
150.7 0.0577392 
150.8 0.0579429 
150.9 0.0581465 
151 0.0583501 
151.1 0.0585536 
151.2 0.058757 
151.3 0.0589603 
151.4 0.0591636 
151.5 0.0593667 
151.6 0.0595698 
151.7 0.0597727 
151.8 0.0599756 
151.9 0.0601783 
152 0.0603809 
152.1 0.0605834 
152.2 0.0607857 
152.3 0.0609879 
152.4 0.06119 
152.5 0.0613919 
152.6 0.0615937 
152.7 0.0617953 
152.8 0.0619968 
152.9 0.0621981 
153 0.0623992 
153.1 0.0626002 
153.2 0.062801 
153.3 0.0630015 
153.4 0.0632019 
153.5 0.0634021 
153.6 0.0636021 
153.7 0.0638019 
153.8 0.0640015 
153.9 0.0642009 
154 0.0644 
154.1 0.064599 
154.2 0.0647976 
154.3 0.0649961 
154.4 0.0651943 
154.5 0.0653923 
154.6 0.06559 
154.7 0.0657874 
154.8 0.0659846 
154.9 0.0661815 
155 0.0663782 
155.1 0.0665746 
155.2 0.0667706 
155.3 0.0669664 
155.4 0.0671619 
155.5 0.0673572 
155.6 0.0675521 
155.7 0.0677467 
155.8 0.0679409 
155.9 0.0681349 
156 0.0683286 
156.1 0.0685219 
156.2 0.0687149 
156.3 0.0689075 
156.4 0.0690998 
156.5 0.0692917 
156.6 0.0694833 
156.7 0.0696746 
156.8 0.0698654 
156.9 0.0700559 
157 0.0702461 
157.1 0.0704358 
157.2 0.0706252 
157.3 0.0708142 
157.4 0.0710028 
157.5 0.0711909 
157.6 0.0713787 
157.7 0.0715661 
157.8 0.071753 
157.9 0.0719396 
158 0.0721257 
158.1 0.0723114 
158.2 0.0724966 
158.3 0.0726814 
158.4 0.0728658 
158.5 0.0730497 
158.6 0.0732332 
158.7 0.0734162 
158.8 0.0735987 
158.9 0.0737808 
159 0.0739624 
159.1 0.0741435 
159.2 0.0743241 
159.3 0.0745043 
159.4 0.0746839 
159.5 0.0748631 
159.6 0.0750418 
159.7 0.0752199 
159.8 0.0753975 
159.9 0.0755747 
160 0.0757513 
160.1 0.0759273 
160.2 0.0761029 
160.3 0.0762779 
160.4 0.0764523 
160.5 0.0766262 
160.6 0.0767996 
160.7 0.0769724 
160.8 0.0771447 
160.9 0.0773163 
161 0.0774875 
161.1 0.077658 
161.2 0.077828 
161.3 0.0779973 
161.4 0.0781661 
161.5 0.0783343 
161.6 0.0785019 
161.7 0.0786689 
161.8 0.0788353 
161.9 0.0790011 
162 0.0791663 
162.1 0.0793308 
162.2 0.0794948 
162.3 0.0796581 
162.4 0.0798207 
162.5 0.0799827 
162.6 0.0801441 
162.7 0.0803049 
162.8 0.0804649 
162.9 0.0806244 
163 0.0807831 
163.1 0.0809412 
163.2 0.0810987 
163.3 0.0812554 
163.4 0.0814115 
163.5 0.0815669 
163.6 0.0817216 
163.7 0.0818757 
163.8 0.082029 
163.9 0.0821816 
164 0.0823336 
164.1 0.0824848 
164.2 0.0826353 
164.3 0.0827851 
164.4 0.0829342 
164.5 0.0830825 
164.6 0.0832301 
164.7 0.083377 
164.8 0.0835232 
164.9 0.0836686 
165 0.0838133 
165.1 0.0839572 
165.2 0.0841003 
165.3 0.0842428 
165.4 0.0843844 
165.5 0.0845253 
165.6 0.0846654 
165.7 0.0848048 
165.8 0.0849433 
165.9 0.0850811 
166 0.0852181 
166.1 0.0853543 
166.2 0.0854898 
166.3 0.0856244 
166.4 0.0857582 
166.5 0.0858913 
166.6 0.0860235 
166.7 0.0861549 
166.8 0.0862855 
166.9 0.0864153 
167 0.0865442 
167.1 0.0866724 
167.2 0.0867997 
167.3 0.0869261 
167.4 0.0870518 
167.5 0.0871766 
167.6 0.0873005 
167.7 0.0874236 
167.8 0.0875459 
167.9 0.0876673 
168 0.0877878 
168.1 0.0879075 
168.2 0.0880263 
168.3 0.0881443 
168.4 0.0882614 
168.5 0.0883776 
168.6 0.0884929 
168.7 0.0886074 
168.8 0.0887209 
168.9 0.0888336 
169 0.0889454 
169.1 0.0890563 
169.2 0.0891663 
169.3 0.0892754 
169.4 0.0893837 
169.5 0.089491 
169.6 0.0895973 
169.7 0.0897028 
169.8 0.0898074 
169.9 0.089911 
170 0.0900138 
170.1 0.0901156 
170.2 0.0902165 
170.3 0.0903164 
170.4 0.0904154 
170.5 0.0905135 
170.6 0.0906106 
170.7 0.0907069 
170.8 0.0908021 
170.9 0.0908964 
171 0.0909898 
171.1 0.0910822 
171.2 0.0911737 
171.3 0.0912642 
171.4 0.0913537 
171.5 0.0914423 
171.6 0.0915299 
171.7 0.0916166 
171.8 0.0917023 
171.9 0.091787 
172 0.0918708 
172.1 0.0919535 
172.2 0.0920353 
172.3 0.0921161 
172.4 0.0921959 
172.5 0.0922748 
172.6 0.0923526 
172.7 0.0924295 
172.8 0.0925054 
172.9 0.0925802 
173 0.0926541 
173.1 0.092727 
173.2 0.0927989 
173.3 0.0928697 
173.4 0.0929396 
173.5 0.0930085 
173.6 0.0930763 
173.7 0.0931432 
173.8 0.093209 
173.9 0.0932738 
174 0.0933376 
174.1 0.0934004 
174.2 0.0934622 
174.3 0.0935229 
174.4 0.0935826 
174.5 0.0936413 
174.6 0.093699 
174.7 0.0937556 
174.8 0.0938112 
174.9 0.0938658 
175 0.0939193 
175.1 0.0939718 
175.2 0.0940233 
175.3 0.0940738 
175.4 0.0941231 
175.5 0.0941715 
175.6 0.0942188 
175.7 0.0942651 
175.8 0.0943103 
175.9 0.0943545 
176 0.0943976 
176.1 0.0944397 
176.2 0.0944807 
176.3 0.0945207 
176.4 0.0945596 
176.5 0.0945975 
176.6 0.0946343 
176.7 0.0946701 
176.8 0.0947048 
176.9 0.0947384 
177 0.094771 
177.1 0.0948025 
177.2 0.094833 
177.3 0.0948624 
177.4 0.0948908 
177.5 0.094918 
177.6 0.0949443 
177.7 0.0949694 
177.8 0.0949935 
177.9 0.0950165 
178 0.0950385 
178.1 0.0950594 
178.2 0.0950792 
178.3 0.095098 
178.4 0.0951157 
178.5 0.0951323 
178.6 0.0951478 
178.7 0.0951623 
178.8 0.0951757 
178.9 0.095188 
179 0.0951993 
179.1 0.0952095 
179.2 0.0952186 
179.3 0.0952267 
179.4 0.0952336 
179.5 0.0952395 
179.6 0.0952444 
179.7 0.0952481 
179.8 0.0952508 
