0.1 42.3339 
0.2 43.4239 
0.3 45.0576 
0.4 46.972 
0.5 48.8353 
0.6 50.2992 
0.7 51.0683 
0.8 50.9631 
0.9 49.9558 
1 48.1652 
1.1 45.8138 
1.2 43.1651 
1.3 40.4622 
1.4 37.8866 
1.5 35.5404 
1.6 33.4514 
1.7 31.5914 
1.8 29.9004 
1.9 28.3111 
2 26.7679 
2.1 25.2391 
2.2 23.7199 
2.3 22.2277 
2.4 20.7915 
2.5 19.4406 
2.6 18.1958 
2.7 17.0644 
2.8 16.0404 
2.9 15.1084 
3 14.2483 
3.1 13.4409 
3.2 12.6722 
3.3 11.9351 
3.4 11.2292 
3.5 10.5589 
3.6 9.92993 
3.7 9.34669 
3.8 8.81049 
3.9 8.31901 
4 7.86695 
4.1 7.44749 
4.2 7.05394 
4.3 6.68103 
4.4 6.32568 
4.5 5.98702 
4.6 5.66581 
4.7 5.3634 
4.8 5.08087 
4.9 4.81834 
5 4.57478 
5.1 4.34827 
5.2 4.13637 
5.3 3.93674 
5.4 3.74749 
5.5 3.56748 
5.6 3.39627 
5.7 3.2339 
5.8 3.0806 
5.9 2.93647 
6 2.80127 
6.1 2.67446 
6.2 2.55525 
6.3 2.44279 
6.4 2.33631 
6.5 2.23523 
6.6 2.1392 
6.7 2.04805 
6.8 1.96167 
6.9 1.87995 
7 1.80267 
7.1 1.72953 
7.2 1.66016 
7.3 1.59422 
7.4 1.53143 
7.5 1.47164 
7.6 1.41478 
7.7 1.36082 
7.8 1.30972 
7.9 1.26137 
8 1.21556 
8.1 1.172 
8.2 1.1304 
8.3 1.09048 
8.4 1.05207 
8.5 1.01513 
8.6 0.979735 
8.7 0.945991 
8.8 0.914001 
8.9 0.883788 
9 0.855258 
9.1 0.828208 
9.2 0.802365 
9.3 0.777451 
9.4 0.753259 
9.5 0.729698 
9.6 0.706803 
9.7 0.684711 
9.8 0.663594 
9.9 0.643591 
10 0.624751 
10.1 0.607006 
10.2 0.590182 
10.3 0.574042 
10.4 0.558351 
10.5 0.542942 
10.6 0.527757 
10.7 0.512852 
10.8 0.498371 
10.9 0.484487 
11 0.47134 
11.1 0.458988 
11.2 0.447386 
11.3 0.436393 
11.4 0.425815 
11.5 0.415459 
11.6 0.40519 
11.7 0.394963 
11.8 0.384832 
11.9 0.374925 
12 0.365393 
12.1 0.356364 
12.2 0.347896 
12.3 0.339962 
12.4 0.332452 
12.5 0.325213 
12.6 0.31809 
12.7 0.310972 
12.8 0.303822 
12.9 0.296682 
13 0.289657 
13.1 0.282873 
13.2 0.276438 
13.3 0.270409 
13.4 0.264768 
13.5 0.259436 
13.6 0.254294 
13.7 0.249218 
13.8 0.244118 
13.9 0.238961 
14 0.233779 
14.1 0.228651 
14.2 0.223679 
14.3 0.218953 
14.4 0.214522 
14.5 0.210379 
14.6 0.206468 
14.7 0.202696 
14.8 0.198969 
14.9 0.195213 
15 0.191398 
15.1 0.187545 
15.2 0.183714 
15.3 0.179984 
15.4 0.176427 
15.5 0.173086 
15.6 0.16996 
15.7 0.16701 
15.8 0.164168 
15.9 0.161361 
16 0.158529 
16.1 0.155647 
16.2 0.152726 
16.3 0.14981 
16.4 0.146958 
16.5 0.144227 
16.6 0.141654 
16.7 0.139242 
16.8 0.136965 
16.9 0.134774 
17 0.132613 
17.1 0.130435 
17.2 0.128218 
17.3 0.125968 
17.4 0.123713 
17.5 0.121499 
17.6 0.119369 
17.7 0.117352 
17.8 0.115456 
17.9 0.113664 
18 0.111941 
18.1 0.110246 
18.2 0.108542 
18.3 0.10681 
18.4 0.105051 
18.5 0.103285 
18.6 0.101543 
18.7 0.0998597 
18.8 0.0982574 
18.9 0.0967442 
19 0.0953103 
19.1 0.0939319 
19.2 0.0925791 
19.3 0.0912248 
19.4 0.0898523 
19.5 0.0884601 
19.6 0.0870608 
19.7 0.0856765 
19.8 0.0843311 
19.9 0.0830431 
20 0.08182 
20.1 0.0806568 
20.2 0.0795379 
20.3 0.0784424 
20.4 0.0773502 
20.5 0.0762482 
20.6 0.0751334 
20.7 0.0740132 
20.8 0.0729021 
20.9 0.071817 
21 0.0707718 
21.1 0.069773 
21.2 0.0688186 
21.3 0.0678989 
21.4 0.0669998 
21.5 0.0661073 
21.6 0.0652113 
21.7 0.0643086 
21.8 0.0634029 
21.9 0.0625034 
22 0.0616213 
22.1 0.0607664 
22.2 0.059944 
22.3 0.0591536 
22.4 0.0583896 
22.5 0.0576431 
22.6 0.0569048 
22.7 0.0561676 
22.8 0.0554285 
22.9 0.0546892 
23 0.053955 
23.1 0.0532329 
23.2 0.052529 
23.3 0.0518473 
23.4 0.0511879 
23.5 0.0505477 
23.6 0.0499217 
23.7 0.0493042 
23.8 0.0486906 
23.9 0.0480788 
24 0.0474695 
24.1 0.0468653 
24.2 0.0462701 
24.3 0.0456874 
24.4 0.0451193 
24.5 0.0445661 
24.6 0.0440261 
24.7 0.0434967 
24.8 0.042975 
24.9 0.0424588 
25 0.0419469 
25.1 0.0414396 
25.2 0.0409383 
25.3 0.0404445 
25.4 0.0399596 
25.5 0.0394842 
25.6 0.0390181 
25.7 0.0385603 
25.8 0.0381098 
25.9 0.0376654 
26 0.0372267 
26.1 0.0367937 
26.2 0.0363671 
26.3 0.0359473 
26.4 0.0355347 
26.5 0.0351291 
26.6 0.0347299 
26.7 0.0343361 
26.8 0.0339468 
26.9 0.0335614 
27 0.0331803 
27.1 0.0328043 
27.2 0.0324344 
27.3 0.0320718 
27.4 0.0317169 
27.5 0.0313694 
27.6 0.0310284 
27.7 0.030692 
27.8 0.0303585 
27.9 0.0300267 
28 0.0296962 
28.1 0.0293678 
28.2 0.0290432 
28.3 0.0287243 
28.4 0.0284128 
28.5 0.0281097 
28.6 0.0278145 
28.7 0.0275258 
28.8 0.0272412 
28.9 0.0269583 
29 0.0266753 
29.1 0.0263915 
29.2 0.0261077 
29.3 0.025826 
29.4 0.0255489 
29.5 0.0252788 
29.6 0.0250171 
29.7 0.0247638 
29.8 0.0245175 
29.9 0.0242756 
30 0.0240351 
30.1 0.0237936 
30.2 0.0235499 
30.3 0.0233045 
30.4 0.0230593 
30.5 0.0228171 
30.6 0.0225809 
30.7 0.0223526 
30.8 0.0221329 
30.9 0.0219208 
31 0.0217138 
31.1 0.0215086 
31.2 0.0213024 
31.3 0.0210934 
31.4 0.0208814 
31.5 0.0206677 
31.6 0.0204554 
31.7 0.0202474 
31.8 0.0200464 
31.9 0.0198538 
32 0.0196691 
32.1 0.0194903 
32.2 0.0193144 
32.3 0.0191382 
32.4 0.0189591 
32.5 0.0187762 
32.6 0.0185904 
32.7 0.018404 
32.8 0.0182201 
32.9 0.0180418 
33 0.0178712 
33.1 0.0177085 
33.2 0.0175525 
33.3 0.0174005 
33.4 0.0172492 
33.5 0.0170958 
33.6 0.0169385 
33.7 0.0167774 
33.8 0.0166141 
33.9 0.0164514 
34 0.0162925 
34.1 0.01614 
34.2 0.015995 
34.3 0.0158572 
34.4 0.0157244 
34.5 0.0155937 
34.6 0.015462 
34.7 0.015327 
34.8 0.0151879 
34.9 0.0150454 
35 0.0149017 
35.1 0.0147599 
35.2 0.0146228 
35.3 0.0144924 
35.4 0.014369 
35.5 0.0142514 
35.6 0.0141374 
35.7 0.0140237 
35.8 0.0139079 
35.9 0.0137882 
36 0.0136645 
36.1 0.0135383 
36.2 0.013412 
36.3 0.0132886 
36.4 0.0131704 
36.5 0.0130587 
36.6 0.0129531 
36.7 0.0128522 
36.8 0.0127532 
36.9 0.0126534 
37 0.0125506 
37.1 0.0124439 
37.2 0.0123338 
37.3 0.012222 
37.4 0.0121111 
37.5 0.0120037 
37.6 0.0119017 
37.7 0.0118056 
37.8 0.0117148 
37.9 0.0116273 
38 0.0115406 
38.1 0.0114522 
38.2 0.0113605 
38.3 0.0112651 
38.4 0.011167 
38.5 0.011068 
38.6 0.0109707 
38.7 0.0108772 
38.8 0.0107889 
38.9 0.010706 
39 0.0106273 
39.1 0.0105508 
39.2 0.0104741 
39.3 0.0103954 
39.4 0.0103133 
39.5 0.0102279 
39.6 0.0101405 
39.7 0.0100529 
39.8 0.00996748 
39.9 0.00988593 
40 0.00980921 
40.1 0.00973711 
40.2 0.00966835 
40.3 0.00960096 
40.4 0.00953285 
40.5 0.00946236 
40.6 0.00938875 
40.7 0.00931233 
40.8 0.00923443 
40.9 0.00915693 
41 0.00908178 
41.1 0.00901041 
41.2 0.00894342 
41.3 0.00888033 
41.4 0.00881983 
41.5 0.00876006 
41.6 0.00869922 
41.7 0.00863599 
41.8 0.00856992 
41.9 0.00850153 
42 0.00843213 
42.1 0.00836346 
42.2 0.0082972 
42.3 0.00823449 
42.4 0.00817564 
42.5 0.00812007 
42.6 0.00806647 
42.7 0.00801319 
42.8 0.00795868 
42.9 0.00790188 
43 0.00784258 
43.1 0.00778137 
43.2 0.00771952 
43.3 0.00765858 
43.4 0.00759996 
43.5 0.00754457 
43.6 0.00749256 
43.7 0.00744329 
43.8 0.00739554 
43.9 0.00734785 
44 0.0072989 
44.1 0.00724786 
44.2 0.00719465 
44.3 0.00713988 
44.4 0.0070847 
44.5 0.00703048 
44.6 0.00697842 
44.7 0.00692924 
44.8 0.00688298 
44.9 0.00683903 
45 0.00679629 
45.1 0.00675347 
45.2 0.00670946 
45.3 0.0066636 
45.4 0.00661587 
45.5 0.00656684 
45.6 0.00651755 
45.7 0.00646919 
45.8 0.00642276 
45.9 0.00637885 
46 0.00633747 
46.1 0.00629805 
46.2 0.00625962 
46.3 0.00622108 
46.4 0.00618148 
46.5 0.00614028 
46.6 0.00609747 
46.7 0.00605358 
46.8 0.00600948 
46.9 0.00596621 
47 0.00592463 
47.1 0.00588522 
47.2 0.00584799 
47.3 0.00581244 
47.4 0.00577777 
47.5 0.00574301 
47.6 0.00570736 
47.7 0.00567035 
47.8 0.00563196 
47.9 0.00559264 
48 0.00555314 
48.1 0.00551432 
48.2 0.00547692 
48.3 0.00544138 
48.4 0.0054077 
48.5 0.00537551 
48.6 0.0053441 
48.7 0.00531269 
48.8 0.00528056 
48.9 0.00524731 
49 0.0052129 
49.1 0.00517767 
49.2 0.00514223 
49.3 0.00510731 
49.4 0.00507356 
49.5 0.00504136 
49.6 0.00501076 
49.7 0.00498147 
49.8 0.00495292 
49.9 0.00492446 
50 0.00489548 
50.1 0.0048656 
50.2 0.00483474 
50.3 0.00480316 
50.4 0.00477133 
50.5 0.00473987 
50.6 0.00470932 
50.7 0.00468004 
50.8 0.00465212 
50.9 0.00462536 
51 0.00459932 
51.1 0.00457346 
51.2 0.00454727 
51.3 0.00452039 
51.4 0.00449271 
51.5 0.00446438 
51.6 0.00443578 
51.7 0.0044074 
51.8 0.00437969 
51.9 0.00435299 
52 0.00432744 
52.1 0.00430289 
52.2 0.00427905 
52.3 0.00425548 
52.4 0.00423174 
52.5 0.00420752 
52.6 0.00418266 
52.7 0.00415725 
52.8 0.00413154 
52.9 0.00410592 
53 0.00408076 
53.1 0.00405638 
53.2 0.00403292 
53.3 0.00401035 
53.4 0.00398844 
53.5 0.00396686 
53.6 0.00394528 
53.7 0.00392338 
53.8 0.00390103 
53.9 0.00387821 
54 0.00385509 
54.1 0.00383196 
54.2 0.00380913 
54.3 0.00378685 
54.4 0.0037653 
54.5 0.00374448 
54.6 0.00372427 
54.7 0.00370445 
54.8 0.00368474 
54.9 0.00366488 
55 0.00364471 
55.1 0.00362418 
55.2 0.00360339 
55.3 0.00358252 
55.4 0.0035618 
55.5 0.00354146 
55.6 0.00352166 
55.7 0.00350245 
55.8 0.00348377 
55.9 0.00346549 
56 0.00344739 
56.1 0.00342929 
56.2 0.00341102 
56.3 0.00339251 
56.4 0.00337378 
56.5 0.00335495 
56.6 0.00333618 
56.7 0.00331764 
56.8 0.00329947 
56.9 0.00328175 
57 0.00326447 
57.1 0.00324755 
57.2 0.00323087 
57.3 0.00321428 
57.4 0.00319763 
57.5 0.00318087 
57.6 0.00316396 
57.7 0.00314696 
57.8 0.00312997 
57.9 0.0031131 
58 0.00309648 
58.1 0.00308016 
58.2 0.00306419 
58.3 0.00304852 
58.4 0.00303309 
58.5 0.0030178 
58.6 0.00300255 
58.7 0.00298727 
58.8 0.00297193 
58.9 0.00295654 
59 0.00294115 
59.1 0.00292584 
59.2 0.00291067 
59.3 0.00289571 
59.4 0.00288099 
59.5 0.00286649 
59.6 0.0028522 
59.7 0.00283805 
59.8 0.00282399 
59.9 0.00280998 
60 0.00279597 
60.1 0.00278198 
60.2 0.00276801 
60.3 0.00275411 
60.4 0.0027403 
60.5 0.00272663 
60.6 0.00271312 
60.7 0.00269976 
60.8 0.00268654 
60.9 0.00267343 
61 0.00266042 
61.1 0.00264749 
61.2 0.00263461 
61.3 0.00262179 
61.4 0.00260905 
61.5 0.00259638 
61.6 0.00258382 
61.7 0.00257136 
61.8 0.00255901 
61.9 0.00254676 
62 0.00253459 
62.1 0.00252248 
62.2 0.00251044 
62.3 0.00249845 
62.4 0.00248654 
62.5 0.00247471 
62.6 0.00246298 
62.7 0.00245138 
62.8 0.0024399 
62.9 0.00242855 
63 0.00241729 
63.1 0.00240611 
63.2 0.00239497 
63.3 0.00238385 
63.4 0.00237274 
63.5 0.00236165 
63.6 0.0023506 
63.7 0.00233961 
63.8 0.00232874 
63.9 0.00231801 
64 0.00230744 
64.1 0.00229703 
64.2 0.00228675 
64.3 0.00227657 
64.4 0.00226643 
64.5 0.00225629 
64.6 0.00224612 
64.7 0.00223592 
64.8 0.0022257 
64.9 0.00221549 
65 0.00220536 
65.1 0.00219536 
65.2 0.00218552 
65.3 0.00217588 
65.4 0.00216641 
65.5 0.0021571 
65.6 0.00214787 
65.7 0.00213867 
65.8 0.00212945 
65.9 0.00212015 
66 0.00211079 
66.1 0.00210136 
66.2 0.00209194 
66.3 0.00208258 
66.4 0.00207336 
66.5 0.00206432 
66.6 0.00205549 
66.7 0.00204686 
66.8 0.0020384 
66.9 0.00203004 
67 0.0020217 
67.1 0.00201331 
67.2 0.00200483 
67.3 0.00199625 
67.4 0.00198757 
67.5 0.00197887 
67.6 0.00197022 
67.7 0.00196169 
67.8 0.00195335 
67.9 0.00194523 
68 0.00193734 
68.1 0.00192963 
68.2 0.00192204 
68.3 0.00191448 
68.4 0.00190688 
68.5 0.00189917 
68.6 0.00189132 
68.7 0.00188336 
68.8 0.00187534 
68.9 0.00186733 
69 0.00185943 
69.1 0.0018517 
69.2 0.0018442 
69.3 0.00183694 
69.4 0.00182989 
69.5 0.00182298 
69.6 0.00181613 
69.7 0.00180925 
69.8 0.00180226 
69.9 0.00179513 
70 0.00178786 
70.1 0.00178049 
70.2 0.00177308 
70.3 0.00176575 
70.4 0.00175856 
70.5 0.00175159 
70.6 0.00174486 
70.7 0.00173837 
70.8 0.00173206 
70.9 0.00172584 
71 0.00171963 
71.1 0.00171333 
71.2 0.00170689 
71.3 0.00170028 
71.4 0.00169354 
71.5 0.00168673 
71.6 0.00167992 
71.7 0.00167322 
71.8 0.00166671 
71.9 0.00166043 
72 0.0016544 
72.1 0.00164858 
72.2 0.00164291 
72.3 0.00163729 
72.4 0.00163163 
72.5 0.00162585 
72.6 0.00161991 
72.7 0.0016138 
72.8 0.00160757 
72.9 0.00160129 
73 0.00159504 
73.1 0.00158894 
73.2 0.00158304 
73.3 0.00157738 
73.4 0.00157196 
73.5 0.00156674 
73.6 0.00156163 
73.7 0.00155654 
73.8 0.00155138 
73.9 0.00154608 
74 0.00154061 
74.1 0.00153497 
74.2 0.00152922 
74.3 0.00152345 
74.4 0.00151773 
74.5 0.00151216 
74.6 0.00150681 
74.7 0.0015017 
74.8 0.00149682 
74.9 0.00149211 
75 0.0014875 
75.1 0.00148289 
75.2 0.0014782 
75.3 0.00147335 
75.4 0.00146833 
75.5 0.00146315 
75.6 0.00145786 
75.7 0.00145256 
75.8 0.00144732 
75.9 0.00144223 
76 0.00143736 
76.1 0.00143273 
76.2 0.00142831 
76.3 0.00142406 
76.4 0.0014199 
76.5 0.00141573 
76.6 0.00141147 
76.7 0.00140706 
76.8 0.00140248 
76.9 0.00139774 
77 0.0013929 
77.1 0.00138803 
77.2 0.00138323 
77.3 0.00137857 
77.4 0.00137411 
77.5 0.00136989 
77.6 0.00136587 
77.7 0.00136203 
77.8 0.00135827 
77.9 0.00135451 
78 0.00135067 
78.1 0.00134669 
78.2 0.00134253 
78.3 0.00133823 
78.4 0.00133381 
78.5 0.00132935 
78.6 0.00132494 
78.7 0.00132065 
78.8 0.00131656 
78.9 0.00131268 
79 0.00130901 
79.1 0.00130551 
79.2 0.00130211 
79.3 0.00129873 
79.4 0.00129529 
79.5 0.00129172 
79.6 0.001288 
79.7 0.00128411 
79.8 0.00128011 
79.9 0.00127604 
80 0.00127199 
80.1 0.00126804 
80.2 0.00126425 
80.3 0.00126066 
80.4 0.00125728 
80.5 0.00125408 
80.6 0.00125099 
80.7 0.00124796 
80.8 0.00124489 
80.9 0.00124173 
81 0.00123842 
81.1 0.00123495 
81.2 0.00123135 
81.3 0.00122767 
81.4 0.00122396 
81.5 0.00122031 
81.6 0.00121679 
81.7 0.00121345 
81.8 0.00121031 
81.9 0.00120734 
82 0.00120453 
82.1 0.00120179 
82.2 0.00119907 
82.3 0.00119628 
82.4 0.00119338 
82.5 0.00119033 
82.6 0.00118714 
82.7 0.00118383 
82.8 0.00118047 
82.9 0.00117712 
83 0.00117385 
83.1 0.00117072 
83.2 0.00116776 
83.3 0.00116499 
83.4 0.00116238 
83.5 0.00115989 
83.6 0.00115746 
83.7 0.00115501 
83.8 0.00115249 
83.9 0.00114985 
84 0.00114707 
84.1 0.00114416 
84.2 0.00114115 
84.3 0.00113811 
84.4 0.00113509 
84.5 0.00113216 
84.6 0.00112936 
84.7 0.00112673 
84.8 0.00112428 
84.9 0.00112197 
85 0.00111976 
85.1 0.0011176 
85.2 0.00111541 
85.3 0.00111315 
85.4 0.00111078 
85.5 0.00110827 
85.6 0.00110565 
85.7 0.00110294 
85.8 0.0011002 
85.9 0.00109748 
86 0.00109484 
86.1 0.00109234 
86.2 0.00108999 
86.3 0.0010878 
86.4 0.00108574 
86.5 0.00108378 
86.6 0.00108186 
86.7 0.00107993 
86.8 0.00107793 
86.9 0.00107582 
87 0.0010736 
87.1 0.00107126 
87.2 0.00106884 
87.3 0.00106638 
87.4 0.00106394 
87.5 0.00106157 
87.6 0.00105931 
87.7 0.00105719 
87.8 0.00105522 
87.9 0.00105337 
88 0.00105163 
88.1 0.00104994 
88.2 0.00104824 
88.3 0.0010465 
88.4 0.00104466 
88.5 0.00104272 
88.6 0.00104067 
88.7 0.00103854 
88.8 0.00103635 
88.9 0.00103416 
89 0.00103202 
89.1 0.00102998 
89.2 0.00102805 
89.3 0.00102626 
89.4 0.00102459 
89.5 0.00102303 
89.6 0.00102154 
89.7 0.00102006 
89.8 0.00101856 
89.9 0.00101699 
90 0.00101533 
90.1 0.00101357 
90.2 0.00101172 
90.3 0.0010098 
90.4 0.00100786 
90.5 0.00100594 
90.6 0.00100408 
90.7 0.00100232 
90.8 0.00100067 
90.9 0.000999152 
91 0.000997742 
91.1 0.000996413 
91.2 0.000995129 
91.3 0.000993847 
91.4 0.000992527 
91.5 0.000991138 
91.6 0.000989661 
91.7 0.000988094 
91.8 0.000986451 
91.9 0.000984759 
92 0.000983055 
92.1 0.000981379 
92.2 0.000979768 
92.3 0.00097825 
92.4 0.000976842 
92.5 0.000975544 
92.6 0.000974342 
92.7 0.00097321 
92.8 0.000972113 
92.9 0.000971012 
93 0.000969874 
93.1 0.000968671 
93.2 0.000967389 
93.3 0.000966026 
93.4 0.000964596 
93.5 0.000963124 
93.6 0.000961643 
93.7 0.000960187 
93.8 0.000958791 
93.9 0.000957478 
94 0.000956264 
94.1 0.000955149 
94.2 0.000954122 
94.3 0.00095316 
94.4 0.000952233 
94.5 0.000951306 
94.6 0.000950349 
94.7 0.000949337 
94.8 0.000948255 
94.9 0.000947101 
95 0.000945884 
95.1 0.000944625 
95.2 0.000943352 
95.3 0.000942095 
95.4 0.000940884 
95.5 0.000939744 
95.6 0.00093869 
95.7 0.000937726 
95.8 0.000936845 
95.9 0.00093603 
96 0.000935255 
96.1 0.000934491 
96.2 0.00093371 
96.3 0.000932888 
96.4 0.000932008 
96.5 0.000931063 
96.6 0.000930059 
96.7 0.000929008 
96.8 0.000927932 
96.9 0.000926859 
97 0.000925815 
97.1 0.000924825 
97.2 0.000923905 
97.3 0.000923064 
97.4 0.000922302 
97.5 0.000921609 
97.6 0.000920965 
97.7 0.000920346 
97.8 0.000919729 
97.9 0.000919087 
98 0.000918404 
98.1 0.000917667 
98.2 0.000916873 
98.3 0.00091603 
98.4 0.000915151 
98.5 0.000914257 
98.6 0.000913372 
98.7 0.000912519 
98.8 0.000911716 
98.9 0.000910979 
99 0.000910312 
99.1 0.000909714 
99.2 0.000909174 
99.3 0.000908676 
99.4 0.000908198 
99.5 0.000907718 
99.6 0.000907217 
99.7 0.000906678 
99.8 0.000906091 
99.9 0.000905456 
100 0.000904778 
100.1 0.000904069 
100.2 0.000903347 
100.3 0.000902633 
100.4 0.000901945 
100.5 0.000901302 
100.6 0.000900715 
100.7 0.000900191 
100.8 0.000899727 
100.9 0.000899316 
101 0.000898944 
101.1 0.000898593 
101.2 0.000898245 
101.3 0.000897882 
101.4 0.000897489 
101.5 0.000897057 
101.6 0.000896583 
101.7 0.000896069 
101.8 0.000895526 
101.9 0.000894966 
102 0.000894408 
102.1 0.000893867 
102.2 0.00089336 
102.3 0.000892899 
102.4 0.000892491 
102.5 0.000892137 
102.6 0.000891833 
102.7 0.00089157 
102.8 0.000891333 
102.9 0.000891106 
103 0.000890875 
103.1 0.000890624 
103.2 0.000890344 
103.3 0.000890029 
103.4 0.000889678 
103.5 0.000889297 
103.6 0.000888894 
103.7 0.000888483 
103.8 0.000888077 
103.9 0.000887693 
104 0.000887341 
104.1 0.00088703 
104.2 0.000886767 
104.3 0.00088655 
104.4 0.000886375 
104.5 0.000886233 
104.6 0.000886112 
104.7 0.000885998 
104.8 0.000885878 
104.9 0.000885742 
105 0.000885579 
105.1 0.000885387 
105.2 0.000885165 
105.3 0.000884918 
105.4 0.000884652 
105.5 0.00088438 
105.6 0.000884114 
105.7 0.000883864 
105.8 0.000883643 
105.9 0.000883457 
106 0.000883311 
106.1 0.000883205 
106.2 0.000883136 
106.3 0.000883097 
106.4 0.000883078 
106.5 0.000883067 
106.6 0.000883055 
106.7 0.000883032 
106.8 0.000882988 
106.9 0.00088292 
107 0.000882827 
107.1 0.000882711 
107.2 0.000882578 
107.3 0.000882436 
107.4 0.000882295 
107.5 0.000882165 
107.6 0.000882055 
107.7 0.000881972 
107.8 0.000881923 
107.9 0.000881908 
108 0.000881926 
108.1 0.000881974 
108.2 0.000882043 
108.3 0.000882126 
108.4 0.000882213 
108.5 0.000882296 
108.6 0.000882366 
108.7 0.000882419 
108.8 0.000882452 
108.9 0.000882464 
109 0.000882458 
109.1 0.00088244 
109.2 0.000882416 
109.3 0.000882396 
109.4 0.000882386 
109.5 0.000882394 
109.6 0.000882427 
109.7 0.000882487 
109.8 0.000882577 
109.9 0.000882695 
110 0.000882837 
110.1 0.000882997 
110.2 0.00088317 
110.3 0.000883346 
110.4 0.00088352 
110.5 0.000883684 
110.6 0.000883835 
110.7 0.000883969 
110.8 0.000884087 
110.9 0.000884189 
111 0.000884281 
111.1 0.000884367 
111.2 0.000884455 
111.3 0.00088455 
111.4 0.000884659 
111.5 0.000884786 
111.6 0.000884937 
111.7 0.000885111 
111.8 0.000885309 
111.9 0.00088553 
112 0.000885768 
112.1 0.000886018 
112.2 0.000886276 
112.3 0.000886534 
112.4 0.000886788 
112.5 0.000887033 
112.6 0.000887266 
112.7 0.000887486 
112.8 0.000887692 
112.9 0.000887888 
113 0.000888077 
113.1 0.000888263 
113.2 0.000888452 
113.3 0.000888648 
113.4 0.000888857 
113.5 0.000889083 
113.6 0.000889327 
113.7 0.000889592 
113.8 0.000889876 
113.9 0.000890178 
114 0.000890494 
114.1 0.000890821 
114.2 0.000891154 
114.3 0.000891488 
114.4 0.000891818 
114.5 0.000892142 
114.6 0.000892457 
114.7 0.000892762 
114.8 0.000893056 
114.9 0.000893342 
115 0.000893621 
115.1 0.000893898 
115.2 0.000894177 
115.3 0.00089446 
115.4 0.000894754 
115.5 0.000895059 
115.6 0.00089538 
115.7 0.000895717 
115.8 0.000896069 
115.9 0.000896438 
116 0.000896819 
116.1 0.000897211 
116.2 0.000897609 
116.3 0.000898011 
116.4 0.000898413 
116.5 0.000898811 
116.6 0.000899203 
116.7 0.000899588 
116.8 0.000899966 
116.9 0.000900335 
117 0.000900699 
117.1 0.000901059 
117.2 0.000901418 
117.3 0.000901778 
117.4 0.000902144 
117.5 0.000902517 
117.6 0.000902901 
117.7 0.000903297 
117.8 0.000903706 
117.9 0.000904128 
118 0.000904562 
118.1 0.000905007 
118.2 0.00090546 
118.3 0.00090592 
118.4 0.000906382 
118.5 0.000906845 
118.6 0.000907307 
118.7 0.000907765 
118.8 0.000908217 
118.9 0.000908664 
119 0.000909105 
119.1 0.000909541 
119.2 0.000909974 
119.3 0.000910405 
119.4 0.000910837 
119.5 0.000911273 
119.6 0.000911713 
119.7 0.00091216 
119.8 0.000912617 
119.9 0.000913083 
120 0.000913559 
120.1 0.000914046 
120.2 0.000914542 
120.3 0.000915045 
120.4 0.000915556 
120.5 0.00091607 
120.6 0.000916587 
120.7 0.000917105 
120.8 0.000917621 
120.9 0.000918135 
121 0.000918645 
121.1 0.00091915 
121.2 0.000919652 
121.3 0.000920151 
121.4 0.000920647 
121.5 0.000921141 
121.6 0.000921637 
121.7 0.000922134 
121.8 0.000922636 
121.9 0.000923143 
122 0.000923656 
122.1 0.000924177 
122.2 0.000924705 
122.3 0.000925241 
122.4 0.000925785 
122.5 0.000926335 
122.6 0.000926891 
122.7 0.000927451 
122.8 0.000928015 
122.9 0.000928579 
123 0.000929143 
123.1 0.000929707 
123.2 0.000930268 
123.3 0.000930827 
123.4 0.000931383 
123.5 0.000931937 
123.6 0.000932488 
123.7 0.000933038 
123.8 0.000933587 
123.9 0.000934137 
124 0.000934689 
124.1 0.000935244 
124.2 0.000935803 
124.3 0.000936367 
124.4 0.000936936 
124.5 0.000937511 
124.6 0.000938092 
124.7 0.000938678 
124.8 0.00093927 
124.9 0.000939866 
125 0.000940465 
125.1 0.000941067 
125.2 0.000941671 
125.3 0.000942276 
125.4 0.00094288 
125.5 0.000943483 
125.6 0.000944085 
125.7 0.000944685 
125.8 0.000945284 
125.9 0.00094588 
126 0.000946476 
126.1 0.000947071 
126.2 0.000947666 
126.3 0.000948262 
126.4 0.000948859 
126.5 0.000949458 
126.6 0.000950061 
126.7 0.000950667 
126.8 0.000951277 
126.9 0.000951891 
127 0.000952509 
127.1 0.000953132 
127.2 0.000953758 
127.3 0.000954387 
127.4 0.000955019 
127.5 0.000955653 
127.6 0.000956289 
127.7 0.000956925 
127.8 0.000957562 
127.9 0.000958198 
128 0.000958834 
128.1 0.000959468 
128.2 0.000960102 
128.3 0.000960735 
128.4 0.000961367 
128.5 0.000961998 
128.6 0.000962629 
128.7 0.00096326 
128.8 0.000963892 
128.9 0.000964525 
129 0.00096516 
129.1 0.000965797 
129.2 0.000966436 
129.3 0.000967078 
129.4 0.000967723 
129.5 0.00096837 
129.6 0.000969021 
129.7 0.000969673 
129.8 0.000970328 
129.9 0.000970985 
130 0.000971644 
130.1 0.000972303 
130.2 0.000972964 
130.3 0.000973624 
130.4 0.000974285 
130.5 0.000974946 
130.6 0.000975606 
130.7 0.000976266 
130.8 0.000976925 
130.9 0.000977584 
131 0.000978242 
131.1 0.000978899 
131.2 0.000979557 
131.3 0.000980215 
131.4 0.000980874 
131.5 0.000981533 
131.6 0.000982193 
131.7 0.000982855 
131.8 0.000983518 
131.9 0.000984182 
132 0.000984849 
132.1 0.000985517 
132.2 0.000986186 
132.3 0.000986857 
132.4 0.00098753 
132.5 0.000988203 
132.6 0.000988878 
132.7 0.000989554 
132.8 0.00099023 
132.9 0.000990906 
133 0.000991583 
133.1 0.00099226 
133.2 0.000992936 
133.3 0.000993612 
133.4 0.000994288 
133.5 0.000994964 
133.6 0.000995639 
133.7 0.000996314 
133.8 0.000996989 
133.9 0.000997664 
134 0.000998338 
134.1 0.000999013 
134.2 0.000999689 
134.3 0.00100036 
134.4 0.00100104 
134.5 0.00100172 
134.6 0.0010024 
134.7 0.00100307 
134.8 0.00100375 
134.9 0.00100443 
135 0.00100511 
135.1 0.0010058 
135.2 0.00100648 
135.3 0.00100716 
135.4 0.00100784 
135.5 0.00100853 
135.6 0.00100921 
135.7 0.00100989 
135.8 0.00101058 
135.9 0.00101126 
136 0.00101194 
136.1 0.00101263 
136.2 0.00101331 
136.3 0.00101399 
136.4 0.00101467 
136.5 0.00101536 
136.6 0.00101604 
136.7 0.00101672 
136.8 0.0010174 
136.9 0.00101808 
137 0.00101876 
137.1 0.00101944 
137.2 0.00102013 
137.3 0.00102081 
137.4 0.00102149 
137.5 0.00102217 
137.6 0.00102285 
137.7 0.00102353 
137.8 0.00102422 
137.9 0.0010249 
138 0.00102558 
138.1 0.00102626 
138.2 0.00102694 
138.3 0.00102762 
138.4 0.00102831 
138.5 0.00102899 
138.6 0.00102967 
138.7 0.00103035 
138.8 0.00103103 
138.9 0.00103171 
139 0.00103239 
139.1 0.00103307 
139.2 0.00103375 
139.3 0.00103443 
139.4 0.00103511 
139.5 0.00103578 
139.6 0.00103646 
139.7 0.00103714 
139.8 0.00103782 
139.9 0.00103849 
140 0.00103917 
140.1 0.00103985 
140.2 0.00104052 
140.3 0.0010412 
140.4 0.00104187 
140.5 0.00104255 
140.6 0.00104322 
140.7 0.0010439 
140.8 0.00104457 
140.9 0.00104524 
141 0.00104592 
141.1 0.00104659 
141.2 0.00104726 
141.3 0.00104793 
141.4 0.0010486 
141.5 0.00104927 
141.6 0.00104994 
141.7 0.00105061 
141.8 0.00105128 
141.9 0.00105195 
142 0.00105261 
142.1 0.00105328 
142.2 0.00105394 
142.3 0.00105461 
142.4 0.00105527 
142.5 0.00105594 
142.6 0.0010566 
142.7 0.00105726 
142.8 0.00105793 
142.9 0.00105859 
143 0.00105925 
143.1 0.00105991 
143.2 0.00106057 
143.3 0.00106123 
143.4 0.00106189 
143.5 0.00106255 
143.6 0.00106321 
143.7 0.00106386 
143.8 0.00106452 
143.9 0.00106517 
144 0.00106583 
144.1 0.00106648 
144.2 0.00106714 
144.3 0.00106779 
144.4 0.00106844 
144.5 0.00106909 
144.6 0.00106974 
144.7 0.00107039 
144.8 0.00107103 
144.9 0.00107168 
145 0.00107233 
145.1 0.00107297 
145.2 0.00107361 
145.3 0.00107426 
145.4 0.0010749 
145.5 0.00107554 
145.6 0.00107618 
145.7 0.00107682 
145.8 0.00107746 
145.9 0.00107809 
146 0.00107873 
146.1 0.00107936 
146.2 0.00108 
146.3 0.00108063 
146.4 0.00108127 
146.5 0.0010819 
146.6 0.00108253 
146.7 0.00108316 
146.8 0.00108379 
146.9 0.00108442 
147 0.00108505 
147.1 0.00108567 
147.2 0.0010863 
147.3 0.00108692 
147.4 0.00108755 
147.5 0.00108817 
147.6 0.00108879 
147.7 0.00108941 
147.8 0.00109003 
147.9 0.00109065 
148 0.00109127 
148.1 0.00109188 
148.2 0.0010925 
148.3 0.00109311 
148.4 0.00109372 
148.5 0.00109433 
148.6 0.00109494 
148.7 0.00109555 
148.8 0.00109616 
148.9 0.00109676 
149 0.00109737 
149.1 0.00109797 
149.2 0.00109857 
149.3 0.00109917 
149.4 0.00109977 
149.5 0.00110037 
149.6 0.00110097 
149.7 0.00110156 
149.8 0.00110216 
149.9 0.00110275 
150 0.00110334 
150.1 0.00110393 
150.2 0.00110452 
150.3 0.00110511 
150.4 0.0011057 
150.5 0.00110628 
150.6 0.00110687 
150.7 0.00110745 
150.8 0.00110804 
150.9 0.00110862 
151 0.0011092 
151.1 0.00110978 
151.2 0.00111036 
151.3 0.00111093 
151.4 0.00111151 
151.5 0.00111208 
151.6 0.00111265 
151.7 0.00111322 
151.8 0.00111379 
151.9 0.00111436 
152 0.00111493 
152.1 0.00111549 
152.2 0.00111606 
152.3 0.00111662 
152.4 0.00111718 
152.5 0.00111774 
152.6 0.0011183 
152.7 0.00111885 
152.8 0.00111941 
152.9 0.00111996 
153 0.00112051 
153.1 0.00112106 
153.2 0.00112161 
153.3 0.00112216 
153.4 0.0011227 
153.5 0.00112324 
153.6 0.00112379 
153.7 0.00112433 
153.8 0.00112486 
153.9 0.0011254 
154 0.00112594 
154.1 0.00112647 
154.2 0.001127 
154.3 0.00112754 
154.4 0.00112807 
154.5 0.00112859 
154.6 0.00112912 
154.7 0.00112965 
154.8 0.00113017 
154.9 0.00113069 
155 0.00113121 
155.1 0.00113173 
155.2 0.00113225 
155.3 0.00113277 
155.4 0.00113328 
155.5 0.00113379 
155.6 0.00113431 
155.7 0.00113482 
155.8 0.00113532 
155.9 0.00113583 
156 0.00113634 
156.1 0.00113684 
156.2 0.00113734 
156.3 0.00113784 
156.4 0.00113834 
156.5 0.00113884 
156.6 0.00113933 
156.7 0.00113983 
156.8 0.00114032 
156.9 0.00114081 
157 0.00114129 
157.1 0.00114178 
157.2 0.00114227 
157.3 0.00114275 
157.4 0.00114323 
157.5 0.00114371 
157.6 0.00114419 
157.7 0.00114466 
157.8 0.00114514 
157.9 0.00114561 
158 0.00114608 
158.1 0.00114655 
158.2 0.00114701 
158.3 0.00114748 
158.4 0.00114794 
158.5 0.0011484 
158.6 0.00114886 
158.7 0.00114932 
158.8 0.00114977 
158.9 0.00115023 
159 0.00115068 
159.1 0.00115113 
159.2 0.00115158 
159.3 0.00115203 
159.4 0.00115247 
159.5 0.00115291 
159.6 0.00115335 
159.7 0.00115379 
159.8 0.00115423 
159.9 0.00115467 
160 0.0011551 
160.1 0.00115553 
160.2 0.00115596 
160.3 0.00115639 
160.4 0.00115682 
160.5 0.00115724 
160.6 0.00115767 
160.7 0.00115809 
160.8 0.00115851 
160.9 0.00115892 
161 0.00115934 
161.1 0.00115975 
161.2 0.00116016 
161.3 0.00116057 
161.4 0.00116098 
161.5 0.00116139 
161.6 0.00116179 
161.7 0.00116219 
161.8 0.00116259 
161.9 0.00116299 
162 0.00116339 
162.1 0.00116378 
162.2 0.00116417 
162.3 0.00116456 
162.4 0.00116495 
162.5 0.00116534 
162.6 0.00116572 
162.7 0.00116611 
162.8 0.00116649 
162.9 0.00116686 
163 0.00116724 
163.1 0.00116762 
163.2 0.00116799 
163.3 0.00116836 
163.4 0.00116873 
163.5 0.00116909 
163.6 0.00116946 
163.7 0.00116982 
163.8 0.00117018 
163.9 0.00117054 
164 0.00117089 
164.1 0.00117125 
164.2 0.0011716 
164.3 0.00117195 
164.4 0.0011723 
164.5 0.00117264 
164.6 0.00117299 
164.7 0.00117333 
164.8 0.00117367 
164.9 0.00117401 
165 0.00117434 
165.1 0.00117468 
165.2 0.00117501 
165.3 0.00117534 
165.4 0.00117566 
165.5 0.00117599 
165.6 0.00117631 
165.7 0.00117663 
165.8 0.00117695 
165.9 0.00117727 
166 0.00117758 
166.1 0.0011779 
166.2 0.00117821 
166.3 0.00117852 
166.4 0.00117882 
166.5 0.00117913 
166.6 0.00117943 
166.7 0.00117973 
166.8 0.00118003 
166.9 0.00118032 
167 0.00118062 
167.1 0.00118091 
167.2 0.0011812 
167.3 0.00118149 
167.4 0.00118177 
167.5 0.00118205 
167.6 0.00118234 
167.7 0.00118261 
167.8 0.00118289 
167.9 0.00118317 
168 0.00118344 
168.1 0.00118371 
168.2 0.00118398 
168.3 0.00118424 
168.4 0.00118451 
168.5 0.00118477 
168.6 0.00118503 
168.7 0.00118528 
168.8 0.00118554 
168.9 0.00118579 
169 0.00118604 
169.1 0.00118629 
169.2 0.00118654 
169.3 0.00118678 
169.4 0.00118702 
169.5 0.00118726 
169.6 0.0011875 
169.7 0.00118774 
169.8 0.00118797 
169.9 0.0011882 
170 0.00118843 
170.1 0.00118866 
170.2 0.00118888 
170.3 0.0011891 
170.4 0.00118932 
170.5 0.00118954 
170.6 0.00118976 
170.7 0.00118997 
170.8 0.00119018 
170.9 0.00119039 
171 0.0011906 
171.1 0.0011908 
171.2 0.00119101 
171.3 0.00119121 
171.4 0.0011914 
171.5 0.0011916 
171.6 0.00119179 
171.7 0.00119198 
171.8 0.00119217 
171.9 0.00119236 
172 0.00119254 
172.1 0.00119273 
172.2 0.00119291 
172.3 0.00119308 
172.4 0.00119326 
172.5 0.00119343 
172.6 0.0011936 
172.7 0.00119377 
172.8 0.00119394 
172.9 0.0011941 
173 0.00119426 
173.1 0.00119442 
173.2 0.00119458 
173.3 0.00119474 
173.4 0.00119489 
173.5 0.00119504 
173.6 0.00119519 
173.7 0.00119533 
173.8 0.00119548 
173.9 0.00119562 
174 0.00119576 
174.1 0.00119589 
174.2 0.00119603 
174.3 0.00119616 
174.4 0.00119629 
174.5 0.00119642 
174.6 0.00119654 
174.7 0.00119667 
174.8 0.00119679 
174.9 0.00119691 
175 0.00119702 
175.1 0.00119714 
175.2 0.00119725 
175.3 0.00119736 
175.4 0.00119747 
175.5 0.00119757 
175.6 0.00119767 
175.7 0.00119777 
175.8 0.00119787 
175.9 0.00119797 
176 0.00119806 
176.1 0.00119815 
176.2 0.00119824 
176.3 0.00119833 
176.4 0.00119841 
176.5 0.00119849 
176.6 0.00119857 
176.7 0.00119865 
176.8 0.00119873 
176.9 0.0011988 
177 0.00119887 
177.1 0.00119894 
177.2 0.001199 
177.3 0.00119907 
177.4 0.00119913 
177.5 0.00119919 
177.6 0.00119924 
177.7 0.0011993 
177.8 0.00119935 
177.9 0.0011994 
178 0.00119945 
178.1 0.00119949 
178.2 0.00119953 
178.3 0.00119957 
178.4 0.00119961 
178.5 0.00119965 
178.6 0.00119968 
178.7 0.00119971 
178.8 0.00119974 
178.9 0.00119977 
179 0.00119979 
179.1 0.00119982 
179.2 0.00119983 
179.3 0.00119985 
179.4 0.00119987 
179.5 0.00119988 
179.6 0.00119989 
179.7 0.0011999 
179.8 0.0011999 
