0.1 -6.05199e-06 
0.2 -1.20212e-05 
0.3 -1.78253e-05 
0.4 -2.33836e-05 
0.5 -2.86169e-05 
0.6 -3.3449e-05 
0.7 -3.78065e-05 
0.8 -4.16201e-05 
0.9 -4.48249e-05 
1 -4.73608e-05 
1.1 -4.91737e-05 
1.2 -5.02155e-05 
1.3 -5.04448e-05 
1.4 -4.98275e-05 
1.5 -4.83372e-05 
1.6 -4.59559e-05 
1.7 -4.26738e-05 
1.8 -3.84901e-05 
1.9 -3.3413e-05 
2 -2.746e-05 
2.1 -2.06577e-05 
2.2 -1.30422e-05 
2.3 -4.65829e-06 
2.4 4.44015e-06 
2.5 1.41911e-05 
2.6 2.45246e-05 
2.7 3.53638e-05 
2.8 4.66255e-05 
2.9 5.8221e-05 
3 7.00578e-05 
3.1 8.20401e-05 
3.2 9.40707e-05 
3.3 0.000106052 
3.4 0.000117888 
3.5 0.000129485 
3.6 0.000140755 
3.7 0.000151614 
3.8 0.000161986 
3.9 0.000171806 
4 0.000181016 
4.1 0.000189571 
4.2 0.000197439 
4.3 0.000204599 
4.4 0.000211045 
4.5 0.000216786 
4.6 0.000221843 
4.7 0.000226252 
4.8 0.000230062 
4.9 0.000233335 
5 0.000236145 
5.1 0.000238575 
5.2 0.000240718 
5.3 0.000242676 
5.4 0.000244555 
5.5 0.000246466 
5.6 0.00024852 
5.7 0.00025083 
5.8 0.000253507 
5.9 0.000256657 
6 0.000260381 
6.1 0.000264772 
6.2 0.000269914 
6.3 0.000275879 
6.4 0.000282728 
6.5 0.000290509 
6.6 0.000299255 
6.7 0.000308986 
6.8 0.000319705 
6.9 0.000331404 
7 0.000344058 
7.1 0.000357629 
7.2 0.000372067 
7.3 0.000387313 
7.4 0.000403296 
7.5 0.000419938 
7.6 0.000437158 
7.7 0.000454868 
7.8 0.000472984 
7.9 0.000491419 
8 0.000510092 
8.1 0.000528929 
8.2 0.000547862 
8.3 0.000566833 
8.4 0.000585796 
8.5 0.000604717 
8.6 0.000623576 
8.7 0.000642365 
8.8 0.000661091 
8.9 0.000679773 
9 0.000698441 
9.1 0.000717139 
9.2 0.000735917 
9.3 0.000754836 
9.4 0.000773958 
9.5 0.000793352 
9.6 0.000813085 
9.7 0.000833226 
9.8 0.000853836 
9.9 0.000874972 
10 0.000896684 
10.1 0.00091901 
10.2 0.000941976 
10.3 0.000965599 
10.4 0.000989878 
10.5 0.0010148 
10.6 0.00104033 
10.7 0.00106644 
10.8 0.00109306 
10.9 0.00112012 
11 0.00114754 
11.1 0.00117523 
11.2 0.00120309 
11.3 0.001231 
11.4 0.00125887 
11.5 0.00128657 
11.6 0.00131399 
11.7 0.00134103 
11.8 0.00136759 
11.9 0.00139357 
12 0.00141889 
12.1 0.0014435 
12.2 0.00146733 
12.3 0.00149037 
12.4 0.00151259 
12.5 0.00153401 
12.6 0.00155465 
12.7 0.00157457 
12.8 0.00159382 
12.9 0.0016125 
13 0.00163071 
13.1 0.00164856 
13.2 0.00166619 
13.3 0.00168372 
13.4 0.00170129 
13.5 0.00171906 
13.6 0.00173716 
13.7 0.00175572 
13.8 0.00177488 
13.9 0.00179474 
14 0.00181542 
14.1 0.00183697 
14.2 0.00185948 
14.3 0.00188296 
14.4 0.00190744 
14.5 0.00193289 
14.6 0.00195928 
14.7 0.00198653 
14.8 0.00201454 
14.9 0.00204321 
15 0.00207237 
15.1 0.00210187 
15.2 0.00213152 
15.3 0.00216111 
15.4 0.00219043 
15.5 0.00221926 
15.6 0.00224736 
15.7 0.00227451 
15.8 0.00230048 
15.9 0.00232505 
16 0.00234802 
16.1 0.00236919 
16.2 0.00238839 
16.3 0.00240548 
16.4 0.00242034 
16.5 0.00243288 
16.6 0.00244304 
16.7 0.00245079 
16.8 0.00245615 
16.9 0.00245915 
17 0.00245987 
17.1 0.00245842 
17.2 0.00245492 
17.3 0.00244956 
17.4 0.0024425 
17.5 0.00243397 
17.6 0.00242417 
17.7 0.00241335 
17.8 0.00240174 
17.9 0.00238959 
18 0.00237713 
18.1 0.0023646 
18.2 0.0023522 
18.3 0.00234014 
18.4 0.0023286 
18.5 0.00231771 
18.6 0.00230762 
18.7 0.0022984 
18.8 0.0022901 
18.9 0.00228276 
19 0.00227635 
19.1 0.00227081 
19.2 0.00226607 
19.3 0.00226199 
19.4 0.00225841 
19.5 0.00225516 
19.6 0.002252 
19.7 0.00224871 
19.8 0.00224502 
19.9 0.00224066 
20 0.00223535 
20.1 0.00222879 
20.2 0.00222069 
20.3 0.00221078 
20.4 0.00219877 
20.5 0.00218441 
20.6 0.00216746 
20.7 0.00214771 
20.8 0.00212497 
20.9 0.0020991 
21 0.00206996 
21.1 0.00203749 
21.2 0.00200163 
21.3 0.00196239 
21.4 0.0019198 
21.5 0.00187392 
21.6 0.00182486 
21.7 0.00177277 
21.8 0.00171781 
21.9 0.00166018 
22 0.0016001 
22.1 0.00153779 
22.2 0.00147352 
22.3 0.00140754 
22.4 0.00134011 
22.5 0.00127148 
22.6 0.00120191 
22.7 0.00113163 
22.8 0.00106088 
22.9 0.000989848 
23 0.000918717 
23.1 0.00084764 
23.2 0.000776738 
23.3 0.000706103 
23.4 0.000635793 
23.5 0.000565833 
23.6 0.000496214 
23.7 0.000426896 
23.8 0.000357807 
23.9 0.000288844 
24 0.000219878 
24.1 0.000150755 
24.2 8.1303e-05 
24.3 1.13294e-05 
24.4 -5.93695e-05 
24.5 -0.000131006 
24.6 -0.000203798 
24.7 -0.000277961 
24.8 -0.000353709 
24.9 -0.000431243 
25 -0.000510756 
25.1 -0.00059242 
25.2 -0.000676391 
25.3 -0.000762799 
25.4 -0.000851751 
25.5 -0.000943326 
25.6 -0.00103758 
25.7 -0.00113453 
25.8 -0.00123417 
25.9 -0.00133646 
26 -0.00144136 
26.1 -0.00154876 
26.2 -0.00165857 
26.3 -0.00177064 
26.4 -0.00188483 
26.5 -0.00200098 
26.6 -0.00211891 
26.7 -0.00223843 
26.8 -0.00235936 
26.9 -0.00248151 
27 -0.00260469 
27.1 -0.00272873 
27.2 -0.00285343 
27.3 -0.00297866 
27.4 -0.00310425 
27.5 -0.00323007 
27.6 -0.00335602 
27.7 -0.00348198 
27.8 -0.00360789 
27.9 -0.0037337 
28 -0.00385935 
28.1 -0.00398484 
28.2 -0.00411017 
28.3 -0.00423534 
28.4 -0.00436041 
28.5 -0.00448542 
28.6 -0.00461042 
28.7 -0.00473548 
28.8 -0.00486068 
28.9 -0.0049861 
29 -0.00511182 
29.1 -0.00523791 
29.2 -0.00536446 
29.3 -0.00549152 
29.4 -0.00561916 
29.5 -0.00574742 
29.6 -0.00587635 
29.7 -0.00600597 
29.8 -0.00613628 
29.9 -0.00626727 
30 -0.00639893 
30.1 -0.00653121 
30.2 -0.00666407 
30.3 -0.00679744 
30.4 -0.00693124 
30.5 -0.00706539 
30.6 -0.00719978 
30.7 -0.00733432 
30.8 -0.00746889 
30.9 -0.00760338 
31 -0.00773769 
31.1 -0.0078717 
31.2 -0.0080053 
31.3 -0.00813839 
31.4 -0.00827088 
31.5 -0.00840269 
31.6 -0.00853373 
31.7 -0.00866395 
31.8 -0.00879329 
31.9 -0.00892171 
32 -0.00904918 
32.1 -0.00917569 
32.2 -0.00930124 
32.3 -0.00942583 
32.4 -0.00954947 
32.5 -0.0096722 
32.6 -0.00979405 
32.7 -0.00991506 
32.8 -0.0100353 
32.9 -0.0101547 
33 -0.0102735 
33.1 -0.0103915 
33.2 -0.010509 
33.3 -0.0106259 
33.4 -0.0107421 
33.5 -0.0108579 
33.6 -0.0109731 
33.7 -0.0110877 
33.8 -0.0112018 
33.9 -0.0113153 
34 -0.0114281 
34.1 -0.0115402 
34.2 -0.0116515 
34.3 -0.0117619 
34.4 -0.0118713 
34.5 -0.0119796 
34.6 -0.0120867 
34.7 -0.0121924 
34.8 -0.0122966 
34.9 -0.0123991 
35 -0.0124997 
35.1 -0.0125984 
35.2 -0.012695 
35.3 -0.0127893 
35.4 -0.0128813 
35.5 -0.0129707 
35.6 -0.0130574 
35.7 -0.0131414 
35.8 -0.0132226 
35.9 -0.0133009 
36 -0.0133763 
36.1 -0.0134486 
36.2 -0.013518 
36.3 -0.0135844 
36.4 -0.0136479 
36.5 -0.0137084 
36.6 -0.0137661 
36.7 -0.0138209 
36.8 -0.0138731 
36.9 -0.0139228 
37 -0.0139699 
37.1 -0.0140147 
37.2 -0.0140573 
37.3 -0.0140978 
37.4 -0.0141363 
37.5 -0.0141729 
37.6 -0.0142079 
37.7 -0.0142412 
37.8 -0.0142731 
37.9 -0.0143035 
38 -0.0143326 
38.1 -0.0143604 
38.2 -0.0143869 
38.3 -0.0144122 
38.4 -0.0144362 
38.5 -0.014459 
38.6 -0.0144804 
38.7 -0.0145004 
38.8 -0.0145189 
38.9 -0.0145358 
39 -0.014551 
39.1 -0.0145642 
39.2 -0.0145753 
39.3 -0.0145842 
39.4 -0.0145906 
39.5 -0.0145944 
39.6 -0.0145953 
39.7 -0.0145931 
39.8 -0.0145876 
39.9 -0.0145786 
40 -0.014566 
40.1 -0.0145494 
40.2 -0.0145289 
40.3 -0.0145041 
40.4 -0.0144751 
40.5 -0.0144416 
40.6 -0.0144036 
40.7 -0.014361 
40.8 -0.0143138 
40.9 -0.0142619 
41 -0.0142055 
41.1 -0.0141445 
41.2 -0.0140789 
41.3 -0.014009 
41.4 -0.0139348 
41.5 -0.0138564 
41.6 -0.013774 
41.7 -0.0136878 
41.8 -0.013598 
41.9 -0.0135048 
42 -0.0134083 
42.1 -0.0133088 
42.2 -0.0132066 
42.3 -0.0131018 
42.4 -0.0129946 
42.5 -0.0128852 
42.6 -0.0127739 
42.7 -0.0126607 
42.8 -0.0125459 
42.9 -0.0124295 
43 -0.0123117 
43.1 -0.0121925 
43.2 -0.012072 
43.3 -0.0119502 
43.4 -0.011827 
43.5 -0.0117026 
43.6 -0.0115767 
43.7 -0.0114493 
43.8 -0.0113203 
43.9 -0.0111896 
44 -0.0110569 
44.1 -0.0109221 
44.2 -0.0107849 
44.3 -0.0106452 
44.4 -0.0105028 
44.5 -0.0103573 
44.6 -0.0102086 
44.7 -0.0100564 
44.8 -0.00990052 
44.9 -0.00974071 
45 -0.00957676 
45.1 -0.00940848 
45.2 -0.0092357 
45.3 -0.00905827 
45.4 -0.00887606 
45.5 -0.00868896 
45.6 -0.00849692 
45.7 -0.00829988 
45.8 -0.00809783 
45.9 -0.00789081 
46 -0.00767885 
46.1 -0.00746204 
46.2 -0.0072405 
46.3 -0.00701437 
46.4 -0.00678381 
46.5 -0.00654902 
46.6 -0.0063102 
46.7 -0.00606761 
46.8 -0.00582147 
46.9 -0.00557206 
47 -0.00531963 
47.1 -0.00506446 
47.2 -0.00480683 
47.3 -0.00454699 
47.4 -0.00428521 
47.5 -0.00402173 
47.6 -0.00375679 
47.7 -0.00349061 
47.8 -0.00322336 
47.9 -0.00295522 
48 -0.00268634 
48.1 -0.00241681 
48.2 -0.00214672 
48.3 -0.00187612 
48.4 -0.00160503 
48.5 -0.00133343 
48.6 -0.00106127 
48.7 -0.000788475 
48.8 -0.000514946 
48.9 -0.000240548 
49 3.48757e-05 
49.1 0.000311502 
49.2 0.000589528 
49.3 0.000869164 
49.4 0.00115063 
49.5 0.00143416 
49.6 0.00171998 
49.7 0.00200833 
49.8 0.00229944 
49.9 0.00259352 
50 0.00289079 
50.1 0.00319143 
50.2 0.00349562 
50.3 0.00380352 
50.4 0.00411525 
50.5 0.00443092 
50.6 0.0047506 
50.7 0.00507434 
50.8 0.00540214 
50.9 0.005734 
51 0.00606986 
51.1 0.00640965 
51.2 0.00675326 
51.3 0.00710056 
51.4 0.00745138 
51.5 0.00780553 
51.6 0.00816282 
51.7 0.008523 
51.8 0.00888585 
51.9 0.00925111 
52 0.00961851 
52.1 0.0099878 
52.2 0.0103587 
52.3 0.0107309 
52.4 0.0111043 
52.5 0.0114784 
52.6 0.0118532 
52.7 0.0122283 
52.8 0.0126036 
52.9 0.0129789 
53 0.0133541 
53.1 0.013729 
53.2 0.0141034 
53.3 0.0144774 
53.4 0.0148509 
53.5 0.0152239 
53.6 0.0155963 
53.7 0.0159682 
53.8 0.0163397 
53.9 0.0167109 
54 0.0170818 
54.1 0.0174526 
54.2 0.0178234 
54.3 0.0181944 
54.4 0.0185658 
54.5 0.0189377 
54.6 0.0193103 
54.7 0.0196838 
54.8 0.0200584 
54.9 0.0204343 
55 0.0208116 
55.1 0.0211904 
55.2 0.021571 
55.3 0.0219535 
55.4 0.0223379 
55.5 0.0227244 
55.6 0.023113 
55.7 0.0235037 
55.8 0.0238967 
55.9 0.0242918 
56 0.0246891 
56.1 0.0250885 
56.2 0.02549 
56.3 0.0258934 
56.4 0.0262986 
56.5 0.0267056 
56.6 0.027114 
56.7 0.0275239 
56.8 0.0279349 
56.9 0.028347 
57 0.0287599 
57.1 0.0291734 
57.2 0.0295873 
57.3 0.0300014 
57.4 0.0304156 
57.5 0.0308296 
57.6 0.0312432 
57.7 0.0316563 
57.8 0.0320687 
57.9 0.0324803 
58 0.0328909 
58.1 0.0333005 
58.2 0.0337089 
58.3 0.0341161 
58.4 0.034522 
58.5 0.0349266 
58.6 0.0353298 
58.7 0.0357317 
58.8 0.0361322 
58.9 0.0365315 
59 0.0369294 
59.1 0.0373262 
59.2 0.0377218 
59.3 0.0381163 
59.4 0.0385098 
59.5 0.0389024 
59.6 0.0392941 
59.7 0.039685 
59.8 0.0400753 
59.9 0.0404649 
60 0.040854 
60.1 0.0412425 
60.2 0.0416306 
60.3 0.0420183 
60.4 0.0424055 
60.5 0.0427924 
60.6 0.0431788 
60.7 0.0435648 
60.8 0.0439504 
60.9 0.0443354 
61 0.0447199 
61.1 0.0451037 
61.2 0.0454868 
61.3 0.0458691 
61.4 0.0462504 
61.5 0.0466306 
61.6 0.0470096 
61.7 0.0473873 
61.8 0.0477636 
61.9 0.0481382 
62 0.0485111 
62.1 0.0488821 
62.2 0.0492512 
62.3 0.0496181 
62.4 0.0499827 
62.5 0.050345 
62.6 0.0507048 
62.7 0.051062 
62.8 0.0514166 
62.9 0.0517685 
63 0.0521176 
63.1 0.0524639 
63.2 0.0528073 
63.3 0.0531479 
63.4 0.0534856 
63.5 0.0538204 
63.6 0.0541523 
63.7 0.0544813 
63.8 0.0548074 
63.9 0.0551308 
64 0.0554512 
64.1 0.0557689 
64.2 0.0560838 
64.3 0.0563959 
64.4 0.0567052 
64.5 0.0570117 
64.6 0.0573154 
64.7 0.0576164 
64.8 0.0579145 
64.9 0.0582096 
65 0.0585019 
65.1 0.058791 
65.2 0.0590771 
65.3 0.0593599 
65.4 0.0596393 
65.5 0.0599152 
65.6 0.0601874 
65.7 0.0604558 
65.8 0.0607201 
65.9 0.0609802 
66 0.0612359 
66.1 0.0614869 
66.2 0.061733 
66.3 0.0619739 
66.4 0.0622095 
66.5 0.0624396 
66.6 0.0626638 
66.7 0.0628819 
66.8 0.0630938 
66.9 0.0632992 
67 0.0634979 
67.1 0.0636897 
67.2 0.0638745 
67.3 0.064052 
67.4 0.0642222 
67.5 0.0643849 
67.6 0.0645401 
67.7 0.0646875 
67.8 0.0648273 
67.9 0.0649593 
68 0.0650834 
68.1 0.0651998 
68.2 0.0653084 
68.3 0.0654092 
68.4 0.0655024 
68.5 0.0655878 
68.6 0.0656657 
68.7 0.0657361 
68.8 0.065799 
68.9 0.0658546 
69 0.0659029 
69.1 0.0659441 
69.2 0.0659781 
69.3 0.0660051 
69.4 0.0660251 
69.5 0.0660382 
69.6 0.0660443 
69.7 0.0660435 
69.8 0.0660358 
69.9 0.0660211 
70 0.0659993 
70.1 0.0659704 
70.2 0.0659343 
70.3 0.0658907 
70.4 0.0658396 
70.5 0.0657807 
70.6 0.0657138 
70.7 0.0656387 
70.8 0.0655551 
70.9 0.0654627 
71 0.0653612 
71.1 0.0652503 
71.2 0.0651297 
71.3 0.0649989 
71.4 0.0648576 
71.5 0.0647056 
71.6 0.0645424 
71.7 0.0643676 
71.8 0.064181 
71.9 0.0639822 
72 0.0637708 
72.1 0.0635466 
72.2 0.0633093 
72.3 0.0630586 
72.4 0.0627943 
72.5 0.0625162 
72.6 0.062224 
72.7 0.0619177 
72.8 0.0615972 
72.9 0.0612623 
73 0.060913 
73.1 0.0605494 
73.2 0.0601714 
73.3 0.0597791 
73.4 0.0593726 
73.5 0.0589519 
73.6 0.0585174 
73.7 0.058069 
73.8 0.0576071 
73.9 0.0571318 
74 0.0566434 
74.1 0.0561421 
74.2 0.0556282 
74.3 0.0551019 
74.4 0.0545635 
74.5 0.0540133 
74.6 0.0534515 
74.7 0.0528783 
74.8 0.0522941 
74.9 0.0516991 
75 0.0510934 
75.1 0.0504772 
75.2 0.0498509 
75.3 0.0492144 
75.4 0.0485679 
75.5 0.0479116 
75.6 0.0472455 
75.7 0.0465698 
75.8 0.0458844 
75.9 0.0451893 
76 0.0444846 
76.1 0.0437702 
76.2 0.0430462 
76.3 0.0423124 
76.4 0.0415688 
76.5 0.0408153 
76.6 0.0400518 
76.7 0.0392782 
76.8 0.0384946 
76.9 0.0377006 
77 0.0368964 
77.1 0.0360817 
77.2 0.0352566 
77.3 0.0344209 
77.4 0.0335747 
77.5 0.032718 
77.6 0.0318507 
77.7 0.0309729 
77.8 0.0300846 
77.9 0.0291859 
78 0.028277 
78.1 0.0273579 
78.2 0.0264289 
78.3 0.0254901 
78.4 0.0245419 
78.5 0.0235843 
78.6 0.0226178 
78.7 0.0216427 
78.8 0.0206592 
78.9 0.0196678 
79 0.0186689 
79.1 0.0176628 
79.2 0.01665 
79.3 0.0156308 
79.4 0.0146059 
79.5 0.0135756 
79.6 0.0125403 
79.7 0.0115006 
79.8 0.010457 
79.9 0.00940981 
80 0.00835961 
80.1 0.00730682 
80.2 0.0062519 
80.3 0.00519528 
80.4 0.0041374 
80.5 0.00307867 
80.6 0.00201948 
80.7 0.00096023 
80.8 -9.87257e-05 
80.9 -0.00115703 
81 -0.00221436 
81.1 -0.0032704 
81.2 -0.00432484 
81.3 -0.00537742 
81.4 -0.00642786 
81.5 -0.00747592 
81.6 -0.00852137 
81.7 -0.00956399 
81.8 -0.0106036 
81.9 -0.0116399 
82 -0.0126729 
82.1 -0.0137023 
82.2 -0.0147279 
82.3 -0.0157496 
82.4 -0.0167673 
82.5 -0.0177807 
82.6 -0.0187898 
82.7 -0.0197944 
82.8 -0.0207944 
82.9 -0.0217896 
83 -0.0227798 
83.1 -0.023765 
83.2 -0.024745 
83.3 -0.0257195 
83.4 -0.0266886 
83.5 -0.0276519 
83.6 -0.0286094 
83.7 -0.0295609 
83.8 -0.0305061 
83.9 -0.0314451 
84 -0.0323774 
84.1 -0.0333031 
84.2 -0.0342218 
84.3 -0.0351335 
84.4 -0.0360379 
84.5 -0.0369349 
84.6 -0.0378243 
84.7 -0.0387059 
84.8 -0.0395795 
84.9 -0.040445 
85 -0.0413022 
85.1 -0.042151 
85.2 -0.0429911 
85.3 -0.0438225 
85.4 -0.044645 
85.5 -0.0454585 
85.6 -0.0462628 
85.7 -0.0470578 
85.8 -0.0478435 
85.9 -0.0486197 
86 -0.0493863 
86.1 -0.0501433 
86.2 -0.0508906 
86.3 -0.0516282 
86.4 -0.0523559 
86.5 -0.0530738 
86.6 -0.0537818 
86.7 -0.0544799 
86.8 -0.055168 
86.9 -0.0558462 
87 -0.0565145 
87.1 -0.0571729 
87.2 -0.0578213 
87.3 -0.0584599 
87.4 -0.0590886 
87.5 -0.0597075 
87.6 -0.0603165 
87.7 -0.0609158 
87.8 -0.0615054 
87.9 -0.0620854 
88 -0.0626557 
88.1 -0.0632164 
88.2 -0.0637676 
88.3 -0.0643094 
88.4 -0.0648418 
88.5 -0.0653649 
88.6 -0.0658786 
88.7 -0.0663832 
88.8 -0.0668786 
88.9 -0.0673649 
89 -0.0678422 
89.1 -0.0683106 
89.2 -0.06877 
89.3 -0.0692206 
89.4 -0.0696624 
89.5 -0.0700955 
89.6 -0.0705199 
89.7 -0.0709358 
89.8 -0.0713431 
89.9 -0.071742 
90 -0.0721325 
90.1 -0.0725146 
90.2 -0.0728885 
90.3 -0.0732542 
90.4 -0.0736118 
90.5 -0.0739613 
90.6 -0.0743029 
90.7 -0.0746365 
90.8 -0.0749623 
90.9 -0.0752803 
91 -0.0755906 
91.1 -0.0758933 
91.2 -0.0761885 
91.3 -0.0764762 
91.4 -0.0767565 
91.5 -0.0770296 
91.6 -0.0772954 
91.7 -0.0775542 
91.8 -0.0778059 
91.9 -0.0780506 
92 -0.0782885 
92.1 -0.0785196 
92.2 -0.0787441 
92.3 -0.0789619 
92.4 -0.0791733 
92.5 -0.0793783 
92.6 -0.079577 
92.7 -0.0797694 
92.8 -0.0799558 
92.9 -0.0801361 
93 -0.0803105 
93.1 -0.080479 
93.2 -0.0806418 
93.3 -0.080799 
93.4 -0.0809506 
93.5 -0.0810967 
93.6 -0.0812374 
93.7 -0.0813729 
93.8 -0.0815031 
93.9 -0.0816283 
94 -0.0817484 
94.1 -0.0818635 
94.2 -0.0819738 
94.3 -0.0820793 
94.4 -0.08218 
94.5 -0.0822762 
94.6 -0.0823678 
94.7 -0.0824549 
94.8 -0.0825377 
94.9 -0.0826161 
95 -0.0826902 
95.1 -0.0827602 
95.2 -0.082826 
95.3 -0.0828878 
95.4 -0.0829456 
95.5 -0.0829994 
95.6 -0.0830495 
95.7 -0.0830957 
95.8 -0.0831382 
95.9 -0.083177 
96 -0.0832122 
96.1 -0.0832439 
96.2 -0.083272 
96.3 -0.0832967 
96.4 -0.0833181 
96.5 -0.0833361 
96.6 -0.0833508 
96.7 -0.0833623 
96.8 -0.0833707 
96.9 -0.0833759 
97 -0.0833781 
97.1 -0.0833773 
97.2 -0.0833735 
97.3 -0.0833668 
97.4 -0.0833573 
97.5 -0.0833449 
97.6 -0.0833299 
97.7 -0.0833121 
97.8 -0.0832917 
97.9 -0.0832687 
98 -0.0832431 
98.1 -0.083215 
98.2 -0.0831845 
98.3 -0.0831516 
98.4 -0.0831164 
98.5 -0.0830788 
98.6 -0.083039 
98.7 -0.082997 
98.8 -0.0829528 
98.9 -0.0829065 
99 -0.0828581 
99.1 -0.0828077 
99.2 -0.0827554 
99.3 -0.0827011 
99.4 -0.0826449 
99.5 -0.0825868 
99.6 -0.082527 
99.7 -0.0824654 
99.8 -0.0824021 
99.9 -0.0823372 
100 -0.0822705 
100.1 -0.0822023 
100.2 -0.0821326 
100.3 -0.0820613 
100.4 -0.0819885 
100.5 -0.0819143 
100.6 -0.0818387 
100.7 -0.0817617 
100.8 -0.0816833 
100.9 -0.0816037 
101 -0.0815227 
101.1 -0.0814405 
101.2 -0.0813572 
101.3 -0.0812726 
101.4 -0.0811869 
101.5 -0.0811 
101.6 -0.081012 
101.7 -0.080923 
101.8 -0.0808329 
101.9 -0.0807418 
102 -0.0806497 
102.1 -0.0805566 
102.2 -0.0804626 
102.3 -0.0803676 
102.4 -0.0802718 
102.5 -0.080175 
102.6 -0.0800774 
102.7 -0.0799789 
102.8 -0.0798796 
102.9 -0.0797794 
103 -0.0796785 
103.1 -0.0795768 
103.2 -0.0794744 
103.3 -0.0793712 
103.4 -0.0792672 
103.5 -0.0791626 
103.6 -0.0790572 
103.7 -0.0789512 
103.8 -0.0788445 
103.9 -0.0787372 
104 -0.0786292 
104.1 -0.0785206 
104.2 -0.0784114 
104.3 -0.0783015 
104.4 -0.0781911 
104.5 -0.0780801 
104.6 -0.0779685 
104.7 -0.0778564 
104.8 -0.0777438 
104.9 -0.0776306 
105 -0.0775169 
105.1 -0.0774027 
105.2 -0.077288 
105.3 -0.0771729 
105.4 -0.0770572 
105.5 -0.0769411 
105.6 -0.0768246 
105.7 -0.0767076 
105.8 -0.0765902 
105.9 -0.0764724 
106 -0.0763542 
106.1 -0.0762355 
106.2 -0.0761165 
106.3 -0.0759972 
106.4 -0.0758774 
106.5 -0.0757573 
106.6 -0.0756369 
106.7 -0.0755161 
106.8 -0.075395 
106.9 -0.0752736 
107 -0.0751519 
107.1 -0.0750299 
107.2 -0.0749076 
107.3 -0.074785 
107.4 -0.0746622 
107.5 -0.0745391 
107.6 -0.0744157 
107.7 -0.074292 
107.8 -0.0741682 
107.9 -0.074044 
108 -0.0739197 
108.1 -0.0737951 
108.2 -0.0736703 
108.3 -0.0735452 
108.4 -0.07342 
108.5 -0.0732945 
108.6 -0.0731688 
108.7 -0.073043 
108.8 -0.0729169 
108.9 -0.0727906 
109 -0.072664 
109.1 -0.0725373 
109.2 -0.0724104 
109.3 -0.0722833 
109.4 -0.0721559 
109.5 -0.0720284 
109.6 -0.0719006 
109.7 -0.0717726 
109.8 -0.0716444 
109.9 -0.0715159 
110 -0.0713873 
110.1 -0.0712584 
110.2 -0.0711292 
110.3 -0.0709998 
110.4 -0.0708701 
110.5 -0.0707402 
110.6 -0.07061 
110.7 -0.0704795 
110.8 -0.0703487 
110.9 -0.0702176 
111 -0.0700861 
111.1 -0.0699544 
111.2 -0.0698223 
111.3 -0.0696898 
111.4 -0.069557 
111.5 -0.0694238 
111.6 -0.0692902 
111.7 -0.0691562 
111.8 -0.0690218 
111.9 -0.0688869 
112 -0.0687516 
112.1 -0.0686157 
112.2 -0.0684794 
112.3 -0.0683426 
112.4 -0.0682052 
112.5 -0.0680673 
112.6 -0.0679288 
112.7 -0.0677896 
112.8 -0.0676499 
112.9 -0.0675095 
113 -0.0673685 
113.1 -0.0672268 
113.2 -0.0670843 
113.3 -0.0669412 
113.4 -0.0667972 
113.5 -0.0666525 
113.6 -0.0665069 
113.7 -0.0663605 
113.8 -0.0662132 
113.9 -0.066065 
114 -0.0659158 
114.1 -0.0657657 
114.2 -0.0656145 
114.3 -0.0654623 
114.4 -0.0653091 
114.5 -0.0651547 
114.6 -0.0649991 
114.7 -0.0648423 
114.8 -0.0646843 
114.9 -0.064525 
115 -0.0643644 
115.1 -0.0642024 
115.2 -0.0640389 
115.3 -0.063874 
115.4 -0.0637076 
115.5 -0.0635395 
115.6 -0.0633698 
115.7 -0.0631985 
115.8 -0.0630253 
115.9 -0.0628503 
116 -0.0626734 
116.1 -0.0624946 
116.2 -0.0623137 
116.3 -0.0621307 
116.4 -0.0619455 
116.5 -0.0617581 
116.6 -0.0615683 
116.7 -0.061376 
116.8 -0.0611812 
116.9 -0.0609838 
117 -0.0607836 
117.1 -0.0605806 
117.2 -0.0603747 
117.3 -0.0601657 
117.4 -0.0599535 
117.5 -0.059738 
117.6 -0.0595191 
117.7 -0.0592966 
117.8 -0.0590704 
117.9 -0.0588404 
118 -0.0586063 
118.1 -0.0583681 
118.2 -0.0581256 
118.3 -0.0578786 
118.4 -0.0576269 
118.5 -0.0573703 
118.6 -0.0571086 
118.7 -0.0568417 
118.8 -0.0565693 
118.9 -0.0562912 
119 -0.0560071 
119.1 -0.0557169 
119.2 -0.0554202 
119.3 -0.0551168 
119.4 -0.0548063 
119.5 -0.0544886 
119.6 -0.0541633 
119.7 -0.0538301 
119.8 -0.0534886 
119.9 -0.0531385 
120 -0.0527794 
120.1 -0.052411 
120.2 -0.0520327 
120.3 -0.0516443 
120.4 -0.0512452 
120.5 -0.050835 
120.6 -0.0504132 
120.7 -0.0499792 
120.8 -0.0495326 
120.9 -0.0490727 
121 -0.048599 
121.1 -0.0481108 
121.2 -0.0476075 
121.3 -0.0470883 
121.4 -0.0465525 
121.5 -0.0459994 
121.6 -0.0454281 
121.7 -0.0448378 
121.8 -0.0442276 
121.9 -0.0435964 
122 -0.0429433 
122.1 -0.0422673 
122.2 -0.0415672 
122.3 -0.0408417 
122.4 -0.0400897 
122.5 -0.0393099 
122.6 -0.0385007 
122.7 -0.0376608 
122.8 -0.0367885 
122.9 -0.0358822 
123 -0.0349401 
123.1 -0.0339603 
123.2 -0.0329409 
123.3 -0.0318797 
123.4 -0.0307745 
123.5 -0.0296229 
123.6 -0.0284224 
123.7 -0.0271703 
123.8 -0.0258638 
123.9 -0.0244998 
124 -0.0230751 
124.1 -0.0215863 
124.2 -0.0200296 
124.3 -0.0184013 
124.4 -0.0166971 
124.5 -0.0149127 
124.6 -0.0130433 
124.7 -0.0110839 
124.8 -0.00902906 
124.9 -0.00687316 
125 -0.00461005 
125.1 -0.00223322 
125.2 0.000264306 
125.3 0.00288995 
125.4 0.00565165 
125.5 0.00855788 
125.6 0.0116177 
125.7 0.0148407 
125.8 0.0182373 
125.9 0.0218183 
126 0.0255956 
126.1 0.0295816 
126.2 0.0337896 
126.3 0.0382338 
126.4 0.0429292 
126.5 0.0478917 
126.6 0.0531382 
126.7 0.0586865 
126.8 0.0645556 
126.9 0.0707653 
127 0.0773362 
127.1 0.0842902 
127.2 0.0916497 
127.3 0.0994381 
127.4 0.107679 
127.5 0.116398 
127.6 0.125618 
127.7 0.135364 
127.8 0.14566 
127.9 0.156528 
128 0.167991 
128.1 0.180065 
128.2 0.192767 
128.3 0.206108 
128.4 0.220093 
128.5 0.23472 
128.6 0.24998 
128.7 0.265852 
128.8 0.282304 
128.9 0.299291 
129 0.316751 
129.1 0.334606 
129.2 0.352759 
129.3 0.371093 
129.4 0.389473 
129.5 0.407742 
129.6 0.425727 
129.7 0.443239 
129.8 0.460077 
129.9 0.476035 
130 0.490902 
130.1 0.504477 
130.2 0.516571 
130.3 0.527014 
130.4 0.535666 
130.5 0.542418 
130.6 0.547198 
130.7 0.549975 
130.8 0.55076 
130.9 0.549599 
131 0.546577 
131.1 0.541808 
131.2 0.535431 
131.3 0.527605 
131.4 0.518498 
131.5 0.508288 
131.6 0.49715 
131.7 0.485255 
131.8 0.472766 
131.9 0.459836 
132 0.446603 
132.1 0.433191 
132.2 0.419711 
132.3 0.406257 
132.4 0.392911 
132.5 0.379741 
132.6 0.366803 
132.7 0.354141 
132.8 0.341792 
132.9 0.329782 
133 0.318131 
133.1 0.306852 
133.2 0.295954 
133.3 0.285438 
133.4 0.275306 
133.5 0.265553 
133.6 0.256175 
133.7 0.247164 
133.8 0.23851 
133.9 0.230204 
134 0.222234 
134.1 0.21459 
134.2 0.207258 
134.3 0.200228 
134.4 0.193487 
134.5 0.187024 
134.6 0.180827 
134.7 0.174883 
134.8 0.169183 
134.9 0.163715 
135 0.158468 
135.1 0.153434 
135.2 0.148601 
135.3 0.143961 
135.4 0.139505 
135.5 0.135224 
135.6 0.131111 
135.7 0.127157 
135.8 0.123355 
135.9 0.119698 
136 0.116179 
136.1 0.112793 
136.2 0.109532 
136.3 0.106392 
136.4 0.103367 
136.5 0.100452 
136.6 0.0976409 
136.7 0.0949304 
136.8 0.0923156 
136.9 0.0897923 
137 0.0873565 
137.1 0.0850045 
137.2 0.0827326 
137.3 0.0805374 
137.4 0.0784157 
137.5 0.0763644 
137.6 0.0743804 
137.7 0.0724611 
137.8 0.0706038 
137.9 0.068806 
138 0.0670652 
138.1 0.0653791 
138.2 0.0637456 
138.3 0.0621626 
138.4 0.0606281 
138.5 0.0591402 
138.6 0.0576971 
138.7 0.0562972 
138.8 0.0549387 
138.9 0.0536201 
139 0.0523399 
139.1 0.0510967 
139.2 0.0498891 
139.3 0.0487158 
139.4 0.0475756 
139.5 0.0464673 
139.6 0.0453898 
139.7 0.0443419 
139.8 0.0433226 
139.9 0.0423309 
140 0.0413659 
140.1 0.0404266 
140.2 0.0395122 
140.3 0.0386219 
140.4 0.0377547 
140.5 0.03691 
140.6 0.0360871 
140.7 0.0352851 
140.8 0.0345034 
140.9 0.0337414 
141 0.0329984 
141.1 0.0322738 
141.2 0.031567 
141.3 0.0308776 
141.4 0.0302048 
141.5 0.0295483 
141.6 0.0289075 
141.7 0.028282 
141.8 0.0276712 
141.9 0.0270747 
142 0.0264922 
142.1 0.0259232 
142.2 0.0253673 
142.3 0.024824 
142.4 0.0242932 
142.5 0.0237743 
142.6 0.0232671 
142.7 0.0227712 
142.8 0.0222863 
142.9 0.0218121 
143 0.0213483 
143.1 0.0208946 
143.2 0.0204507 
143.3 0.0200164 
143.4 0.0195914 
143.5 0.0191754 
143.6 0.0187683 
143.7 0.0183697 
143.8 0.0179795 
143.9 0.0175975 
144 0.0172233 
144.1 0.0168569 
144.2 0.016498 
144.3 0.0161465 
144.4 0.0158021 
144.5 0.0154646 
144.6 0.015134 
144.7 0.01481 
144.8 0.0144925 
144.9 0.0141812 
145 0.0138761 
145.1 0.0135771 
145.2 0.0132839 
145.3 0.0129964 
145.4 0.0127145 
145.5 0.012438 
145.6 0.0121669 
145.7 0.011901 
145.8 0.0116402 
145.9 0.0113844 
146 0.0111335 
146.1 0.0108872 
146.2 0.0106457 
146.3 0.0104087 
146.4 0.0101761 
146.5 0.00994785 
146.6 0.00972387 
146.7 0.00950405 
146.8 0.00928831 
146.9 0.00907654 
147 0.00886868 
147.1 0.00866463 
147.2 0.00846432 
147.3 0.00826767 
147.4 0.0080746 
147.5 0.00788504 
147.6 0.00769892 
147.7 0.00751617 
147.8 0.00733673 
147.9 0.00716051 
148 0.00698747 
148.1 0.00681754 
148.2 0.00665065 
148.3 0.00648675 
148.4 0.00632577 
148.5 0.00616767 
148.6 0.00601239 
148.7 0.00585986 
148.8 0.00571005 
148.9 0.0055629 
149 0.00541835 
149.1 0.00527637 
149.2 0.00513689 
149.3 0.00499988 
149.4 0.00486529 
149.5 0.00473308 
149.6 0.0046032 
149.7 0.00447561 
149.8 0.00435026 
149.9 0.00422713 
150 0.00410616 
150.1 0.00398732 
150.2 0.00387057 
150.3 0.00375588 
150.4 0.0036432 
150.5 0.00353251 
150.6 0.00342377 
150.7 0.00331694 
150.8 0.00321199 
150.9 0.00310889 
151 0.00300761 
151.1 0.00290811 
151.2 0.00281037 
151.3 0.00271435 
151.4 0.00262003 
151.5 0.00252738 
151.6 0.00243637 
151.7 0.00234697 
151.8 0.00225915 
151.9 0.0021729 
152 0.00208818 
152.1 0.00200496 
152.2 0.00192323 
152.3 0.00184296 
152.4 0.00176412 
152.5 0.00168669 
152.6 0.00161066 
152.7 0.00153598 
152.8 0.00146265 
152.9 0.00139065 
153 0.00131994 
153.1 0.00125052 
153.2 0.00118235 
153.3 0.00111542 
153.4 0.00104972 
153.5 0.00098521 
153.6 0.000921884 
153.7 0.000859721 
153.8 0.000798702 
153.9 0.00073881 
154 0.000680026 
154.1 0.000622333 
154.2 0.000565715 
154.3 0.000510154 
154.4 0.000455634 
154.5 0.000402139 
154.6 0.000349653 
154.7 0.000298161 
154.8 0.000247647 
154.9 0.000198096 
155 0.000149493 
155.1 0.000101824 
155.2 5.50747e-05 
155.3 9.23099e-06 
155.4 -3.57209e-05 
155.5 -7.97946e-05 
155.6 -0.000123003 
155.7 -0.00016536 
155.8 -0.000206878 
155.9 -0.000247569 
156 -0.000287447 
156.1 -0.000326522 
156.2 -0.000364808 
156.3 -0.000402316 
156.4 -0.000439057 
156.5 -0.000475044 
156.6 -0.000510286 
156.7 -0.000544796 
156.8 -0.000578584 
156.9 -0.000611661 
157 -0.000644036 
157.1 -0.000675721 
157.2 -0.000706726 
157.3 -0.000737061 
157.4 -0.000766734 
157.5 -0.000795757 
157.6 -0.000824138 
157.7 -0.000851886 
157.8 -0.000879012 
157.9 -0.000905524 
158 -0.00093143 
158.1 -0.00095674 
158.2 -0.000981461 
158.3 -0.0010056 
158.4 -0.00102917 
158.5 -0.00105218 
158.6 -0.00107464 
158.7 -0.00109654 
158.8 -0.00111791 
158.9 -0.00113874 
159 -0.00115905 
159.1 -0.00117885 
159.2 -0.00119813 
159.3 -0.00121691 
159.4 -0.0012352 
159.5 -0.001253 
159.6 -0.00127031 
159.7 -0.00128715 
159.8 -0.00130353 
159.9 -0.00131944 
160 -0.00133489 
160.1 -0.0013499 
160.2 -0.00136446 
160.3 -0.00137859 
160.4 -0.00139228 
160.5 -0.00140555 
160.6 -0.0014184 
160.7 -0.00143084 
160.8 -0.00144287 
160.9 -0.0014545 
161 -0.00146573 
161.1 -0.00147657 
161.2 -0.00148702 
161.3 -0.00149709 
161.4 -0.00150679 
161.5 -0.00151611 
161.6 -0.00152507 
161.7 -0.00153367 
161.8 -0.00154191 
161.9 -0.0015498 
162 -0.00155734 
162.1 -0.00156455 
162.2 -0.00157141 
162.3 -0.00157794 
162.4 -0.00158414 
162.5 -0.00159001 
162.6 -0.00159557 
162.7 -0.00160081 
162.8 -0.00160574 
162.9 -0.00161036 
163 -0.00161467 
163.1 -0.00161869 
163.2 -0.00162241 
163.3 -0.00162583 
163.4 -0.00162897 
163.5 -0.00163182 
163.6 -0.00163439 
163.7 -0.00163669 
163.8 -0.00163871 
163.9 -0.00164046 
164 -0.00164194 
164.1 -0.00164316 
164.2 -0.00164412 
164.3 -0.00164482 
164.4 -0.00164527 
164.5 -0.00164547 
164.6 -0.00164542 
164.7 -0.00164512 
164.8 -0.00164459 
164.9 -0.00164382 
165 -0.00164281 
165.1 -0.00164157 
165.2 -0.0016401 
165.3 -0.0016384 
165.4 -0.00163649 
165.5 -0.00163435 
165.6 -0.00163199 
165.7 -0.00162942 
165.8 -0.00162663 
165.9 -0.00162364 
166 -0.00162044 
166.1 -0.00161703 
166.2 -0.00161343 
166.3 -0.00160962 
166.4 -0.00160562 
166.5 -0.00160142 
166.6 -0.00159703 
166.7 -0.00159245 
166.8 -0.00158768 
166.9 -0.00158273 
167 -0.0015776 
167.1 -0.00157229 
167.2 -0.0015668 
167.3 -0.00156113 
167.4 -0.00155529 
167.5 -0.00154928 
167.6 -0.0015431 
167.7 -0.00153675 
167.8 -0.00153024 
167.9 -0.00152357 
168 -0.00151673 
168.1 -0.00150974 
168.2 -0.00150259 
168.3 -0.00149529 
168.4 -0.00148783 
168.5 -0.00148022 
168.6 -0.00147247 
168.7 -0.00146456 
168.8 -0.00145652 
168.9 -0.00144833 
169 -0.00143999 
169.1 -0.00143152 
169.2 -0.00142292 
169.3 -0.00141417 
169.4 -0.00140529 
169.5 -0.00139629 
169.6 -0.00138715 
169.7 -0.00137788 
169.8 -0.00136848 
169.9 -0.00135896 
170 -0.00134932 
170.1 -0.00133955 
170.2 -0.00132967 
170.3 -0.00131966 
170.4 -0.00130954 
170.5 -0.0012993 
170.6 -0.00128895 
170.7 -0.00127849 
170.8 -0.00126792 
170.9 -0.00125723 
171 -0.00124644 
171.1 -0.00123555 
171.2 -0.00122455 
171.3 -0.00121344 
171.4 -0.00120224 
171.5 -0.00119094 
171.6 -0.00117953 
171.7 -0.00116803 
171.8 -0.00115644 
171.9 -0.00114474 
172 -0.00113296 
172.1 -0.00112109 
172.2 -0.00110912 
172.3 -0.00109707 
172.4 -0.00108493 
172.5 -0.0010727 
172.6 -0.00106039 
172.7 -0.001048 
172.8 -0.00103552 
172.9 -0.00102296 
173 -0.00101033 
173.1 -0.000997613 
173.2 -0.000984823 
173.3 -0.000971957 
173.4 -0.000959017 
173.5 -0.000946004 
173.6 -0.00093292 
173.7 -0.000919766 
173.8 -0.000906542 
173.9 -0.000893251 
174 -0.000879894 
174.1 -0.000866471 
174.2 -0.000852984 
174.3 -0.000839434 
174.4 -0.000825822 
174.5 -0.00081215 
174.6 -0.000798419 
174.7 -0.00078463 
174.8 -0.000770784 
174.9 -0.000756882 
175 -0.000742926 
175.1 -0.000728916 
175.2 -0.000714854 
175.3 -0.000700741 
175.4 -0.000686578 
175.5 -0.000672366 
175.6 -0.000658107 
175.7 -0.000643801 
175.8 -0.000629449 
175.9 -0.000615054 
176 -0.000600615 
176.1 -0.000586134 
176.2 -0.000571612 
176.3 -0.000557051 
176.4 -0.00054245 
176.5 -0.000527812 
176.6 -0.000513137 
176.7 -0.000498427 
176.8 -0.000483682 
176.9 -0.000468904 
177 -0.000454094 
177.1 -0.000439253 
177.2 -0.000424381 
177.3 -0.00040948 
177.4 -0.000394552 
177.5 -0.000379596 
177.6 -0.000364615 
177.7 -0.000349608 
177.8 -0.000334578 
177.9 -0.000319525 
178 -0.00030445 
178.1 -0.000289355 
178.2 -0.00027424 
178.3 -0.000259107 
178.4 -0.000243956 
178.5 -0.000228788 
178.6 -0.000213605 
178.7 -0.000198408 
178.8 -0.000183197 
178.9 -0.000167974 
179 -0.00015274 
179.1 -0.000137495 
179.2 -0.000122241 
179.3 -0.000106979 
179.4 -9.17097e-05 
179.5 -7.64342e-05 
179.6 -6.11535e-05 
179.7 -4.58687e-05 
179.8 -3.05809e-05 
179.9 -1.52909e-05 
